 -0.0108206
 -0.0108206
 -0.0108206
 -0.0108206
 -0.0108206
 -0.0108206
 -0.0108206
 -0.0108206
 -0.0108206
 -0.0108206
 -0.0108206
 -0.0108206
 -0.0108206
 -0.0108206
 -0.0108206
 -0.0108206
 -0.0108206
 -0.0108206
 -0.0108206
 -0.0108206
 -0.0108206
 -0.0108206
 -0.0108206
 -0.0108206
 -0.0108206
 -0.0108206
 -0.0108206
 -0.0108206
 -0.0108206
 -0.0108206
 -0.0108206
 -0.0108206
 -0.0108206
 -0.0108206
 -0.0108206
 -0.0108206
 -0.0108206
 -0.0108206
 -0.0108206
 -0.0108206
 -0.0113264
 -0.0113264
 -0.0113264
 -0.0113264
 -0.0113264
 -0.0113265
 -0.0113264
 -0.0113264
 -0.0113264
 -0.0113264
 -0.0113264
 -0.0113264
 -0.0113264
 -0.0113264
 -0.0113264
 -0.0113265
 -0.0113264
 -0.0113264
 -0.0113264
 -0.0113264
 -0.0113264
 -0.0113264
 -0.0113264
 -0.0113264
 -0.0113264
 -0.0113265
 -0.0113264
 -0.0113264
 -0.0113264
 -0.0113264
 -0.0113264
 -0.0113264
 -0.0113264
 -0.0113264
 -0.0113264
 -0.0113265
 -0.0113264
 -0.0113264
 -0.0113264
 -0.0113264
 -0.0115517
 -0.0115518
 -0.0115517
 -0.0115518
 -0.0115518
 -0.0115518
 -0.0115518
 -0.0115518
 -0.0115517
 -0.0115518
 -0.0115517
 -0.0115518
 -0.0115517
 -0.0115518
 -0.0115518
 -0.0115518
 -0.0115518
 -0.0115518
 -0.0115517
 -0.0115518
 -0.0115517
 -0.0115518
 -0.0115517
 -0.0115518
 -0.0115518
 -0.0115518
 -0.0115518
 -0.0115518
 -0.0115517
 -0.0115518
 -0.0115517
 -0.0115518
 -0.0115517
 -0.0115518
 -0.0115518
 -0.0115518
 -0.0115518
 -0.0115518
 -0.0115517
 -0.0115518
 -0.0112549
 -0.0112549
 -0.0112549
 -0.0112549
 -0.0112549
 -0.0112549
 -0.0112549
 -0.0112549
 -0.0112549
 -0.0112549
 -0.0112549
 -0.0112549
 -0.0112549
 -0.0112549
 -0.0112549
 -0.0112549
 -0.0112549
 -0.0112549
 -0.0112549
 -0.0112549
 -0.0112549
 -0.0112549
 -0.0112549
 -0.0112549
 -0.0112549
 -0.0112549
 -0.0112549
 -0.0112549
 -0.0112549
 -0.0112549
 -0.0112549
 -0.0112549
 -0.0112549
 -0.0112549
 -0.0112549
 -0.0112549
 -0.0112549
 -0.0112549
 -0.0112549
 -0.0112549
 -0.0100299
   -0.01003
 -0.0100299
   -0.01003
   -0.01003
   -0.01003
   -0.01003
   -0.01003
 -0.0100299
   -0.01003
 -0.0100299
   -0.01003
 -0.0100299
   -0.01003
   -0.01003
   -0.01003
   -0.01003
   -0.01003
 -0.0100299
   -0.01003
 -0.0100299
   -0.01003
 -0.0100299
   -0.01003
   -0.01003
   -0.01003
   -0.01003
   -0.01003
 -0.0100299
   -0.01003
 -0.0100299
   -0.01003
 -0.0100299
   -0.01003
   -0.01003
   -0.01003
   -0.01003
   -0.01003
 -0.0100299
   -0.01003
-0.00721443
-0.00721449
-0.00721441
-0.00721445
-0.00721447
 -0.0072145
-0.00721447
-0.00721445
-0.00721441
-0.00721449
-0.00721443
-0.00721449
-0.00721441
-0.00721445
-0.00721447
 -0.0072145
-0.00721447
-0.00721445
-0.00721441
-0.00721449
-0.00721443
-0.00721449
-0.00721441
-0.00721445
-0.00721447
 -0.0072145
-0.00721447
-0.00721445
-0.00721441
-0.00721449
-0.00721443
-0.00721449
-0.00721441
-0.00721445
-0.00721447
 -0.0072145
-0.00721447
-0.00721445
-0.00721441
-0.00721449
 -0.0017945
-0.00179456
-0.00179447
-0.00179451
-0.00179453
-0.00179457
-0.00179453
-0.00179451
-0.00179447
-0.00179456
 -0.0017945
-0.00179456
-0.00179447
-0.00179451
-0.00179453
-0.00179457
-0.00179453
-0.00179451
-0.00179447
-0.00179456
 -0.0017945
-0.00179456
-0.00179447
-0.00179451
-0.00179453
-0.00179457
-0.00179453
-0.00179451
-0.00179447
-0.00179456
 -0.0017945
-0.00179456
-0.00179447
-0.00179451
-0.00179453
-0.00179457
-0.00179453
-0.00179451
-0.00179447
-0.00179456
 0.00757459
 0.00757454
 0.00757461
 0.00757458
 0.00757456
 0.00757453
 0.00757456
 0.00757458
 0.00757461
 0.00757454
 0.00757459
 0.00757454
 0.00757461
 0.00757458
 0.00757456
 0.00757453
 0.00757456
 0.00757458
 0.00757461
 0.00757454
 0.00757459
 0.00757454
 0.00757461
 0.00757458
 0.00757456
 0.00757453
 0.00757456
 0.00757458
 0.00757461
 0.00757454
 0.00757459
 0.00757454
 0.00757461
 0.00757458
 0.00757456
 0.00757453
 0.00757456
 0.00757458
 0.00757461
 0.00757454
  0.0221098
  0.0221098
  0.0221098
  0.0221098
  0.0221098
  0.0221098
  0.0221098
  0.0221098
  0.0221098
  0.0221098
  0.0221098
  0.0221098
  0.0221098
  0.0221098
  0.0221098
  0.0221098
  0.0221098
  0.0221098
  0.0221098
  0.0221098
  0.0221098
  0.0221098
  0.0221098
  0.0221098
  0.0221098
  0.0221098
  0.0221098
  0.0221098
  0.0221098
  0.0221098
  0.0221098
  0.0221098
  0.0221098
  0.0221098
  0.0221098
  0.0221098
  0.0221098
  0.0221098
  0.0221098
  0.0221098
  0.0415263
  0.0415264
  0.0415263
  0.0415263
  0.0415264
  0.0415264
  0.0415264
  0.0415263
  0.0415263
  0.0415264
  0.0415263
  0.0415264
  0.0415263
  0.0415263
  0.0415264
  0.0415264
  0.0415264
  0.0415263
  0.0415263
  0.0415264
  0.0415263
  0.0415264
  0.0415263
  0.0415263
  0.0415264
  0.0415264
  0.0415264
  0.0415263
  0.0415263
  0.0415264
  0.0415263
  0.0415264
  0.0415263
  0.0415263
  0.0415264
  0.0415264
  0.0415264
  0.0415263
  0.0415263
  0.0415264
  0.0619623
  0.0619625
  0.0619622
  0.0619624
  0.0619624
  0.0619625
  0.0619624
  0.0619624
  0.0619622
  0.0619625
  0.0619623
  0.0619625
  0.0619622
  0.0619624
  0.0619624
  0.0619625
  0.0619624
  0.0619624
  0.0619622
  0.0619625
  0.0619623
  0.0619625
  0.0619622
  0.0619624
  0.0619624
  0.0619625
  0.0619624
  0.0619624
  0.0619622
  0.0619625
  0.0619623
  0.0619625
  0.0619622
  0.0619624
  0.0619624
  0.0619625
  0.0619624
  0.0619624
  0.0619622
  0.0619625
  0.0756877
   0.075688
  0.0756876
  0.0756878
  0.0756879
   0.075688
  0.0756879
  0.0756878
  0.0756876
   0.075688
  0.0756877
   0.075688
  0.0756876
  0.0756878
  0.0756879
   0.075688
  0.0756879
  0.0756878
  0.0756876
   0.075688
  0.0756877
   0.075688
  0.0756876
  0.0756878
  0.0756879
   0.075688
  0.0756879
  0.0756878
  0.0756876
   0.075688
  0.0756877
   0.075688
  0.0756876
  0.0756878
  0.0756879
   0.075688
  0.0756879
  0.0756878
  0.0756876
   0.075688
  0.0756877
   0.075688
  0.0756876
  0.0756878
  0.0756879
   0.075688
  0.0756879
  0.0756878
  0.0756876
   0.075688
  0.0756877
   0.075688
  0.0756876
  0.0756878
  0.0756879
   0.075688
  0.0756879
  0.0756878
  0.0756876
   0.075688
  0.0756877
   0.075688
  0.0756876
  0.0756878
  0.0756879
   0.075688
  0.0756879
  0.0756878
  0.0756876
   0.075688
  0.0756877
   0.075688
  0.0756876
  0.0756878
  0.0756879
   0.075688
  0.0756879
  0.0756878
  0.0756876
   0.075688
  0.0619623
  0.0619625
  0.0619622
  0.0619624
  0.0619624
  0.0619625
  0.0619624
  0.0619624
  0.0619622
  0.0619625
  0.0619623
  0.0619625
  0.0619622
  0.0619624
  0.0619624
  0.0619625
  0.0619624
  0.0619624
  0.0619622
  0.0619625
  0.0619623
  0.0619625
  0.0619622
  0.0619624
  0.0619624
  0.0619625
  0.0619624
  0.0619624
  0.0619622
  0.0619625
  0.0619623
  0.0619625
  0.0619622
  0.0619624
  0.0619624
  0.0619625
  0.0619624
  0.0619624
  0.0619622
  0.0619625
  0.0415263
  0.0415264
  0.0415263
  0.0415263
  0.0415264
  0.0415264
  0.0415264
  0.0415263
  0.0415263
  0.0415264
  0.0415263
  0.0415264
  0.0415263
  0.0415263
  0.0415264
  0.0415264
  0.0415264
  0.0415263
  0.0415263
  0.0415264
  0.0415263
  0.0415264
  0.0415263
  0.0415263
  0.0415264
  0.0415264
  0.0415264
  0.0415263
  0.0415263
  0.0415264
  0.0415263
  0.0415264
  0.0415263
  0.0415263
  0.0415264
  0.0415264
  0.0415264
  0.0415263
  0.0415263
  0.0415264
  0.0221098
  0.0221098
  0.0221098
  0.0221098
  0.0221098
  0.0221098
  0.0221098
  0.0221098
  0.0221098
  0.0221098
  0.0221098
  0.0221098
  0.0221098
  0.0221098
  0.0221098
  0.0221098
  0.0221098
  0.0221098
  0.0221098
  0.0221098
  0.0221098
  0.0221098
  0.0221098
  0.0221098
  0.0221098
  0.0221098
  0.0221098
  0.0221098
  0.0221098
  0.0221098
  0.0221098
  0.0221098
  0.0221098
  0.0221098
  0.0221098
  0.0221098
  0.0221098
  0.0221098
  0.0221098
  0.0221098
 0.00757459
 0.00757454
 0.00757461
 0.00757458
 0.00757456
 0.00757453
 0.00757456
 0.00757458
 0.00757461
 0.00757454
 0.00757459
 0.00757454
 0.00757461
 0.00757458
 0.00757456
 0.00757453
 0.00757456
 0.00757458
 0.00757461
 0.00757454
 0.00757459
 0.00757454
 0.00757461
 0.00757458
 0.00757456
 0.00757453
 0.00757456
 0.00757458
 0.00757461
 0.00757454
 0.00757459
 0.00757454
 0.00757461
 0.00757458
 0.00757456
 0.00757453
 0.00757456
 0.00757458
 0.00757461
 0.00757454
 -0.0017945
-0.00179456
-0.00179447
-0.00179451
-0.00179453
-0.00179457
-0.00179453
-0.00179451
-0.00179447
-0.00179456
 -0.0017945
-0.00179456
-0.00179447
-0.00179451
-0.00179453
-0.00179457
-0.00179453
-0.00179451
-0.00179447
-0.00179456
 -0.0017945
-0.00179456
-0.00179447
-0.00179451
-0.00179453
-0.00179457
-0.00179453
-0.00179451
-0.00179447
-0.00179456
 -0.0017945
-0.00179456
-0.00179447
-0.00179451
-0.00179453
-0.00179457
-0.00179453
-0.00179451
-0.00179447
-0.00179456
-0.00721443
-0.00721449
-0.00721441
-0.00721445
-0.00721447
 -0.0072145
-0.00721447
-0.00721445
-0.00721441
-0.00721449
-0.00721443
-0.00721449
-0.00721441
-0.00721445
-0.00721447
 -0.0072145
-0.00721447
-0.00721445
-0.00721441
-0.00721449
-0.00721443
-0.00721449
-0.00721441
-0.00721445
-0.00721447
 -0.0072145
-0.00721447
-0.00721445
-0.00721441
-0.00721449
-0.00721443
-0.00721449
-0.00721441
-0.00721445
-0.00721447
 -0.0072145
-0.00721447
-0.00721445
-0.00721441
-0.00721449
 -0.0100299
   -0.01003
 -0.0100299
   -0.01003
   -0.01003
   -0.01003
   -0.01003
   -0.01003
 -0.0100299
   -0.01003
 -0.0100299
   -0.01003
 -0.0100299
   -0.01003
   -0.01003
   -0.01003
   -0.01003
   -0.01003
 -0.0100299
   -0.01003
 -0.0100299
   -0.01003
 -0.0100299
   -0.01003
   -0.01003
   -0.01003
   -0.01003
   -0.01003
 -0.0100299
   -0.01003
 -0.0100299
   -0.01003
 -0.0100299
   -0.01003
   -0.01003
   -0.01003
   -0.01003
   -0.01003
 -0.0100299
   -0.01003
 -0.0112549
 -0.0112549
 -0.0112549
 -0.0112549
 -0.0112549
 -0.0112549
 -0.0112549
 -0.0112549
 -0.0112549
 -0.0112549
 -0.0112549
 -0.0112549
 -0.0112549
 -0.0112549
 -0.0112549
 -0.0112549
 -0.0112549
 -0.0112549
 -0.0112549
 -0.0112549
 -0.0112549
 -0.0112549
 -0.0112549
 -0.0112549
 -0.0112549
 -0.0112549
 -0.0112549
 -0.0112549
 -0.0112549
 -0.0112549
 -0.0112549
 -0.0112549
 -0.0112549
 -0.0112549
 -0.0112549
 -0.0112549
 -0.0112549
 -0.0112549
 -0.0112549
 -0.0112549
 -0.0115517
 -0.0115518
 -0.0115517
 -0.0115518
 -0.0115518
 -0.0115518
 -0.0115518
 -0.0115518
 -0.0115517
 -0.0115518
 -0.0115517
 -0.0115518
 -0.0115517
 -0.0115518
 -0.0115518
 -0.0115518
 -0.0115518
 -0.0115518
 -0.0115517
 -0.0115518
 -0.0115517
 -0.0115518
 -0.0115517
 -0.0115518
 -0.0115518
 -0.0115518
 -0.0115518
 -0.0115518
 -0.0115517
 -0.0115518
 -0.0115517
 -0.0115518
 -0.0115517
 -0.0115518
 -0.0115518
 -0.0115518
 -0.0115518
 -0.0115518
 -0.0115517
 -0.0115518
 -0.0113264
 -0.0113264
 -0.0113264
 -0.0113264
 -0.0113264
 -0.0113265
 -0.0113264
 -0.0113264
 -0.0113264
 -0.0113264
 -0.0113264
 -0.0113264
 -0.0113264
 -0.0113264
 -0.0113264
 -0.0113265
 -0.0113264
 -0.0113264
 -0.0113264
 -0.0113264
 -0.0113264
 -0.0113264
 -0.0113264
 -0.0113264
 -0.0113264
 -0.0113265
 -0.0113264
 -0.0113264
 -0.0113264
 -0.0113264
 -0.0113264
 -0.0113264
 -0.0113264
 -0.0113264
 -0.0113264
 -0.0113265
 -0.0113264
 -0.0113264
 -0.0113264
 -0.0113264
 -0.0108206
 -0.0108206
 -0.0108206
 -0.0108206
 -0.0108206
 -0.0108206
 -0.0108206
 -0.0108206
 -0.0108206
 -0.0108206
 -0.0108206
 -0.0108206
 -0.0108206
 -0.0108206
 -0.0108206
 -0.0108206
 -0.0108206
 -0.0108206
 -0.0108206
 -0.0108206
 -0.0108206
 -0.0108206
 -0.0108206
 -0.0108206
 -0.0108206
 -0.0108206
 -0.0108206
 -0.0108206
 -0.0108206
 -0.0108206
 -0.0108206
 -0.0108206
 -0.0108206
 -0.0108206
 -0.0108206
 -0.0108206
 -0.0108206
 -0.0108206
 -0.0108206
 -0.0108206
