-0.00445847
-0.00360699
-0.00137775
 0.00137774
 0.00360696
 0.00445846
 0.00360696
 0.00137774
-0.00137775
-0.00360699
-0.00445847
-0.00360699
-0.00137775
 0.00137774
 0.00360696
 0.00445846
 0.00360696
 0.00137774
-0.00137775
-0.00360699
-0.00445847
-0.00360699
-0.00137775
 0.00137774
 0.00360696
 0.00445846
 0.00360696
 0.00137774
-0.00137775
-0.00360699
-0.00445847
-0.00360699
-0.00137775
 0.00137774
 0.00360696
 0.00445846
 0.00360696
 0.00137774
-0.00137775
-0.00360699
-0.00690488
-0.00558618
-0.00213373
 0.00213373
 0.00558615
 0.00690488
 0.00558615
 0.00213373
-0.00213373
-0.00558618
-0.00690488
-0.00558618
-0.00213373
 0.00213373
 0.00558615
 0.00690488
 0.00558615
 0.00213373
-0.00213373
-0.00558618
-0.00690488
-0.00558618
-0.00213373
 0.00213373
 0.00558615
 0.00690488
 0.00558615
 0.00213373
-0.00213373
-0.00558618
-0.00690488
-0.00558618
-0.00213373
 0.00213373
 0.00558615
 0.00690488
 0.00558615
 0.00213373
-0.00213373
-0.00558618
 -0.0105842
-0.00856281
 -0.0032707
  0.0032707
 0.00856276
  0.0105842
 0.00856276
  0.0032707
 -0.0032707
-0.00856281
 -0.0105842
-0.00856281
 -0.0032707
  0.0032707
 0.00856276
  0.0105842
 0.00856276
  0.0032707
 -0.0032707
-0.00856281
 -0.0105842
-0.00856281
 -0.0032707
  0.0032707
 0.00856276
  0.0105842
 0.00856276
  0.0032707
 -0.0032707
-0.00856281
 -0.0105842
-0.00856281
 -0.0032707
  0.0032707
 0.00856276
  0.0105842
 0.00856276
  0.0032707
 -0.0032707
-0.00856281
  -0.015909
 -0.0128707
-0.00491617
 0.00491618
  0.0128707
  0.0159091
  0.0128707
 0.00491618
-0.00491617
 -0.0128707
  -0.015909
 -0.0128707
-0.00491617
 0.00491618
  0.0128707
  0.0159091
  0.0128707
 0.00491618
-0.00491617
 -0.0128707
  -0.015909
 -0.0128707
-0.00491617
 0.00491618
  0.0128707
  0.0159091
  0.0128707
 0.00491618
-0.00491617
 -0.0128707
  -0.015909
 -0.0128707
-0.00491617
 0.00491618
  0.0128707
  0.0159091
  0.0128707
 0.00491618
-0.00491617
 -0.0128707
 -0.0231104
 -0.0186968
-0.00714153
 0.00714156
  0.0186967
  0.0231105
  0.0186967
 0.00714156
-0.00714153
 -0.0186968
 -0.0231104
 -0.0186968
-0.00714153
 0.00714156
  0.0186967
  0.0231105
  0.0186967
 0.00714156
-0.00714153
 -0.0186968
 -0.0231104
 -0.0186968
-0.00714153
 0.00714156
  0.0186967
  0.0231105
  0.0186967
 0.00714156
-0.00714153
 -0.0186968
 -0.0231104
 -0.0186968
-0.00714153
 0.00714156
  0.0186967
  0.0231105
  0.0186967
 0.00714156
-0.00714153
 -0.0186968
 -0.0316801
 -0.0256299
 -0.0097897
 0.00978976
  0.0256298
  0.0316803
  0.0256298
 0.00978976
 -0.0097897
 -0.0256299
 -0.0316801
 -0.0256299
 -0.0097897
 0.00978976
  0.0256298
  0.0316803
  0.0256298
 0.00978976
 -0.0097897
 -0.0256299
 -0.0316801
 -0.0256299
 -0.0097897
 0.00978976
  0.0256298
  0.0316803
  0.0256298
 0.00978976
 -0.0097897
 -0.0256299
 -0.0316801
 -0.0256299
 -0.0097897
 0.00978976
  0.0256298
  0.0316803
  0.0256298
 0.00978976
 -0.0097897
 -0.0256299
 -0.0392543
 -0.0317576
 -0.0121302
  0.0121303
  0.0317574
  0.0392545
  0.0317574
  0.0121303
 -0.0121302
 -0.0317576
 -0.0392543
 -0.0317576
 -0.0121302
  0.0121303
  0.0317574
  0.0392545
  0.0317574
  0.0121303
 -0.0121302
 -0.0317576
 -0.0392543
 -0.0317576
 -0.0121302
  0.0121303
  0.0317574
  0.0392545
  0.0317574
  0.0121303
 -0.0121302
 -0.0317576
 -0.0392543
 -0.0317576
 -0.0121302
  0.0121303
  0.0317574
  0.0392545
  0.0317574
  0.0121303
 -0.0121302
 -0.0317576
  -0.040081
 -0.0324265
 -0.0123857
  0.0123858
  0.0324263
  0.0400814
  0.0324263
  0.0123858
 -0.0123857
 -0.0324265
  -0.040081
 -0.0324265
 -0.0123857
  0.0123858
  0.0324263
  0.0400814
  0.0324263
  0.0123858
 -0.0123857
 -0.0324265
  -0.040081
 -0.0324265
 -0.0123857
  0.0123858
  0.0324263
  0.0400814
  0.0324263
  0.0123858
 -0.0123857
 -0.0324265
  -0.040081
 -0.0324265
 -0.0123857
  0.0123858
  0.0324263
  0.0400814
  0.0324263
  0.0123858
 -0.0123857
 -0.0324265
 -0.0246895
 -0.0199745
-0.00762945
 0.00762956
  0.0199744
  0.0246898
  0.0199744
 0.00762956
-0.00762945
 -0.0199745
 -0.0246895
 -0.0199745
-0.00762945
 0.00762956
  0.0199744
  0.0246898
  0.0199744
 0.00762956
-0.00762945
 -0.0199745
 -0.0246895
 -0.0199745
-0.00762945
 0.00762956
  0.0199744
  0.0246898
  0.0199744
 0.00762956
-0.00762945
 -0.0199745
 -0.0246895
 -0.0199745
-0.00762945
 0.00762956
  0.0199744
  0.0246898
  0.0199744
 0.00762956
-0.00762945
 -0.0199745
  0.0149883
  0.0121258
 0.00463168
-0.00463162
 -0.0121257
 -0.0149882
 -0.0121257
-0.00463162
 0.00463168
  0.0121258
  0.0149883
  0.0121258
 0.00463168
-0.00463162
 -0.0121257
 -0.0149882
 -0.0121257
-0.00463162
 0.00463168
  0.0121258
  0.0149883
  0.0121258
 0.00463168
-0.00463162
 -0.0121257
 -0.0149882
 -0.0121257
-0.00463162
 0.00463168
  0.0121258
  0.0149883
  0.0121258
 0.00463168
-0.00463162
 -0.0121257
 -0.0149882
 -0.0121257
-0.00463162
 0.00463168
  0.0121258
  0.0723629
  0.0585432
  0.0223614
 -0.0223615
 -0.0585428
 -0.0723632
 -0.0585428
 -0.0223615
  0.0223614
  0.0585432
  0.0723629
  0.0585432
  0.0223614
 -0.0223615
 -0.0585428
 -0.0723632
 -0.0585428
 -0.0223615
  0.0223614
  0.0585432
  0.0723629
  0.0585432
  0.0223614
 -0.0223615
 -0.0585428
 -0.0723632
 -0.0585428
 -0.0223615
  0.0223614
  0.0585432
  0.0723629
  0.0585432
  0.0223614
 -0.0223615
 -0.0585428
 -0.0723632
 -0.0585428
 -0.0223615
  0.0223614
  0.0585432
   0.117522
   0.095078
  0.0363163
 -0.0363165
 -0.0950774
  -0.117523
 -0.0950774
 -0.0363165
  0.0363163
   0.095078
   0.117522
   0.095078
  0.0363163
 -0.0363165
 -0.0950774
  -0.117523
 -0.0950774
 -0.0363165
  0.0363163
   0.095078
   0.117522
   0.095078
  0.0363163
 -0.0363165
 -0.0950774
  -0.117523
 -0.0950774
 -0.0363165
  0.0363163
   0.095078
   0.117522
   0.095078
  0.0363163
 -0.0363165
 -0.0950774
  -0.117523
 -0.0950774
 -0.0363165
  0.0363163
   0.095078
   0.117522
   0.095078
  0.0363163
 -0.0363165
 -0.0950774
  -0.117523
 -0.0950774
 -0.0363165
  0.0363163
   0.095078
   0.117522
   0.095078
  0.0363163
 -0.0363165
 -0.0950774
  -0.117523
 -0.0950774
 -0.0363165
  0.0363163
   0.095078
   0.117522
   0.095078
  0.0363163
 -0.0363165
 -0.0950774
  -0.117523
 -0.0950774
 -0.0363165
  0.0363163
   0.095078
   0.117522
   0.095078
  0.0363163
 -0.0363165
 -0.0950774
  -0.117523
 -0.0950774
 -0.0363165
  0.0363163
   0.095078
  0.0723629
  0.0585432
  0.0223614
 -0.0223615
 -0.0585428
 -0.0723632
 -0.0585428
 -0.0223615
  0.0223614
  0.0585432
  0.0723629
  0.0585432
  0.0223614
 -0.0223615
 -0.0585428
 -0.0723632
 -0.0585428
 -0.0223615
  0.0223614
  0.0585432
  0.0723629
  0.0585432
  0.0223614
 -0.0223615
 -0.0585428
 -0.0723632
 -0.0585428
 -0.0223615
  0.0223614
  0.0585432
  0.0723629
  0.0585432
  0.0223614
 -0.0223615
 -0.0585428
 -0.0723632
 -0.0585428
 -0.0223615
  0.0223614
  0.0585432
  0.0149883
  0.0121258
 0.00463168
-0.00463162
 -0.0121257
 -0.0149882
 -0.0121257
-0.00463162
 0.00463168
  0.0121258
  0.0149883
  0.0121258
 0.00463168
-0.00463162
 -0.0121257
 -0.0149882
 -0.0121257
-0.00463162
 0.00463168
  0.0121258
  0.0149883
  0.0121258
 0.00463168
-0.00463162
 -0.0121257
 -0.0149882
 -0.0121257
-0.00463162
 0.00463168
  0.0121258
  0.0149883
  0.0121258
 0.00463168
-0.00463162
 -0.0121257
 -0.0149882
 -0.0121257
-0.00463162
 0.00463168
  0.0121258
 -0.0246895
 -0.0199745
-0.00762945
 0.00762956
  0.0199744
  0.0246898
  0.0199744
 0.00762956
-0.00762945
 -0.0199745
 -0.0246895
 -0.0199745
-0.00762945
 0.00762956
  0.0199744
  0.0246898
  0.0199744
 0.00762956
-0.00762945
 -0.0199745
 -0.0246895
 -0.0199745
-0.00762945
 0.00762956
  0.0199744
  0.0246898
  0.0199744
 0.00762956
-0.00762945
 -0.0199745
 -0.0246895
 -0.0199745
-0.00762945
 0.00762956
  0.0199744
  0.0246898
  0.0199744
 0.00762956
-0.00762945
 -0.0199745
  -0.040081
 -0.0324265
 -0.0123857
  0.0123858
  0.0324263
  0.0400814
  0.0324263
  0.0123858
 -0.0123857
 -0.0324265
  -0.040081
 -0.0324265
 -0.0123857
  0.0123858
  0.0324263
  0.0400814
  0.0324263
  0.0123858
 -0.0123857
 -0.0324265
  -0.040081
 -0.0324265
 -0.0123857
  0.0123858
  0.0324263
  0.0400814
  0.0324263
  0.0123858
 -0.0123857
 -0.0324265
  -0.040081
 -0.0324265
 -0.0123857
  0.0123858
  0.0324263
  0.0400814
  0.0324263
  0.0123858
 -0.0123857
 -0.0324265
 -0.0392543
 -0.0317576
 -0.0121302
  0.0121303
  0.0317574
  0.0392545
  0.0317574
  0.0121303
 -0.0121302
 -0.0317576
 -0.0392543
 -0.0317576
 -0.0121302
  0.0121303
  0.0317574
  0.0392545
  0.0317574
  0.0121303
 -0.0121302
 -0.0317576
 -0.0392543
 -0.0317576
 -0.0121302
  0.0121303
  0.0317574
  0.0392545
  0.0317574
  0.0121303
 -0.0121302
 -0.0317576
 -0.0392543
 -0.0317576
 -0.0121302
  0.0121303
  0.0317574
  0.0392545
  0.0317574
  0.0121303
 -0.0121302
 -0.0317576
 -0.0316801
 -0.0256299
 -0.0097897
 0.00978976
  0.0256298
  0.0316803
  0.0256298
 0.00978976
 -0.0097897
 -0.0256299
 -0.0316801
 -0.0256299
 -0.0097897
 0.00978976
  0.0256298
  0.0316803
  0.0256298
 0.00978976
 -0.0097897
 -0.0256299
 -0.0316801
 -0.0256299
 -0.0097897
 0.00978976
  0.0256298
  0.0316803
  0.0256298
 0.00978976
 -0.0097897
 -0.0256299
 -0.0316801
 -0.0256299
 -0.0097897
 0.00978976
  0.0256298
  0.0316803
  0.0256298
 0.00978976
 -0.0097897
 -0.0256299
 -0.0231104
 -0.0186968
-0.00714153
 0.00714156
  0.0186967
  0.0231105
  0.0186967
 0.00714156
-0.00714153
 -0.0186968
 -0.0231104
 -0.0186968
-0.00714153
 0.00714156
  0.0186967
  0.0231105
  0.0186967
 0.00714156
-0.00714153
 -0.0186968
 -0.0231104
 -0.0186968
-0.00714153
 0.00714156
  0.0186967
  0.0231105
  0.0186967
 0.00714156
-0.00714153
 -0.0186968
 -0.0231104
 -0.0186968
-0.00714153
 0.00714156
  0.0186967
  0.0231105
  0.0186967
 0.00714156
-0.00714153
 -0.0186968
  -0.015909
 -0.0128707
-0.00491617
 0.00491618
  0.0128707
  0.0159091
  0.0128707
 0.00491618
-0.00491617
 -0.0128707
  -0.015909
 -0.0128707
-0.00491617
 0.00491618
  0.0128707
  0.0159091
  0.0128707
 0.00491618
-0.00491617
 -0.0128707
  -0.015909
 -0.0128707
-0.00491617
 0.00491618
  0.0128707
  0.0159091
  0.0128707
 0.00491618
-0.00491617
 -0.0128707
  -0.015909
 -0.0128707
-0.00491617
 0.00491618
  0.0128707
  0.0159091
  0.0128707
 0.00491618
-0.00491617
 -0.0128707
 -0.0105842
-0.00856281
 -0.0032707
  0.0032707
 0.00856276
  0.0105842
 0.00856276
  0.0032707
 -0.0032707
-0.00856281
 -0.0105842
-0.00856281
 -0.0032707
  0.0032707
 0.00856276
  0.0105842
 0.00856276
  0.0032707
 -0.0032707
-0.00856281
 -0.0105842
-0.00856281
 -0.0032707
  0.0032707
 0.00856276
  0.0105842
 0.00856276
  0.0032707
 -0.0032707
-0.00856281
 -0.0105842
-0.00856281
 -0.0032707
  0.0032707
 0.00856276
  0.0105842
 0.00856276
  0.0032707
 -0.0032707
-0.00856281
-0.00690488
-0.00558618
-0.00213373
 0.00213373
 0.00558615
 0.00690488
 0.00558615
 0.00213373
-0.00213373
-0.00558618
-0.00690488
-0.00558618
-0.00213373
 0.00213373
 0.00558615
 0.00690488
 0.00558615
 0.00213373
-0.00213373
-0.00558618
-0.00690488
-0.00558618
-0.00213373
 0.00213373
 0.00558615
 0.00690488
 0.00558615
 0.00213373
-0.00213373
-0.00558618
-0.00690488
-0.00558618
-0.00213373
 0.00213373
 0.00558615
 0.00690488
 0.00558615
 0.00213373
-0.00213373
-0.00558618
-0.00445847
-0.00360699
-0.00137775
 0.00137774
 0.00360696
 0.00445846
 0.00360696
 0.00137774
-0.00137775
-0.00360699
-0.00445847
-0.00360699
-0.00137775
 0.00137774
 0.00360696
 0.00445846
 0.00360696
 0.00137774
-0.00137775
-0.00360699
-0.00445847
-0.00360699
-0.00137775
 0.00137774
 0.00360696
 0.00445846
 0.00360696
 0.00137774
-0.00137775
-0.00360699
-0.00445847
-0.00360699
-0.00137775
 0.00137774
 0.00360696
 0.00445846
 0.00360696
 0.00137774
-0.00137775
-0.00360699
