-2.18416e-12
  0.00262062
  0.00424026
  0.00424027
  0.00262064
 2.18444e-12
 -0.00262064
 -0.00424027
 -0.00424026
 -0.00262062
-2.18507e-12
  0.00262062
  0.00424026
  0.00424027
  0.00262064
 2.18469e-12
 -0.00262064
 -0.00424027
 -0.00424026
 -0.00262062
-2.18443e-12
  0.00262062
  0.00424026
  0.00424027
  0.00262064
 2.18446e-12
 -0.00262064
 -0.00424027
 -0.00424026
 -0.00262062
 -2.1847e-12
  0.00262062
  0.00424026
  0.00424027
  0.00262064
 2.18516e-12
 -0.00262064
 -0.00424027
 -0.00424026
 -0.00262062
-3.38275e-12
  0.00405859
  0.00656694
  0.00656695
  0.00405861
  3.3831e-12
 -0.00405861
 -0.00656695
 -0.00656694
 -0.00405859
-3.38373e-12
  0.00405859
  0.00656694
  0.00656695
  0.00405861
 3.38348e-12
 -0.00405861
 -0.00656695
 -0.00656694
 -0.00405859
-3.38287e-12
  0.00405859
  0.00656694
  0.00656695
  0.00405861
 3.38311e-12
 -0.00405861
 -0.00656695
 -0.00656694
 -0.00405859
-3.38359e-12
  0.00405859
  0.00656694
  0.00656695
  0.00405861
 3.38389e-12
 -0.00405861
 -0.00656695
 -0.00656694
 -0.00405859
-5.18548e-12
  0.00622123
   0.0100662
   0.0100662
  0.00622126
 5.18574e-12
 -0.00622126
  -0.0100662
  -0.0100662
 -0.00622123
-5.18643e-12
  0.00622123
   0.0100662
   0.0100662
  0.00622126
 5.18611e-12
 -0.00622126
  -0.0100662
  -0.0100662
 -0.00622123
-5.18526e-12
  0.00622123
   0.0100662
   0.0100662
  0.00622126
 5.18591e-12
 -0.00622126
  -0.0100662
  -0.0100662
 -0.00622123
-5.18681e-12
  0.00622123
   0.0100662
   0.0100662
  0.00622126
 5.18654e-12
 -0.00622126
  -0.0100662
  -0.0100662
 -0.00622123
-7.79444e-12
  0.00935112
   0.0151304
   0.0151304
  0.00935116
 7.79481e-12
 -0.00935116
  -0.0151304
  -0.0151304
 -0.00935112
-7.79555e-12
  0.00935112
   0.0151304
   0.0151304
  0.00935116
 7.79494e-12
 -0.00935116
  -0.0151304
  -0.0151304
 -0.00935112
-7.79427e-12
  0.00935112
   0.0151304
   0.0151304
  0.00935116
 7.79498e-12
 -0.00935116
  -0.0151304
  -0.0151304
 -0.00935112
-7.79644e-12
  0.00935112
   0.0151304
   0.0151304
  0.00935116
 7.79527e-12
 -0.00935116
  -0.0151304
  -0.0151304
 -0.00935112
 -1.1323e-11
    0.013584
   0.0219794
   0.0219794
   0.0135841
 1.13236e-11
  -0.0135841
  -0.0219794
  -0.0219794
   -0.013584
-1.13245e-11
    0.013584
   0.0219794
   0.0219794
   0.0135841
 1.13235e-11
  -0.0135841
  -0.0219794
  -0.0219794
   -0.013584
-1.13232e-11
    0.013584
   0.0219794
   0.0219794
   0.0135841
 1.13235e-11
  -0.0135841
  -0.0219794
  -0.0219794
   -0.013584
-1.13248e-11
    0.013584
   0.0219794
   0.0219794
   0.0135841
 1.13236e-11
  -0.0135841
  -0.0219794
  -0.0219794
   -0.013584
-1.55223e-11
   0.0186212
   0.0301296
   0.0301297
   0.0186213
 1.55227e-11
  -0.0186213
  -0.0301297
  -0.0301296
  -0.0186212
 -1.5524e-11
   0.0186212
   0.0301296
   0.0301297
   0.0186213
 1.55234e-11
  -0.0186213
  -0.0301297
  -0.0301296
  -0.0186212
-1.55225e-11
   0.0186212
   0.0301296
   0.0301297
   0.0186213
 1.55227e-11
  -0.0186213
  -0.0301297
  -0.0301296
  -0.0186212
-1.55224e-11
   0.0186212
   0.0301296
   0.0301297
   0.0186213
 1.55227e-11
  -0.0186213
  -0.0301297
  -0.0301296
  -0.0186212
-1.92344e-11
   0.0230732
   0.0373331
   0.0373332
   0.0230733
 1.92335e-11
  -0.0230733
  -0.0373332
  -0.0373331
  -0.0230732
-1.92333e-11
   0.0230732
   0.0373331
   0.0373332
   0.0230733
  1.9235e-11
  -0.0230733
  -0.0373332
  -0.0373331
  -0.0230732
-1.92327e-11
   0.0230732
   0.0373331
   0.0373332
   0.0230733
 1.92347e-11
  -0.0230733
  -0.0373332
  -0.0373331
  -0.0230732
-1.92339e-11
   0.0230732
   0.0373331
   0.0373332
   0.0230733
  1.9234e-11
  -0.0230733
  -0.0373332
  -0.0373331
  -0.0230732
-1.96411e-11
   0.0235592
   0.0381193
   0.0381195
   0.0235593
 1.96408e-11
  -0.0235593
  -0.0381195
  -0.0381193
  -0.0235592
-1.96355e-11
   0.0235592
   0.0381193
   0.0381195
   0.0235593
 1.96385e-11
  -0.0235593
  -0.0381195
  -0.0381193
  -0.0235592
-1.96415e-11
   0.0235592
   0.0381193
   0.0381195
   0.0235593
 1.96393e-11
  -0.0235593
  -0.0381195
  -0.0381193
  -0.0235592
-1.96376e-11
   0.0235592
   0.0381193
   0.0381195
   0.0235593
 1.96371e-11
  -0.0235593
  -0.0381195
  -0.0381193
  -0.0235592
-1.21028e-11
   0.0145123
   0.0234811
   0.0234813
   0.0145123
 1.20977e-11
  -0.0145123
  -0.0234813
  -0.0234811
  -0.0145123
-1.20916e-11
   0.0145123
   0.0234811
   0.0234813
   0.0145123
 1.20977e-11
  -0.0145123
  -0.0234813
  -0.0234811
  -0.0145123
-1.21017e-11
   0.0145123
   0.0234811
   0.0234813
   0.0145123
 1.20993e-11
  -0.0145123
  -0.0234813
  -0.0234811
  -0.0145123
-1.20919e-11
   0.0145123
   0.0234811
   0.0234813
   0.0145123
  1.2096e-11
  -0.0145123
  -0.0234813
  -0.0234811
  -0.0145123
 7.33609e-12
 -0.00880986
  -0.0142548
  -0.0142547
 -0.00880992
  -7.343e-12
  0.00880992
   0.0142547
   0.0142548
  0.00880986
 7.35369e-12
 -0.00880986
  -0.0142548
  -0.0142547
 -0.00880992
-7.34437e-12
  0.00880992
   0.0142547
   0.0142548
  0.00880986
 7.33695e-12
 -0.00880986
  -0.0142548
  -0.0142547
 -0.00880992
-7.34319e-12
  0.00880992
   0.0142547
   0.0142548
  0.00880986
 7.35033e-12
 -0.00880986
  -0.0142548
  -0.0142547
 -0.00880992
-7.34696e-12
  0.00880992
   0.0142547
   0.0142548
  0.00880986
 3.54481e-11
   -0.042534
  -0.0688212
  -0.0688214
  -0.0425342
-3.54562e-11
   0.0425342
   0.0688214
   0.0688212
    0.042534
 3.54659e-11
   -0.042534
  -0.0688212
  -0.0688214
  -0.0425342
-3.54566e-11
   0.0425342
   0.0688214
   0.0688212
    0.042534
  3.5449e-11
   -0.042534
  -0.0688212
  -0.0688214
  -0.0425342
-3.54556e-11
   0.0425342
   0.0688214
   0.0688212
    0.042534
 3.54624e-11
   -0.042534
  -0.0688212
  -0.0688214
  -0.0425342
-3.54592e-11
   0.0425342
   0.0688214
   0.0688212
    0.042534
   5.758e-11
  -0.0690781
    -0.11177
   -0.111771
  -0.0690783
 -5.7583e-11
   0.0690783
    0.111771
     0.11177
   0.0690781
  5.7587e-11
  -0.0690781
    -0.11177
   -0.111771
  -0.0690783
-5.75841e-11
   0.0690783
    0.111771
     0.11177
   0.0690781
 5.75795e-11
  -0.0690781
    -0.11177
   -0.111771
  -0.0690783
-5.75847e-11
   0.0690783
    0.111771
     0.11177
   0.0690781
 5.75858e-11
  -0.0690781
    -0.11177
   -0.111771
  -0.0690783
-5.75853e-11
   0.0690783
    0.111771
     0.11177
   0.0690781
 5.75871e-11
  -0.0690781
    -0.11177
   -0.111771
  -0.0690783
-5.75835e-11
   0.0690783
    0.111771
     0.11177
   0.0690781
 5.75795e-11
  -0.0690781
    -0.11177
   -0.111771
  -0.0690783
-5.75836e-11
   0.0690783
    0.111771
     0.11177
   0.0690781
 5.75869e-11
  -0.0690781
    -0.11177
   -0.111771
  -0.0690783
-5.75853e-11
   0.0690783
    0.111771
     0.11177
   0.0690781
 5.75813e-11
  -0.0690781
    -0.11177
   -0.111771
  -0.0690783
-5.75825e-11
   0.0690783
    0.111771
     0.11177
   0.0690781
 3.54646e-11
   -0.042534
  -0.0688212
  -0.0688214
  -0.0425342
-3.54568e-11
   0.0425342
   0.0688214
   0.0688212
    0.042534
 3.54479e-11
   -0.042534
  -0.0688212
  -0.0688214
  -0.0425342
-3.54564e-11
   0.0425342
   0.0688214
   0.0688212
    0.042534
 3.54644e-11
   -0.042534
  -0.0688212
  -0.0688214
  -0.0425342
-3.54578e-11
   0.0425342
   0.0688214
   0.0688212
    0.042534
 3.54494e-11
   -0.042534
  -0.0688212
  -0.0688214
  -0.0425342
-3.54544e-11
   0.0425342
   0.0688214
   0.0688212
    0.042534
 7.35274e-12
 -0.00880986
  -0.0142548
  -0.0142547
 -0.00880992
-7.34558e-12
  0.00880992
   0.0142547
   0.0142548
  0.00880986
 7.33476e-12
 -0.00880986
  -0.0142548
  -0.0142547
 -0.00880992
-7.34343e-12
  0.00880992
   0.0142547
   0.0142548
  0.00880986
 7.35137e-12
 -0.00880986
  -0.0142548
  -0.0142547
 -0.00880992
 -7.3442e-12
  0.00880992
   0.0142547
   0.0142548
  0.00880986
 7.33801e-12
 -0.00880986
  -0.0142548
  -0.0142547
 -0.00880992
-7.34085e-12
  0.00880992
   0.0142547
   0.0142548
  0.00880986
-1.20917e-11
   0.0145123
   0.0234811
   0.0234813
   0.0145123
 1.20965e-11
  -0.0145123
  -0.0234813
  -0.0234811
  -0.0145123
-1.21034e-11
   0.0145123
   0.0234811
   0.0234813
   0.0145123
 1.20969e-11
  -0.0145123
  -0.0234813
  -0.0234811
  -0.0145123
-1.20928e-11
   0.0145123
   0.0234811
   0.0234813
   0.0145123
 1.20961e-11
  -0.0145123
  -0.0234813
  -0.0234811
  -0.0145123
-1.21015e-11
   0.0145123
   0.0234811
   0.0234813
   0.0145123
 1.20986e-11
  -0.0145123
  -0.0234813
  -0.0234811
  -0.0145123
-1.96361e-11
   0.0235592
   0.0381193
   0.0381195
   0.0235593
 1.96384e-11
  -0.0235593
  -0.0381195
  -0.0381193
  -0.0235592
-1.96426e-11
   0.0235592
   0.0381193
   0.0381195
   0.0235593
 1.96395e-11
  -0.0235593
  -0.0381195
  -0.0381193
  -0.0235592
-1.96368e-11
   0.0235592
   0.0381193
   0.0381195
   0.0235593
 1.96394e-11
  -0.0235593
  -0.0381195
  -0.0381193
  -0.0235592
-1.96384e-11
   0.0235592
   0.0381193
   0.0381195
   0.0235593
 1.96416e-11
  -0.0235593
  -0.0381195
  -0.0381193
  -0.0235592
-1.92329e-11
   0.0230732
   0.0373331
   0.0373332
   0.0230733
 1.92331e-11
  -0.0230733
  -0.0373332
  -0.0373331
  -0.0230732
-1.92343e-11
   0.0230732
   0.0373331
   0.0373332
   0.0230733
 1.92331e-11
  -0.0230733
  -0.0373332
  -0.0373331
  -0.0230732
-1.92328e-11
   0.0230732
   0.0373331
   0.0373332
   0.0230733
 1.92336e-11
  -0.0230733
  -0.0373332
  -0.0373331
  -0.0230732
-1.92342e-11
   0.0230732
   0.0373331
   0.0373332
   0.0230733
 1.92319e-11
  -0.0230733
  -0.0373332
  -0.0373331
  -0.0230732
-1.55229e-11
   0.0186212
   0.0301296
   0.0301297
   0.0186213
 1.55229e-11
  -0.0186213
  -0.0301297
  -0.0301296
  -0.0186212
-1.55236e-11
   0.0186212
   0.0301296
   0.0301297
   0.0186213
 1.55231e-11
  -0.0186213
  -0.0301297
  -0.0301296
  -0.0186212
-1.55236e-11
   0.0186212
   0.0301296
   0.0301297
   0.0186213
 1.55211e-11
  -0.0186213
  -0.0301297
  -0.0301296
  -0.0186212
-1.55226e-11
   0.0186212
   0.0301296
   0.0301297
   0.0186213
 1.55229e-11
  -0.0186213
  -0.0301297
  -0.0301296
  -0.0186212
-1.13245e-11
    0.013584
   0.0219794
   0.0219794
   0.0135841
 1.13234e-11
  -0.0135841
  -0.0219794
  -0.0219794
   -0.013584
-1.13229e-11
    0.013584
   0.0219794
   0.0219794
   0.0135841
 1.13236e-11
  -0.0135841
  -0.0219794
  -0.0219794
   -0.013584
-1.13245e-11
    0.013584
   0.0219794
   0.0219794
   0.0135841
 1.13233e-11
  -0.0135841
  -0.0219794
  -0.0219794
   -0.013584
-1.13237e-11
    0.013584
   0.0219794
   0.0219794
   0.0135841
 1.13248e-11
  -0.0135841
  -0.0219794
  -0.0219794
   -0.013584
-7.79598e-12
  0.00935112
   0.0151304
   0.0151304
  0.00935116
  7.7946e-12
 -0.00935116
  -0.0151304
  -0.0151304
 -0.00935112
-7.79334e-12
  0.00935112
   0.0151304
   0.0151304
  0.00935116
 7.79435e-12
 -0.00935116
  -0.0151304
  -0.0151304
 -0.00935112
-7.79533e-12
  0.00935112
   0.0151304
   0.0151304
  0.00935116
 7.79554e-12
 -0.00935116
  -0.0151304
  -0.0151304
 -0.00935112
 -7.7949e-12
  0.00935112
   0.0151304
   0.0151304
  0.00935116
 7.79547e-12
 -0.00935116
  -0.0151304
  -0.0151304
 -0.00935112
 -5.1868e-12
  0.00622123
   0.0100662
   0.0100662
  0.00622126
 5.18593e-12
 -0.00622126
  -0.0100662
  -0.0100662
 -0.00622123
-5.18435e-12
  0.00622123
   0.0100662
   0.0100662
  0.00622126
 5.18535e-12
 -0.00622126
  -0.0100662
  -0.0100662
 -0.00622123
 -5.1863e-12
  0.00622123
   0.0100662
   0.0100662
  0.00622126
 5.18648e-12
 -0.00622126
  -0.0100662
  -0.0100662
 -0.00622123
-5.18554e-12
  0.00622123
   0.0100662
   0.0100662
  0.00622126
 5.18577e-12
 -0.00622126
  -0.0100662
  -0.0100662
 -0.00622123
-3.38397e-12
  0.00405859
  0.00656694
  0.00656695
  0.00405861
 3.38359e-12
 -0.00405861
 -0.00656695
 -0.00656694
 -0.00405859
-3.38227e-12
  0.00405859
  0.00656694
  0.00656695
  0.00405861
 3.38294e-12
 -0.00405861
 -0.00656695
 -0.00656694
 -0.00405859
-3.38379e-12
  0.00405859
  0.00656694
  0.00656695
  0.00405861
 3.38344e-12
 -0.00405861
 -0.00656695
 -0.00656694
 -0.00405859
 -3.3828e-12
  0.00405859
  0.00656694
  0.00656695
  0.00405861
 3.38283e-12
 -0.00405861
 -0.00656695
 -0.00656694
 -0.00405859
-2.18516e-12
  0.00262062
  0.00424026
  0.00424027
  0.00262064
 2.18511e-12
 -0.00262064
 -0.00424027
 -0.00424026
 -0.00262062
-2.18399e-12
  0.00262062
  0.00424026
  0.00424027
  0.00262064
 2.18453e-12
 -0.00262064
 -0.00424027
 -0.00424026
 -0.00262062
-2.18521e-12
  0.00262062
  0.00424026
  0.00424027
  0.00262064
  2.1847e-12
 -0.00262064
 -0.00424027
 -0.00424026
 -0.00262062
-2.18422e-12
  0.00262062
  0.00424026
  0.00424027
  0.00262064
 2.18427e-12
 -0.00262064
 -0.00424027
 -0.00424026
 -0.00262062
