-4.17299e-11
   0.0020374
  0.00387535
  0.00533398
  0.00627047
  0.00659318
  0.00627047
  0.00533398
  0.00387535
   0.0020374
 4.17297e-11
  -0.0020374
 -0.00387535
 -0.00533398
 -0.00627047
 -0.00659318
 -0.00627047
 -0.00533398
 -0.00387535
  -0.0020374
-4.17295e-11
   0.0020374
  0.00387535
  0.00533398
  0.00627047
  0.00659318
  0.00627047
  0.00533398
  0.00387535
   0.0020374
 4.17295e-11
  -0.0020374
 -0.00387535
 -0.00533398
 -0.00627047
 -0.00659318
 -0.00627047
 -0.00533398
 -0.00387535
  -0.0020374
-5.14504e-11
    0.002512
   0.0047781
  0.00657651
  0.00773115
  0.00812903
  0.00773115
  0.00657651
   0.0047781
    0.002512
 5.14502e-11
   -0.002512
  -0.0047781
 -0.00657651
 -0.00773115
 -0.00812903
 -0.00773115
 -0.00657651
  -0.0047781
   -0.002512
-5.14504e-11
    0.002512
   0.0047781
  0.00657651
  0.00773115
  0.00812903
  0.00773115
  0.00657651
   0.0047781
    0.002512
 5.14501e-11
   -0.002512
  -0.0047781
 -0.00657651
 -0.00773115
 -0.00812903
 -0.00773115
 -0.00657651
  -0.0047781
   -0.002512
-6.05709e-11
  0.00295731
  0.00562512
  0.00774234
  0.00910167
  0.00957009
  0.00910167
  0.00774234
  0.00562512
  0.00295731
 6.05705e-11
 -0.00295731
 -0.00562512
 -0.00774234
 -0.00910167
 -0.00957009
 -0.00910167
 -0.00774234
 -0.00562512
 -0.00295731
-6.05714e-11
  0.00295731
  0.00562512
  0.00774234
  0.00910167
  0.00957009
  0.00910167
  0.00774234
  0.00562512
  0.00295731
  6.0571e-11
 -0.00295731
 -0.00562512
 -0.00774234
 -0.00910167
 -0.00957009
 -0.00910167
 -0.00774234
 -0.00562512
 -0.00295731
 -6.5478e-11
  0.00319691
  0.00608085
  0.00836962
  0.00983908
   0.0103455
  0.00983908
  0.00836962
  0.00608085
  0.00319691
 6.54778e-11
 -0.00319691
 -0.00608085
 -0.00836962
 -0.00983908
  -0.0103455
 -0.00983908
 -0.00836962
 -0.00608085
 -0.00319691
-6.54791e-11
  0.00319691
  0.00608085
  0.00836962
  0.00983908
   0.0103455
  0.00983908
  0.00836962
  0.00608085
  0.00319691
 6.54785e-11
 -0.00319691
 -0.00608085
 -0.00836962
 -0.00983908
  -0.0103455
 -0.00983908
 -0.00836962
 -0.00608085
 -0.00319691
-5.87912e-11
  0.00287041
  0.00545979
  0.00751481
   0.0088342
  0.00928888
   0.0088342
  0.00751481
  0.00545979
  0.00287041
  5.8791e-11
 -0.00287041
 -0.00545979
 -0.00751481
  -0.0088342
 -0.00928888
  -0.0088342
 -0.00751481
 -0.00545979
 -0.00287041
-5.87915e-11
  0.00287041
  0.00545979
  0.00751481
   0.0088342
  0.00928888
   0.0088342
  0.00751481
  0.00545979
  0.00287041
 5.87905e-11
 -0.00287041
 -0.00545979
 -0.00751481
  -0.0088342
 -0.00928888
  -0.0088342
 -0.00751481
 -0.00545979
 -0.00287041
-2.71283e-11
  0.00132447
  0.00251923
  0.00346748
  0.00407629
  0.00428611
  0.00407629
  0.00346748
  0.00251923
  0.00132447
 2.71282e-11
 -0.00132447
 -0.00251923
 -0.00346748
 -0.00407629
 -0.00428611
 -0.00407629
 -0.00346748
 -0.00251923
 -0.00132447
-2.71276e-11
  0.00132447
  0.00251923
  0.00346748
  0.00407629
  0.00428611
  0.00407629
  0.00346748
  0.00251923
  0.00132447
 2.71259e-11
 -0.00132447
 -0.00251923
 -0.00346748
 -0.00407629
 -0.00428611
 -0.00407629
 -0.00346748
 -0.00251923
 -0.00132447
  5.0041e-11
 -0.00244319
 -0.00464728
  -0.0063964
  -0.0075194
 -0.00790632
  -0.0075194
  -0.0063964
 -0.00464728
 -0.00244319
-5.00421e-11
  0.00244319
  0.00464728
   0.0063964
   0.0075194
  0.00790632
   0.0075194
   0.0063964
  0.00464728
  0.00244319
 5.00397e-11
 -0.00244319
 -0.00464728
  -0.0063964
  -0.0075194
 -0.00790632
  -0.0075194
  -0.0063964
 -0.00464728
 -0.00244319
-5.00416e-11
  0.00244319
  0.00464728
   0.0063964
   0.0075194
  0.00790632
   0.0075194
   0.0063964
  0.00464728
  0.00244319
 1.94557e-10
 -0.00949894
  -0.0180681
  -0.0248686
  -0.0292348
  -0.0307393
  -0.0292348
  -0.0248686
  -0.0180681
 -0.00949894
-1.94556e-10
  0.00949894
   0.0180681
   0.0248686
   0.0292348
   0.0307393
   0.0292348
   0.0248686
   0.0180681
  0.00949894
 1.94557e-10
 -0.00949894
  -0.0180681
  -0.0248686
  -0.0292348
  -0.0307393
  -0.0292348
  -0.0248686
  -0.0180681
 -0.00949894
-1.94556e-10
  0.00949894
   0.0180681
   0.0248686
   0.0292348
   0.0307393
   0.0292348
   0.0248686
   0.0180681
  0.00949894
 4.03878e-10
  -0.0197188
  -0.0375073
  -0.0516246
  -0.0606884
  -0.0638117
  -0.0606884
  -0.0516246
  -0.0375073
  -0.0197188
-4.03878e-10
   0.0197188
   0.0375073
   0.0516246
   0.0606884
   0.0638117
   0.0606884
   0.0516246
   0.0375073
   0.0197188
 4.03878e-10
  -0.0197188
  -0.0375073
  -0.0516246
  -0.0606884
  -0.0638117
  -0.0606884
  -0.0516246
  -0.0375073
  -0.0197188
 -4.0388e-10
   0.0197188
   0.0375073
   0.0516246
   0.0606884
   0.0638117
   0.0606884
   0.0516246
   0.0375073
   0.0197188
 5.98396e-10
   -0.029216
  -0.0555718
  -0.0764884
  -0.0899176
  -0.0945453
  -0.0899176
  -0.0764884
  -0.0555718
   -0.029216
-5.98397e-10
    0.029216
   0.0555718
   0.0764884
   0.0899176
   0.0945453
   0.0899176
   0.0764884
   0.0555718
    0.029216
 5.98398e-10
   -0.029216
  -0.0555718
  -0.0764884
  -0.0899176
  -0.0945453
  -0.0899176
  -0.0764884
  -0.0555718
   -0.029216
-5.98397e-10
    0.029216
   0.0555718
   0.0764884
   0.0899176
   0.0945453
   0.0899176
   0.0764884
   0.0555718
    0.029216
 5.96783e-10
  -0.0291372
  -0.0554218
   -0.076282
   -0.089675
  -0.0942903
   -0.089675
   -0.076282
  -0.0554218
  -0.0291372
-5.96781e-10
   0.0291372
   0.0554218
    0.076282
    0.089675
   0.0942903
    0.089675
    0.076282
   0.0554218
   0.0291372
 5.96784e-10
  -0.0291372
  -0.0554218
   -0.076282
   -0.089675
  -0.0942903
   -0.089675
   -0.076282
  -0.0554218
  -0.0291372
-5.96781e-10
   0.0291372
   0.0554218
    0.076282
    0.089675
   0.0942903
    0.089675
    0.076282
   0.0554218
   0.0291372
  2.5931e-10
  -0.0126604
  -0.0240814
  -0.0331454
  -0.0389648
  -0.0409702
  -0.0389648
  -0.0331454
  -0.0240814
  -0.0126604
-2.59307e-10
   0.0126604
   0.0240814
   0.0331454
   0.0389648
   0.0409702
   0.0389648
   0.0331454
   0.0240814
   0.0126604
 2.59311e-10
  -0.0126604
  -0.0240814
  -0.0331454
  -0.0389648
  -0.0409702
  -0.0389648
  -0.0331454
  -0.0240814
  -0.0126604
-2.59307e-10
   0.0126604
   0.0240814
   0.0331454
   0.0389648
   0.0409702
   0.0389648
   0.0331454
   0.0240814
   0.0126604
-2.59307e-10
   0.0126604
   0.0240814
   0.0331454
   0.0389648
   0.0409702
   0.0389648
   0.0331454
   0.0240814
   0.0126604
  2.5931e-10
  -0.0126604
  -0.0240814
  -0.0331454
  -0.0389648
  -0.0409702
  -0.0389648
  -0.0331454
  -0.0240814
  -0.0126604
-2.59307e-10
   0.0126604
   0.0240814
   0.0331454
   0.0389648
   0.0409702
   0.0389648
   0.0331454
   0.0240814
   0.0126604
  2.5931e-10
  -0.0126604
  -0.0240814
  -0.0331454
  -0.0389648
  -0.0409702
  -0.0389648
  -0.0331454
  -0.0240814
  -0.0126604
-5.96782e-10
   0.0291372
   0.0554218
    0.076282
    0.089675
   0.0942903
    0.089675
    0.076282
   0.0554218
   0.0291372
 5.96782e-10
  -0.0291372
  -0.0554218
   -0.076282
   -0.089675
  -0.0942903
   -0.089675
   -0.076282
  -0.0554218
  -0.0291372
-5.96783e-10
   0.0291372
   0.0554218
    0.076282
    0.089675
   0.0942903
    0.089675
    0.076282
   0.0554218
   0.0291372
 5.96784e-10
  -0.0291372
  -0.0554218
   -0.076282
   -0.089675
  -0.0942903
   -0.089675
   -0.076282
  -0.0554218
  -0.0291372
-5.98397e-10
    0.029216
   0.0555718
   0.0764884
   0.0899176
   0.0945453
   0.0899176
   0.0764884
   0.0555718
    0.029216
 5.98398e-10
   -0.029216
  -0.0555718
  -0.0764884
  -0.0899176
  -0.0945453
  -0.0899176
  -0.0764884
  -0.0555718
   -0.029216
-5.98398e-10
    0.029216
   0.0555718
   0.0764884
   0.0899176
   0.0945453
   0.0899176
   0.0764884
   0.0555718
    0.029216
 5.98398e-10
   -0.029216
  -0.0555718
  -0.0764884
  -0.0899176
  -0.0945453
  -0.0899176
  -0.0764884
  -0.0555718
   -0.029216
 -4.0388e-10
   0.0197188
   0.0375073
   0.0516246
   0.0606884
   0.0638117
   0.0606884
   0.0516246
   0.0375073
   0.0197188
 4.03878e-10
  -0.0197188
  -0.0375073
  -0.0516246
  -0.0606884
  -0.0638117
  -0.0606884
  -0.0516246
  -0.0375073
  -0.0197188
 -4.0388e-10
   0.0197188
   0.0375073
   0.0516246
   0.0606884
   0.0638117
   0.0606884
   0.0516246
   0.0375073
   0.0197188
 4.03879e-10
  -0.0197188
  -0.0375073
  -0.0516246
  -0.0606884
  -0.0638117
  -0.0606884
  -0.0516246
  -0.0375073
  -0.0197188
-1.94558e-10
  0.00949894
   0.0180681
   0.0248686
   0.0292348
   0.0307393
   0.0292348
   0.0248686
   0.0180681
  0.00949894
 1.94557e-10
 -0.00949894
  -0.0180681
  -0.0248686
  -0.0292348
  -0.0307393
  -0.0292348
  -0.0248686
  -0.0180681
 -0.00949894
-1.94558e-10
  0.00949894
   0.0180681
   0.0248686
   0.0292348
   0.0307393
   0.0292348
   0.0248686
   0.0180681
  0.00949894
 1.94556e-10
 -0.00949894
  -0.0180681
  -0.0248686
  -0.0292348
  -0.0307393
  -0.0292348
  -0.0248686
  -0.0180681
 -0.00949894
 -5.0042e-11
  0.00244319
  0.00464728
   0.0063964
   0.0075194
  0.00790632
   0.0075194
   0.0063964
  0.00464728
  0.00244319
 5.00395e-11
 -0.00244319
 -0.00464728
  -0.0063964
  -0.0075194
 -0.00790632
  -0.0075194
  -0.0063964
 -0.00464728
 -0.00244319
-5.00433e-11
  0.00244319
  0.00464728
   0.0063964
   0.0075194
  0.00790632
   0.0075194
   0.0063964
  0.00464728
  0.00244319
 5.00407e-11
 -0.00244319
 -0.00464728
  -0.0063964
  -0.0075194
 -0.00790632
  -0.0075194
  -0.0063964
 -0.00464728
 -0.00244319
 2.71264e-11
 -0.00132447
 -0.00251923
 -0.00346748
 -0.00407629
 -0.00428611
 -0.00407629
 -0.00346748
 -0.00251923
 -0.00132447
-2.71262e-11
  0.00132447
  0.00251923
  0.00346748
  0.00407629
  0.00428611
  0.00407629
  0.00346748
  0.00251923
  0.00132447
 2.71272e-11
 -0.00132447
 -0.00251923
 -0.00346748
 -0.00407629
 -0.00428611
 -0.00407629
 -0.00346748
 -0.00251923
 -0.00132447
-2.71279e-11
  0.00132447
  0.00251923
  0.00346748
  0.00407629
  0.00428611
  0.00407629
  0.00346748
  0.00251923
  0.00132447
 5.87906e-11
 -0.00287041
 -0.00545979
 -0.00751481
  -0.0088342
 -0.00928888
  -0.0088342
 -0.00751481
 -0.00545979
 -0.00287041
-5.87908e-11
  0.00287041
  0.00545979
  0.00751481
   0.0088342
  0.00928888
   0.0088342
  0.00751481
  0.00545979
  0.00287041
 5.87913e-11
 -0.00287041
 -0.00545979
 -0.00751481
  -0.0088342
 -0.00928888
  -0.0088342
 -0.00751481
 -0.00545979
 -0.00287041
-5.87917e-11
  0.00287041
  0.00545979
  0.00751481
   0.0088342
  0.00928888
   0.0088342
  0.00751481
  0.00545979
  0.00287041
 6.54786e-11
 -0.00319691
 -0.00608085
 -0.00836962
 -0.00983908
  -0.0103455
 -0.00983908
 -0.00836962
 -0.00608085
 -0.00319691
-6.54794e-11
  0.00319691
  0.00608085
  0.00836962
  0.00983908
   0.0103455
  0.00983908
  0.00836962
  0.00608085
  0.00319691
 6.54783e-11
 -0.00319691
 -0.00608085
 -0.00836962
 -0.00983908
  -0.0103455
 -0.00983908
 -0.00836962
 -0.00608085
 -0.00319691
-6.54793e-11
  0.00319691
  0.00608085
  0.00836962
  0.00983908
   0.0103455
  0.00983908
  0.00836962
  0.00608085
  0.00319691
 6.05713e-11
 -0.00295731
 -0.00562512
 -0.00774234
 -0.00910167
 -0.00957009
 -0.00910167
 -0.00774234
 -0.00562512
 -0.00295731
 -6.0572e-11
  0.00295731
  0.00562512
  0.00774234
  0.00910167
  0.00957009
  0.00910167
  0.00774234
  0.00562512
  0.00295731
 6.05708e-11
 -0.00295731
 -0.00562512
 -0.00774234
 -0.00910167
 -0.00957009
 -0.00910167
 -0.00774234
 -0.00562512
 -0.00295731
-6.05719e-11
  0.00295731
  0.00562512
  0.00774234
  0.00910167
  0.00957009
  0.00910167
  0.00774234
  0.00562512
  0.00295731
 5.14506e-11
   -0.002512
  -0.0047781
 -0.00657651
 -0.00773115
 -0.00812903
 -0.00773115
 -0.00657651
  -0.0047781
   -0.002512
-5.14507e-11
    0.002512
   0.0047781
  0.00657651
  0.00773115
  0.00812903
  0.00773115
  0.00657651
   0.0047781
    0.002512
 5.14505e-11
   -0.002512
  -0.0047781
 -0.00657651
 -0.00773115
 -0.00812903
 -0.00773115
 -0.00657651
  -0.0047781
   -0.002512
-5.14507e-11
    0.002512
   0.0047781
  0.00657651
  0.00773115
  0.00812903
  0.00773115
  0.00657651
   0.0047781
    0.002512
 4.17299e-11
  -0.0020374
 -0.00387535
 -0.00533398
 -0.00627047
 -0.00659318
 -0.00627047
 -0.00533398
 -0.00387535
  -0.0020374
-4.17296e-11
   0.0020374
  0.00387535
  0.00533398
  0.00627047
  0.00659318
  0.00627047
  0.00533398
  0.00387535
   0.0020374
 4.17301e-11
  -0.0020374
 -0.00387535
 -0.00533398
 -0.00627047
 -0.00659318
 -0.00627047
 -0.00533398
 -0.00387535
  -0.0020374
-4.17296e-11
   0.0020374
  0.00387535
  0.00533398
  0.00627047
  0.00659318
  0.00627047
  0.00533398
  0.00387535
   0.0020374
