 -0.00659316
 -0.00627049
 -0.00533398
 -0.00387536
 -0.00203741
-4.17299e-11
  0.00203741
  0.00387536
  0.00533398
  0.00627049
  0.00659316
  0.00627049
  0.00533398
  0.00387536
  0.00203741
   4.173e-11
 -0.00203741
 -0.00387536
 -0.00533398
 -0.00627049
 -0.00659316
 -0.00627049
 -0.00533398
 -0.00387536
 -0.00203741
-4.17299e-11
  0.00203741
  0.00387536
  0.00533398
  0.00627049
  0.00659316
  0.00627049
  0.00533398
  0.00387536
  0.00203741
 4.17298e-11
 -0.00203741
 -0.00387536
 -0.00533398
 -0.00627049
 -0.00812901
 -0.00773117
  -0.0065765
 -0.00477811
 -0.00251201
-5.14507e-11
  0.00251201
  0.00477811
   0.0065765
  0.00773117
  0.00812901
  0.00773117
   0.0065765
  0.00477811
  0.00251201
 5.14507e-11
 -0.00251201
 -0.00477811
  -0.0065765
 -0.00773117
 -0.00812901
 -0.00773117
  -0.0065765
 -0.00477811
 -0.00251201
-5.14509e-11
  0.00251201
  0.00477811
   0.0065765
  0.00773117
  0.00812901
  0.00773117
   0.0065765
  0.00477811
  0.00251201
 5.14507e-11
 -0.00251201
 -0.00477811
  -0.0065765
 -0.00773117
 -0.00957005
  -0.0091017
 -0.00774232
 -0.00562513
 -0.00295732
-6.05714e-11
  0.00295732
  0.00562513
  0.00774232
   0.0091017
  0.00957005
   0.0091017
  0.00774232
  0.00562513
  0.00295732
 6.05714e-11
 -0.00295732
 -0.00562513
 -0.00774232
  -0.0091017
 -0.00957005
  -0.0091017
 -0.00774232
 -0.00562513
 -0.00295732
-6.05717e-11
  0.00295732
  0.00562513
  0.00774232
   0.0091017
  0.00957005
   0.0091017
  0.00774232
  0.00562513
  0.00295732
 6.05716e-11
 -0.00295732
 -0.00562513
 -0.00774232
  -0.0091017
  -0.0103454
 -0.00983911
 -0.00836959
 -0.00608088
 -0.00319692
-6.54789e-11
  0.00319692
  0.00608088
  0.00836959
  0.00983911
   0.0103454
  0.00983911
  0.00836959
  0.00608088
  0.00319692
 6.54788e-11
 -0.00319692
 -0.00608088
 -0.00836959
 -0.00983911
  -0.0103454
 -0.00983911
 -0.00836959
 -0.00608088
 -0.00319692
 -6.5479e-11
  0.00319692
  0.00608088
  0.00836959
  0.00983911
   0.0103454
  0.00983911
  0.00836959
  0.00608088
  0.00319692
 6.54792e-11
 -0.00319692
 -0.00608088
 -0.00836959
 -0.00983911
  -0.0092888
 -0.00883424
 -0.00751477
 -0.00545983
 -0.00287042
-5.87916e-11
  0.00287042
  0.00545982
  0.00751477
  0.00883424
   0.0092888
  0.00883424
  0.00751477
  0.00545983
  0.00287042
 5.87914e-11
 -0.00287042
 -0.00545982
 -0.00751477
 -0.00883424
  -0.0092888
 -0.00883424
 -0.00751477
 -0.00545983
 -0.00287042
-5.87913e-11
  0.00287042
  0.00545982
  0.00751477
  0.00883424
   0.0092888
  0.00883424
  0.00751477
  0.00545983
  0.00287042
 5.87919e-11
 -0.00287042
 -0.00545982
 -0.00751477
 -0.00883424
 -0.00428602
 -0.00407632
 -0.00346743
 -0.00251927
 -0.00132447
-2.71278e-11
  0.00132447
  0.00251927
  0.00346743
  0.00407632
  0.00428602
  0.00407632
  0.00346743
  0.00251927
  0.00132447
 2.71277e-11
 -0.00132447
 -0.00251927
 -0.00346743
 -0.00407632
 -0.00428602
 -0.00407632
 -0.00346743
 -0.00251927
 -0.00132447
-2.71276e-11
  0.00132447
  0.00251927
  0.00346743
  0.00407632
  0.00428602
  0.00407632
  0.00346743
  0.00251927
  0.00132447
 2.71283e-11
 -0.00132447
 -0.00251927
 -0.00346743
 -0.00407632
  0.00790641
  0.00751938
  0.00639645
  0.00464725
  0.00244321
 5.00413e-11
 -0.00244321
 -0.00464725
 -0.00639645
 -0.00751938
 -0.00790641
 -0.00751938
 -0.00639645
 -0.00464725
 -0.00244321
-5.00413e-11
  0.00244321
  0.00464725
  0.00639645
  0.00751938
  0.00790641
  0.00751938
  0.00639645
  0.00464725
  0.00244321
 5.00414e-11
 -0.00244321
 -0.00464725
 -0.00639645
 -0.00751938
 -0.00790641
 -0.00751938
 -0.00639645
 -0.00464725
 -0.00244321
-5.00408e-11
  0.00244321
  0.00464725
  0.00639645
  0.00751938
   0.0307393
   0.0292348
   0.0248686
   0.0180681
    0.009499
 1.94557e-10
   -0.009499
  -0.0180681
  -0.0248686
  -0.0292348
  -0.0307393
  -0.0292348
  -0.0248686
  -0.0180681
   -0.009499
-1.94556e-10
    0.009499
   0.0180681
   0.0248686
   0.0292348
   0.0307393
   0.0292348
   0.0248686
   0.0180681
    0.009499
 1.94558e-10
   -0.009499
  -0.0180681
  -0.0248686
  -0.0292348
  -0.0307393
  -0.0292348
  -0.0248686
  -0.0180681
   -0.009499
-1.94556e-10
    0.009499
   0.0180681
   0.0248686
   0.0292348
   0.0638115
   0.0606886
   0.0516245
   0.0375074
   0.0197189
  4.0388e-10
  -0.0197189
  -0.0375074
  -0.0516245
  -0.0606886
  -0.0638115
  -0.0606886
  -0.0516245
  -0.0375074
  -0.0197189
 -4.0388e-10
   0.0197189
   0.0375074
   0.0516245
   0.0606886
   0.0638115
   0.0606886
   0.0516245
   0.0375074
   0.0197189
 4.03881e-10
  -0.0197189
  -0.0375074
  -0.0516245
  -0.0606886
  -0.0638115
  -0.0606886
  -0.0516245
  -0.0375074
  -0.0197189
 -4.0388e-10
   0.0197189
   0.0375074
   0.0516245
   0.0606886
   0.0945448
   0.0899179
   0.0764882
    0.055572
   0.0292161
   5.984e-10
  -0.0292161
   -0.055572
  -0.0764881
  -0.0899179
  -0.0945448
  -0.0899179
  -0.0764882
   -0.055572
  -0.0292161
  -5.984e-10
   0.0292161
    0.055572
   0.0764881
   0.0899179
   0.0945448
   0.0899179
   0.0764882
    0.055572
   0.0292161
   5.984e-10
  -0.0292161
   -0.055572
  -0.0764881
  -0.0899179
  -0.0945448
  -0.0899179
  -0.0764882
   -0.055572
  -0.0292161
-5.98401e-10
   0.0292161
    0.055572
   0.0764881
   0.0899179
   0.0942896
   0.0896754
   0.0762817
   0.0554221
   0.0291373
 5.96786e-10
  -0.0291373
  -0.0554221
  -0.0762817
  -0.0896754
  -0.0942896
  -0.0896754
  -0.0762817
  -0.0554221
  -0.0291373
-5.96787e-10
   0.0291373
   0.0554221
   0.0762817
   0.0896754
   0.0942896
   0.0896754
   0.0762817
   0.0554221
   0.0291373
 5.96786e-10
  -0.0291373
  -0.0554221
  -0.0762817
  -0.0896754
  -0.0942896
  -0.0896754
  -0.0762817
  -0.0554221
  -0.0291373
-5.96787e-10
   0.0291373
   0.0554221
   0.0762817
   0.0896754
   0.0409699
    0.038965
   0.0331452
   0.0240815
   0.0126605
  2.5931e-10
  -0.0126605
  -0.0240815
  -0.0331452
   -0.038965
  -0.0409699
   -0.038965
  -0.0331452
  -0.0240815
  -0.0126605
-2.59311e-10
   0.0126605
   0.0240815
   0.0331452
    0.038965
   0.0409699
    0.038965
   0.0331452
   0.0240815
   0.0126605
  2.5931e-10
  -0.0126605
  -0.0240815
  -0.0331452
   -0.038965
  -0.0409699
   -0.038965
  -0.0331452
  -0.0240815
  -0.0126605
 -2.5931e-10
   0.0126605
   0.0240815
   0.0331452
    0.038965
  -0.0409699
   -0.038965
  -0.0331452
  -0.0240815
  -0.0126605
 -2.5931e-10
   0.0126605
   0.0240815
   0.0331452
    0.038965
   0.0409699
    0.038965
   0.0331452
   0.0240815
   0.0126605
 2.59311e-10
  -0.0126605
  -0.0240815
  -0.0331452
   -0.038965
  -0.0409699
   -0.038965
  -0.0331452
  -0.0240815
  -0.0126605
-2.59312e-10
   0.0126605
   0.0240815
   0.0331452
    0.038965
   0.0409699
    0.038965
   0.0331452
   0.0240815
   0.0126605
  2.5931e-10
  -0.0126605
  -0.0240815
  -0.0331452
   -0.038965
  -0.0942896
  -0.0896754
  -0.0762817
  -0.0554221
  -0.0291373
-5.96786e-10
   0.0291373
   0.0554221
   0.0762817
   0.0896754
   0.0942896
   0.0896754
   0.0762817
   0.0554221
   0.0291373
 5.96787e-10
  -0.0291373
  -0.0554221
  -0.0762817
  -0.0896754
  -0.0942896
  -0.0896754
  -0.0762817
  -0.0554221
  -0.0291373
-5.96787e-10
   0.0291373
   0.0554221
   0.0762817
   0.0896754
   0.0942896
   0.0896754
   0.0762817
   0.0554221
   0.0291373
 5.96787e-10
  -0.0291373
  -0.0554221
  -0.0762817
  -0.0896754
  -0.0945448
  -0.0899179
  -0.0764882
   -0.055572
  -0.0292161
  -5.984e-10
   0.0292161
    0.055572
   0.0764881
   0.0899179
   0.0945448
   0.0899179
   0.0764882
    0.055572
   0.0292161
 5.98402e-10
  -0.0292161
   -0.055572
  -0.0764881
  -0.0899179
  -0.0945448
  -0.0899179
  -0.0764882
   -0.055572
  -0.0292161
-5.98401e-10
   0.0292161
    0.055572
   0.0764881
   0.0899179
   0.0945448
   0.0899179
   0.0764882
    0.055572
   0.0292161
 5.98401e-10
  -0.0292161
   -0.055572
  -0.0764881
  -0.0899179
  -0.0638115
  -0.0606886
  -0.0516245
  -0.0375074
  -0.0197189
 -4.0388e-10
   0.0197189
   0.0375074
   0.0516245
   0.0606886
   0.0638115
   0.0606886
   0.0516245
   0.0375074
   0.0197189
  4.0388e-10
  -0.0197189
  -0.0375074
  -0.0516245
  -0.0606886
  -0.0638115
  -0.0606886
  -0.0516245
  -0.0375074
  -0.0197189
 -4.0388e-10
   0.0197189
   0.0375074
   0.0516245
   0.0606886
   0.0638115
   0.0606886
   0.0516245
   0.0375074
   0.0197189
 4.03881e-10
  -0.0197189
  -0.0375074
  -0.0516245
  -0.0606886
  -0.0307393
  -0.0292348
  -0.0248686
  -0.0180681
   -0.009499
-1.94556e-10
    0.009499
   0.0180681
   0.0248686
   0.0292348
   0.0307393
   0.0292348
   0.0248686
   0.0180681
    0.009499
 1.94558e-10
   -0.009499
  -0.0180681
  -0.0248686
  -0.0292348
  -0.0307393
  -0.0292348
  -0.0248686
  -0.0180681
   -0.009499
-1.94556e-10
    0.009499
   0.0180681
   0.0248686
   0.0292348
   0.0307393
   0.0292348
   0.0248686
   0.0180681
    0.009499
 1.94556e-10
   -0.009499
  -0.0180681
  -0.0248686
  -0.0292348
 -0.00790641
 -0.00751938
 -0.00639645
 -0.00464725
 -0.00244321
-5.00407e-11
  0.00244321
  0.00464725
  0.00639645
  0.00751938
  0.00790641
  0.00751938
  0.00639645
  0.00464725
  0.00244321
 5.00413e-11
 -0.00244321
 -0.00464725
 -0.00639645
 -0.00751938
 -0.00790641
 -0.00751938
 -0.00639645
 -0.00464725
 -0.00244321
-5.00414e-11
  0.00244321
  0.00464725
  0.00639645
  0.00751938
  0.00790641
  0.00751938
  0.00639645
  0.00464725
  0.00244321
 5.00419e-11
 -0.00244321
 -0.00464725
 -0.00639645
 -0.00751938
  0.00428602
  0.00407632
  0.00346743
  0.00251927
  0.00132447
 2.71282e-11
 -0.00132447
 -0.00251927
 -0.00346743
 -0.00407632
 -0.00428602
 -0.00407632
 -0.00346743
 -0.00251927
 -0.00132447
-2.71288e-11
  0.00132447
  0.00251927
  0.00346743
  0.00407632
  0.00428602
  0.00407632
  0.00346743
  0.00251927
  0.00132447
 2.71278e-11
 -0.00132447
 -0.00251927
 -0.00346743
 -0.00407632
 -0.00428602
 -0.00407632
 -0.00346743
 -0.00251927
 -0.00132447
-2.71274e-11
  0.00132447
  0.00251927
  0.00346743
  0.00407632
   0.0092888
  0.00883424
  0.00751477
  0.00545983
  0.00287042
  5.8792e-11
 -0.00287042
 -0.00545982
 -0.00751477
 -0.00883424
  -0.0092888
 -0.00883424
 -0.00751477
 -0.00545983
 -0.00287042
-5.87921e-11
  0.00287042
  0.00545982
  0.00751477
  0.00883424
   0.0092888
  0.00883424
  0.00751477
  0.00545983
  0.00287042
 5.87919e-11
 -0.00287042
 -0.00545982
 -0.00751477
 -0.00883424
  -0.0092888
 -0.00883424
 -0.00751477
 -0.00545983
 -0.00287042
-5.87918e-11
  0.00287042
  0.00545982
  0.00751477
  0.00883424
   0.0103454
  0.00983911
  0.00836959
  0.00608088
  0.00319692
 6.54792e-11
 -0.00319692
 -0.00608088
 -0.00836959
 -0.00983911
  -0.0103454
 -0.00983911
 -0.00836959
 -0.00608088
 -0.00319692
 -6.5479e-11
  0.00319692
  0.00608088
  0.00836959
  0.00983911
   0.0103454
  0.00983911
  0.00836959
  0.00608088
  0.00319692
 6.54791e-11
 -0.00319692
 -0.00608088
 -0.00836959
 -0.00983911
  -0.0103454
 -0.00983911
 -0.00836959
 -0.00608088
 -0.00319692
-6.54791e-11
  0.00319692
  0.00608088
  0.00836959
  0.00983911
  0.00957005
   0.0091017
  0.00774232
  0.00562513
  0.00295732
 6.05714e-11
 -0.00295732
 -0.00562513
 -0.00774232
  -0.0091017
 -0.00957005
  -0.0091017
 -0.00774232
 -0.00562513
 -0.00295732
-6.05713e-11
  0.00295732
  0.00562513
  0.00774232
   0.0091017
  0.00957005
   0.0091017
  0.00774232
  0.00562513
  0.00295732
 6.05715e-11
 -0.00295732
 -0.00562513
 -0.00774232
  -0.0091017
 -0.00957005
  -0.0091017
 -0.00774232
 -0.00562513
 -0.00295732
-6.05714e-11
  0.00295732
  0.00562513
  0.00774232
   0.0091017
  0.00812901
  0.00773117
   0.0065765
  0.00477811
  0.00251201
 5.14505e-11
 -0.00251201
 -0.00477811
  -0.0065765
 -0.00773117
 -0.00812901
 -0.00773117
  -0.0065765
 -0.00477811
 -0.00251201
-5.14505e-11
  0.00251201
  0.00477811
   0.0065765
  0.00773117
  0.00812901
  0.00773117
   0.0065765
  0.00477811
  0.00251201
 5.14507e-11
 -0.00251201
 -0.00477811
  -0.0065765
 -0.00773117
 -0.00812901
 -0.00773117
  -0.0065765
 -0.00477811
 -0.00251201
-5.14506e-11
  0.00251201
  0.00477811
   0.0065765
  0.00773117
  0.00659316
  0.00627049
  0.00533398
  0.00387536
  0.00203741
 4.17296e-11
 -0.00203741
 -0.00387536
 -0.00533398
 -0.00627049
 -0.00659316
 -0.00627049
 -0.00533398
 -0.00387536
 -0.00203741
-4.17298e-11
  0.00203741
  0.00387536
  0.00533398
  0.00627049
  0.00659316
  0.00627049
  0.00533398
  0.00387536
  0.00203741
 4.17299e-11
 -0.00203741
 -0.00387536
 -0.00533398
 -0.00627049
 -0.00659316
 -0.00627049
 -0.00533398
 -0.00387536
 -0.00203741
-4.17299e-11
  0.00203741
  0.00387536
  0.00533398
  0.00627049
