 -0.00190661
 0.000420033
  0.00265512
  0.00431143
  0.00502789
  0.00464835
  0.00325551
  0.00115303
 -0.00120081
  -0.0032929
 -0.00466715
 -0.00502405
 -0.00428575
 -0.00261323
 -0.00037107
    0.001952
  0.00384955
  0.00490794
  0.00489647
  0.00381764
  0.00190661
-0.000420033
 -0.00265512
 -0.00431143
 -0.00502789
 -0.00464835
 -0.00325551
 -0.00115303
  0.00120081
   0.0032929
  0.00466715
  0.00502405
  0.00428575
  0.00261323
  0.00037107
   -0.001952
 -0.00384955
 -0.00490794
 -0.00489647
 -0.00381764
   -0.002629
 0.000579181
  0.00366112
    0.005945
  0.00693293
  0.00640958
    0.004489
   0.0015899
 -0.00165579
 -0.00454055
  -0.0064355
 -0.00692763
 -0.00590959
 -0.00360336
-0.000511664
   0.0026916
  0.00530812
  0.00676753
   0.0067517
  0.00526412
    0.002629
-0.000579181
 -0.00366112
   -0.005945
 -0.00693293
 -0.00640958
   -0.004489
  -0.0015899
  0.00165579
  0.00454055
   0.0064355
  0.00692763
  0.00590959
  0.00360336
 0.000511664
  -0.0026916
 -0.00530812
 -0.00676753
  -0.0067517
 -0.00526412
 -0.00350642
 0.000772481
    0.004883
  0.00792911
  0.00924676
  0.00854876
  0.00598719
  0.00212053
  -0.0022084
 -0.00605594
 -0.00858331
  -0.0092397
 -0.00788188
 -0.00480597
-0.000682428
  0.00358992
  0.00707969
  0.00902616
  0.00900504
  0.00702099
  0.00350642
-0.000772481
   -0.004883
 -0.00792911
 -0.00924676
 -0.00854876
 -0.00598719
 -0.00212053
   0.0022084
  0.00605594
  0.00858331
   0.0092397
  0.00788188
  0.00480597
 0.000682428
 -0.00358992
 -0.00707969
 -0.00902616
 -0.00900504
 -0.00702099
 -0.00441133
 0.000971839
  0.00614317
  0.00997541
   0.0116331
    0.010755
  0.00753233
  0.00266779
 -0.00277832
 -0.00761882
  -0.0107984
  -0.0116242
 -0.00991598
 -0.00604626
-0.000858543
  0.00451638
  0.00890677
   0.0113556
    0.011329
  0.00883293
  0.00441133
-0.000971839
 -0.00614317
 -0.00997541
  -0.0116331
   -0.010755
 -0.00753233
 -0.00266779
  0.00277832
  0.00761882
   0.0107984
   0.0116242
  0.00991598
  0.00604626
 0.000858543
 -0.00451638
 -0.00890677
  -0.0113556
   -0.011329
 -0.00883293
 -0.00496915
  0.00109473
  0.00691997
   0.0112368
   0.0131041
    0.012115
   0.0084848
  0.00300513
 -0.00312964
 -0.00858223
  -0.0121639
  -0.0130941
  -0.0111698
 -0.00681081
-0.000967103
  0.00508749
    0.010033
   0.0127915
   0.0127615
  0.00994987
  0.00496915
 -0.00109473
 -0.00691997
  -0.0112368
  -0.0131041
   -0.012115
  -0.0084848
 -0.00300513
  0.00312964
  0.00858223
   0.0121639
   0.0130941
   0.0111698
  0.00681081
 0.000967103
 -0.00508749
   -0.010033
  -0.0127915
  -0.0127615
 -0.00994987
 -0.00433632
 0.000955317
  0.00603869
  0.00980579
   0.0114353
   0.0105722
  0.00740427
  0.00262244
 -0.00273106
 -0.00748929
  -0.0106148
  -0.0114266
 -0.00974733
 -0.00594344
-0.000843936
  0.00443961
  0.00875533
   0.0111625
   0.0111363
  0.00868276
  0.00433632
-0.000955317
 -0.00603869
 -0.00980579
  -0.0114353
  -0.0105722
 -0.00740427
 -0.00262244
  0.00273106
  0.00748929
   0.0106148
   0.0114266
  0.00974733
  0.00594344
 0.000843936
 -0.00443961
 -0.00875533
  -0.0111625
  -0.0111363
 -0.00868276
-0.000973032
 0.000214375
  0.00135502
  0.00220037
  0.00256606
  0.00237242
  0.00166151
 0.000588479
-0.000612806
 -0.00168058
 -0.00238187
 -0.00256411
 -0.00218718
 -0.00133366
-0.000189361
 0.000996261
  0.00196467
  0.00250479
  0.00249886
   0.0019484
 0.000973032
-0.000214375
 -0.00135502
 -0.00220037
 -0.00256606
 -0.00237242
 -0.00166151
-0.000588479
 0.000612806
  0.00168058
  0.00238187
  0.00256411
  0.00218718
  0.00133366
 0.000189361
-0.000996261
 -0.00196467
 -0.00250479
 -0.00249886
  -0.0019484
  0.00716138
 -0.00157767
 -0.00997286
  -0.0161941
  -0.0188851
  -0.0174595
  -0.0122279
 -0.00433085
  0.00451038
   0.0123684
   0.0175302
   0.0188707
   0.0160977
  0.00981552
  0.00139378
 -0.00733184
  -0.0144592
  -0.0184346
  -0.0183916
  -0.0143393
 -0.00716138
  0.00157767
  0.00997286
   0.0161941
   0.0188851
   0.0174595
   0.0122279
  0.00433085
 -0.00451038
  -0.0123684
  -0.0175302
  -0.0188707
  -0.0160977
 -0.00981552
 -0.00139378
  0.00733184
   0.0144592
   0.0184346
   0.0183916
   0.0143393
   0.0208807
 -0.00460011
  -0.0290782
  -0.0472178
  -0.0550645
  -0.0509078
  -0.0356537
  -0.0126277
    0.013151
   0.0360631
   0.0511137
   0.0550224
   0.0469366
   0.0286196
  0.00406387
  -0.0213779
  -0.0421595
  -0.0537508
   -0.053625
    -0.04181
  -0.0208807
  0.00460011
   0.0290782
   0.0472178
   0.0550645
   0.0509078
   0.0356537
   0.0126277
   -0.013151
  -0.0360631
  -0.0511137
  -0.0550224
  -0.0469366
  -0.0286196
 -0.00406387
   0.0213779
   0.0421595
   0.0537508
    0.053625
     0.04181
   0.0355278
 -0.00782693
  -0.0494755
  -0.0803395
  -0.0936903
   -0.086618
  -0.0606635
  -0.0214857
    0.022376
   0.0613602
    0.086968
   0.0936188
   0.0798608
   0.0486951
  0.00691451
  -0.0363739
  -0.0717329
   -0.091455
  -0.0912409
  -0.0711383
  -0.0355278
  0.00782693
   0.0494755
   0.0803395
   0.0936903
    0.086618
   0.0606635
   0.0214857
   -0.022376
  -0.0613602
   -0.086968
  -0.0936188
  -0.0798608
  -0.0486951
 -0.00691451
   0.0363739
   0.0717329
    0.091455
   0.0912409
   0.0711383
    0.038051
  -0.0083828
  -0.0529892
  -0.0860452
   -0.100344
  -0.0927697
  -0.0649719
  -0.0230116
   0.0239651
   0.0657181
   0.0931444
    0.100268
   0.0855324
   0.0521534
  0.00740557
  -0.0389572
  -0.0768274
  -0.0979501
  -0.0977207
  -0.0761906
   -0.038051
   0.0083828
   0.0529892
   0.0860452
    0.100344
   0.0927697
   0.0649719
   0.0230116
  -0.0239651
  -0.0657181
  -0.0931444
   -0.100268
  -0.0855324
  -0.0521534
 -0.00740557
   0.0389572
   0.0768274
   0.0979501
   0.0977207
   0.0761906
   0.0170675
 -0.00376006
   -0.023768
  -0.0385951
  -0.0450088
  -0.0416114
  -0.0291428
  -0.0103217
   0.0107494
   0.0294775
   0.0417794
   0.0449745
   0.0383651
   0.0233931
  0.00332172
   -0.017474
  -0.0344605
  -0.0439349
   -0.043832
  -0.0341749
  -0.0170675
  0.00376006
    0.023768
   0.0385951
   0.0450088
   0.0416114
   0.0291428
   0.0103217
  -0.0107494
  -0.0294775
  -0.0417794
  -0.0449745
  -0.0383651
  -0.0233931
 -0.00332172
    0.017474
   0.0344605
   0.0439349
    0.043832
   0.0341749
  -0.0170675
  0.00376006
    0.023768
   0.0385951
   0.0450088
   0.0416114
   0.0291428
   0.0103217
  -0.0107494
  -0.0294775
  -0.0417794
  -0.0449745
  -0.0383651
  -0.0233931
 -0.00332172
    0.017474
   0.0344605
   0.0439349
    0.043832
   0.0341749
   0.0170675
 -0.00376006
   -0.023768
  -0.0385951
  -0.0450088
  -0.0416114
  -0.0291428
  -0.0103217
   0.0107494
   0.0294775
   0.0417794
   0.0449745
   0.0383651
   0.0233931
  0.00332172
   -0.017474
  -0.0344605
  -0.0439349
   -0.043832
  -0.0341749
   -0.038051
   0.0083828
   0.0529892
   0.0860452
    0.100344
   0.0927697
   0.0649719
   0.0230116
  -0.0239651
  -0.0657181
  -0.0931444
   -0.100268
  -0.0855324
  -0.0521534
 -0.00740557
   0.0389572
   0.0768274
   0.0979501
   0.0977207
   0.0761906
    0.038051
  -0.0083828
  -0.0529892
  -0.0860452
   -0.100344
  -0.0927697
  -0.0649719
  -0.0230116
   0.0239651
   0.0657181
   0.0931444
    0.100268
   0.0855324
   0.0521534
  0.00740557
  -0.0389572
  -0.0768274
  -0.0979501
  -0.0977207
  -0.0761906
  -0.0355278
  0.00782693
   0.0494755
   0.0803395
   0.0936903
    0.086618
   0.0606635
   0.0214857
   -0.022376
  -0.0613602
   -0.086968
  -0.0936188
  -0.0798608
  -0.0486951
 -0.00691451
   0.0363739
   0.0717329
    0.091455
   0.0912409
   0.0711383
   0.0355278
 -0.00782693
  -0.0494755
  -0.0803395
  -0.0936903
   -0.086618
  -0.0606635
  -0.0214857
    0.022376
   0.0613602
    0.086968
   0.0936188
   0.0798608
   0.0486951
  0.00691451
  -0.0363739
  -0.0717329
   -0.091455
  -0.0912409
  -0.0711383
  -0.0208807
  0.00460011
   0.0290782
   0.0472178
   0.0550645
   0.0509078
   0.0356537
   0.0126277
   -0.013151
  -0.0360631
  -0.0511137
  -0.0550224
  -0.0469366
  -0.0286196
 -0.00406387
   0.0213779
   0.0421595
   0.0537508
    0.053625
     0.04181
   0.0208807
 -0.00460011
  -0.0290782
  -0.0472178
  -0.0550645
  -0.0509078
  -0.0356537
  -0.0126277
    0.013151
   0.0360631
   0.0511137
   0.0550224
   0.0469366
   0.0286196
  0.00406387
  -0.0213779
  -0.0421595
  -0.0537508
   -0.053625
    -0.04181
 -0.00716138
  0.00157767
  0.00997286
   0.0161941
   0.0188851
   0.0174595
   0.0122279
  0.00433085
 -0.00451038
  -0.0123684
  -0.0175302
  -0.0188707
  -0.0160977
 -0.00981552
 -0.00139378
  0.00733184
   0.0144592
   0.0184346
   0.0183916
   0.0143393
  0.00716138
 -0.00157767
 -0.00997286
  -0.0161941
  -0.0188851
  -0.0174595
  -0.0122279
 -0.00433085
  0.00451038
   0.0123684
   0.0175302
   0.0188707
   0.0160977
  0.00981552
  0.00139378
 -0.00733184
  -0.0144592
  -0.0184346
  -0.0183916
  -0.0143393
 0.000973032
-0.000214375
 -0.00135502
 -0.00220037
 -0.00256606
 -0.00237242
 -0.00166151
-0.000588479
 0.000612806
  0.00168058
  0.00238187
  0.00256411
  0.00218718
  0.00133366
 0.000189361
-0.000996261
 -0.00196467
 -0.00250479
 -0.00249886
  -0.0019484
-0.000973032
 0.000214375
  0.00135502
  0.00220037
  0.00256606
  0.00237242
  0.00166151
 0.000588479
-0.000612806
 -0.00168058
 -0.00238187
 -0.00256411
 -0.00218718
 -0.00133366
-0.000189361
 0.000996261
  0.00196467
  0.00250479
  0.00249886
   0.0019484
  0.00433632
-0.000955317
 -0.00603869
 -0.00980579
  -0.0114353
  -0.0105722
 -0.00740427
 -0.00262244
  0.00273106
  0.00748929
   0.0106148
   0.0114266
  0.00974733
  0.00594344
 0.000843936
 -0.00443961
 -0.00875533
  -0.0111625
  -0.0111363
 -0.00868276
 -0.00433632
 0.000955317
  0.00603869
  0.00980579
   0.0114353
   0.0105722
  0.00740427
  0.00262244
 -0.00273106
 -0.00748929
  -0.0106148
  -0.0114266
 -0.00974733
 -0.00594344
-0.000843936
  0.00443961
  0.00875533
   0.0111625
   0.0111363
  0.00868276
  0.00496915
 -0.00109473
 -0.00691997
  -0.0112368
  -0.0131041
   -0.012115
  -0.0084848
 -0.00300513
  0.00312964
  0.00858223
   0.0121639
   0.0130941
   0.0111698
  0.00681081
 0.000967103
 -0.00508749
   -0.010033
  -0.0127915
  -0.0127615
 -0.00994987
 -0.00496915
  0.00109473
  0.00691997
   0.0112368
   0.0131041
    0.012115
   0.0084848
  0.00300513
 -0.00312964
 -0.00858223
  -0.0121639
  -0.0130941
  -0.0111698
 -0.00681081
-0.000967103
  0.00508749
    0.010033
   0.0127915
   0.0127615
  0.00994987
  0.00441133
-0.000971839
 -0.00614317
 -0.00997541
  -0.0116331
   -0.010755
 -0.00753233
 -0.00266779
  0.00277832
  0.00761882
   0.0107984
   0.0116242
  0.00991598
  0.00604626
 0.000858543
 -0.00451638
 -0.00890677
  -0.0113556
   -0.011329
 -0.00883293
 -0.00441133
 0.000971839
  0.00614317
  0.00997541
   0.0116331
    0.010755
  0.00753233
  0.00266779
 -0.00277832
 -0.00761882
  -0.0107984
  -0.0116242
 -0.00991598
 -0.00604626
-0.000858543
  0.00451638
  0.00890677
   0.0113556
    0.011329
  0.00883293
  0.00350642
-0.000772481
   -0.004883
 -0.00792911
 -0.00924676
 -0.00854876
 -0.00598719
 -0.00212053
   0.0022084
  0.00605594
  0.00858331
   0.0092397
  0.00788188
  0.00480597
 0.000682428
 -0.00358992
 -0.00707969
 -0.00902616
 -0.00900504
 -0.00702099
 -0.00350642
 0.000772481
    0.004883
  0.00792911
  0.00924676
  0.00854876
  0.00598719
  0.00212053
  -0.0022084
 -0.00605594
 -0.00858331
  -0.0092397
 -0.00788188
 -0.00480597
-0.000682428
  0.00358992
  0.00707969
  0.00902616
  0.00900504
  0.00702099
    0.002629
-0.000579181
 -0.00366112
   -0.005945
 -0.00693293
 -0.00640958
   -0.004489
  -0.0015899
  0.00165579
  0.00454055
   0.0064355
  0.00692763
  0.00590959
  0.00360336
 0.000511664
  -0.0026916
 -0.00530812
 -0.00676753
  -0.0067517
 -0.00526412
   -0.002629
 0.000579181
  0.00366112
    0.005945
  0.00693293
  0.00640958
    0.004489
   0.0015899
 -0.00165579
 -0.00454055
  -0.0064355
 -0.00692763
 -0.00590959
 -0.00360336
-0.000511664
   0.0026916
  0.00530812
  0.00676753
   0.0067517
  0.00526412
  0.00190661
-0.000420033
 -0.00265512
 -0.00431143
 -0.00502789
 -0.00464835
 -0.00325551
 -0.00115303
  0.00120081
   0.0032929
  0.00466715
  0.00502405
  0.00428575
  0.00261323
  0.00037107
   -0.001952
 -0.00384955
 -0.00490794
 -0.00489647
 -0.00381764
 -0.00190661
 0.000420033
  0.00265512
  0.00431143
  0.00502789
  0.00464835
  0.00325551
  0.00115303
 -0.00120081
  -0.0032929
 -0.00466715
 -0.00502405
 -0.00428575
 -0.00261323
 -0.00037107
    0.001952
  0.00384955
  0.00490794
  0.00489647
  0.00381764
