 -0.00240628
 -0.00209655
-0.000558687
  0.00130645
  0.00240627
  0.00209653
 0.000558643
 -0.00130649
 -0.00240632
 -0.00209657
-0.000558681
  0.00130647
  0.00240632
  0.00209659
 0.000558719
 -0.00130644
 -0.00240629
 -0.00209656
-0.000558693
  0.00130645
  0.00240628
  0.00209655
 0.000558687
 -0.00130645
 -0.00240627
 -0.00209653
-0.000558643
  0.00130649
  0.00240632
  0.00209657
 0.000558681
 -0.00130647
 -0.00240632
 -0.00209659
-0.000558719
  0.00130644
  0.00240629
  0.00209656
 0.000558693
 -0.00130645
 -0.00409264
 -0.00356585
-0.000950218
  0.00222204
  0.00409263
  0.00356582
 0.000950159
 -0.00222208
 -0.00409269
 -0.00356587
-0.000950211
  0.00222206
   0.0040927
  0.00356589
 0.000950266
 -0.00222202
 -0.00409266
 -0.00356587
-0.000950231
  0.00222203
  0.00409264
  0.00356585
 0.000950218
 -0.00222204
 -0.00409263
 -0.00356582
-0.000950159
  0.00222208
  0.00409269
  0.00356587
 0.000950211
 -0.00222206
  -0.0040927
 -0.00356589
-0.000950266
  0.00222202
  0.00409266
  0.00356587
 0.000950231
 -0.00222203
 -0.00689744
 -0.00600963
 -0.00160142
  0.00374487
  0.00689744
  0.00600959
  0.00160135
 -0.00374492
 -0.00689751
 -0.00600965
 -0.00160142
   0.0037449
  0.00689752
  0.00600969
   0.0016015
 -0.00374484
 -0.00689747
 -0.00600965
 -0.00160145
  0.00374486
  0.00689744
  0.00600963
  0.00160142
 -0.00374487
 -0.00689744
 -0.00600959
 -0.00160135
  0.00374492
  0.00689751
  0.00600965
  0.00160142
  -0.0037449
 -0.00689752
 -0.00600969
  -0.0016015
  0.00374484
  0.00689747
  0.00600965
  0.00160145
 -0.00374486
  -0.0114079
 -0.00993948
 -0.00264863
  0.00619375
   0.0114079
  0.00993944
  0.00264853
  -0.0061938
   -0.011408
 -0.00993952
 -0.00264863
  0.00619378
    0.011408
  0.00993956
  0.00264874
 -0.00619371
  -0.0114079
 -0.00993952
 -0.00264867
  0.00619372
   0.0114079
  0.00993948
  0.00264863
 -0.00619375
  -0.0114079
 -0.00993944
 -0.00264853
   0.0061938
    0.011408
  0.00993952
  0.00264863
 -0.00619378
   -0.011408
 -0.00993956
 -0.00264874
  0.00619371
   0.0114079
  0.00993952
  0.00264867
 -0.00619372
  -0.0182445
  -0.0158961
 -0.00423592
  0.00990559
   0.0182445
   0.0158961
  0.00423579
 -0.00990565
  -0.0182446
  -0.0158961
 -0.00423592
  0.00990562
   0.0182446
   0.0158962
  0.00423608
 -0.00990555
  -0.0182446
  -0.0158962
 -0.00423597
  0.00990556
   0.0182445
   0.0158961
  0.00423592
 -0.00990559
  -0.0182445
  -0.0158961
 -0.00423579
  0.00990565
   0.0182446
   0.0158961
  0.00423592
 -0.00990562
  -0.0182446
  -0.0158962
 -0.00423608
  0.00990555
   0.0182446
   0.0158962
  0.00423597
 -0.00990556
  -0.0275564
  -0.0240095
 -0.00639793
   0.0149614
   0.0275565
   0.0240094
  0.00639777
  -0.0149614
  -0.0275565
  -0.0240095
 -0.00639793
   0.0149614
   0.0275566
   0.0240096
  0.00639815
  -0.0149614
  -0.0275566
  -0.0240095
   -0.006398
   0.0149614
   0.0275564
   0.0240095
  0.00639793
  -0.0149614
  -0.0275565
  -0.0240094
 -0.00639777
   0.0149614
   0.0275565
   0.0240095
  0.00639793
  -0.0149614
  -0.0275566
  -0.0240096
 -0.00639815
   0.0149614
   0.0275566
   0.0240095
    0.006398
  -0.0149614
  -0.0377397
  -0.0328821
 -0.00876225
   0.0204903
   0.0377399
   0.0328821
  0.00876208
  -0.0204903
  -0.0377399
  -0.0328821
 -0.00876226
   0.0204903
   0.0377399
   0.0328821
  0.00876252
  -0.0204903
    -0.03774
  -0.0328821
 -0.00876232
   0.0204903
   0.0377397
   0.0328821
  0.00876225
  -0.0204903
  -0.0377399
  -0.0328821
 -0.00876208
   0.0204903
   0.0377399
   0.0328821
  0.00876226
  -0.0204903
  -0.0377399
  -0.0328821
 -0.00876252
   0.0204903
     0.03774
   0.0328821
  0.00876232
  -0.0204903
  -0.0432191
  -0.0376562
  -0.0100344
   0.0234653
   0.0432193
   0.0376562
   0.0100343
  -0.0234652
  -0.0432191
  -0.0376562
  -0.0100344
   0.0234653
   0.0432191
   0.0376561
   0.0100347
  -0.0234653
  -0.0432194
  -0.0376562
  -0.0100345
   0.0234653
   0.0432191
   0.0376562
   0.0100344
  -0.0234653
  -0.0432193
  -0.0376562
  -0.0100343
   0.0234652
   0.0432191
   0.0376562
   0.0100344
  -0.0234653
  -0.0432191
  -0.0376561
  -0.0100347
   0.0234653
   0.0432194
   0.0376562
   0.0100345
  -0.0234653
  -0.0329094
  -0.0286736
 -0.00764073
   0.0178678
   0.0329096
   0.0286736
  0.00764069
  -0.0178676
  -0.0329093
  -0.0286735
 -0.00764076
   0.0178677
   0.0329093
   0.0286734
  0.00764093
  -0.0178678
  -0.0329096
  -0.0286735
 -0.00764076
   0.0178678
   0.0329094
   0.0286736
  0.00764073
  -0.0178678
  -0.0329096
  -0.0286736
 -0.00764069
   0.0178676
   0.0329093
   0.0286735
  0.00764076
  -0.0178677
  -0.0329093
  -0.0286734
 -0.00764093
   0.0178678
   0.0329096
   0.0286735
  0.00764076
  -0.0178678
  0.00494951
  0.00431234
  0.00114919
 -0.00268724
 -0.00494943
 -0.00431225
 -0.00114903
  0.00268737
   0.0049497
   0.0043124
  0.00114916
 -0.00268728
 -0.00494971
 -0.00431253
 -0.00114926
  0.00268716
  0.00494948
  0.00431245
  0.00114922
 -0.00268718
 -0.00494951
 -0.00431234
 -0.00114919
  0.00268724
  0.00494943
  0.00431225
  0.00114903
 -0.00268737
  -0.0049497
  -0.0043124
 -0.00114916
  0.00268728
  0.00494971
  0.00431253
  0.00114926
 -0.00268716
 -0.00494948
 -0.00431245
 -0.00114922
  0.00268718
   0.0661613
   0.0576454
   0.0153611
  -0.0359214
  -0.0661615
  -0.0576452
  -0.0153607
   0.0359215
   0.0661615
   0.0576455
    0.015361
  -0.0359215
  -0.0661616
  -0.0576455
  -0.0153616
   0.0359213
   0.0661617
   0.0576454
   0.0153612
  -0.0359214
  -0.0661613
  -0.0576454
  -0.0153611
   0.0359214
   0.0661615
   0.0576452
   0.0153607
  -0.0359215
  -0.0661615
  -0.0576455
   -0.015361
   0.0359215
   0.0661616
   0.0576455
   0.0153616
  -0.0359213
  -0.0661617
  -0.0576454
  -0.0153612
   0.0359214
     0.11684
    0.101801
   0.0271274
  -0.0634367
    -0.11684
   -0.101801
  -0.0271268
   0.0634368
     0.11684
    0.101801
   0.0271274
  -0.0634369
    -0.11684
   -0.101801
  -0.0271282
   0.0634367
    0.116841
    0.101801
   0.0271275
  -0.0634368
    -0.11684
   -0.101801
  -0.0271274
   0.0634367
     0.11684
    0.101801
   0.0271268
  -0.0634368
    -0.11684
   -0.101801
  -0.0271274
   0.0634369
     0.11684
    0.101801
   0.0271282
  -0.0634367
   -0.116841
   -0.101801
  -0.0271275
   0.0634368
     0.11684
    0.101801
   0.0271274
  -0.0634367
    -0.11684
   -0.101801
  -0.0271268
   0.0634368
     0.11684
    0.101801
   0.0271274
  -0.0634369
    -0.11684
   -0.101801
  -0.0271282
   0.0634367
    0.116841
    0.101801
   0.0271275
  -0.0634368
    -0.11684
   -0.101801
  -0.0271274
   0.0634367
     0.11684
    0.101801
   0.0271268
  -0.0634368
    -0.11684
   -0.101801
  -0.0271274
   0.0634369
     0.11684
    0.101801
   0.0271282
  -0.0634367
   -0.116841
   -0.101801
  -0.0271275
   0.0634368
   0.0661613
   0.0576454
   0.0153611
  -0.0359214
  -0.0661615
  -0.0576452
  -0.0153607
   0.0359215
   0.0661615
   0.0576455
    0.015361
  -0.0359215
  -0.0661616
  -0.0576455
  -0.0153616
   0.0359213
   0.0661617
   0.0576454
   0.0153612
  -0.0359214
  -0.0661613
  -0.0576454
  -0.0153611
   0.0359214
   0.0661615
   0.0576452
   0.0153607
  -0.0359215
  -0.0661615
  -0.0576455
   -0.015361
   0.0359215
   0.0661616
   0.0576455
   0.0153616
  -0.0359213
  -0.0661617
  -0.0576454
  -0.0153612
   0.0359214
  0.00494951
  0.00431234
  0.00114919
 -0.00268724
 -0.00494943
 -0.00431225
 -0.00114903
  0.00268737
   0.0049497
   0.0043124
  0.00114916
 -0.00268728
 -0.00494971
 -0.00431253
 -0.00114926
  0.00268716
  0.00494948
  0.00431245
  0.00114922
 -0.00268718
 -0.00494951
 -0.00431234
 -0.00114919
  0.00268724
  0.00494943
  0.00431225
  0.00114903
 -0.00268737
  -0.0049497
  -0.0043124
 -0.00114916
  0.00268728
  0.00494971
  0.00431253
  0.00114926
 -0.00268716
 -0.00494948
 -0.00431245
 -0.00114922
  0.00268718
  -0.0329094
  -0.0286736
 -0.00764073
   0.0178678
   0.0329096
   0.0286736
  0.00764069
  -0.0178676
  -0.0329093
  -0.0286735
 -0.00764076
   0.0178677
   0.0329093
   0.0286734
  0.00764093
  -0.0178678
  -0.0329096
  -0.0286735
 -0.00764076
   0.0178678
   0.0329094
   0.0286736
  0.00764073
  -0.0178678
  -0.0329096
  -0.0286736
 -0.00764069
   0.0178676
   0.0329093
   0.0286735
  0.00764076
  -0.0178677
  -0.0329093
  -0.0286734
 -0.00764093
   0.0178678
   0.0329096
   0.0286735
  0.00764076
  -0.0178678
  -0.0432191
  -0.0376562
  -0.0100344
   0.0234653
   0.0432193
   0.0376562
   0.0100343
  -0.0234652
  -0.0432191
  -0.0376562
  -0.0100344
   0.0234653
   0.0432191
   0.0376561
   0.0100347
  -0.0234653
  -0.0432194
  -0.0376562
  -0.0100345
   0.0234653
   0.0432191
   0.0376562
   0.0100344
  -0.0234653
  -0.0432193
  -0.0376562
  -0.0100343
   0.0234652
   0.0432191
   0.0376562
   0.0100344
  -0.0234653
  -0.0432191
  -0.0376561
  -0.0100347
   0.0234653
   0.0432194
   0.0376562
   0.0100345
  -0.0234653
  -0.0377397
  -0.0328821
 -0.00876225
   0.0204903
   0.0377399
   0.0328821
  0.00876208
  -0.0204903
  -0.0377399
  -0.0328821
 -0.00876226
   0.0204903
   0.0377399
   0.0328821
  0.00876252
  -0.0204903
    -0.03774
  -0.0328821
 -0.00876232
   0.0204903
   0.0377397
   0.0328821
  0.00876225
  -0.0204903
  -0.0377399
  -0.0328821
 -0.00876208
   0.0204903
   0.0377399
   0.0328821
  0.00876226
  -0.0204903
  -0.0377399
  -0.0328821
 -0.00876252
   0.0204903
     0.03774
   0.0328821
  0.00876232
  -0.0204903
  -0.0275564
  -0.0240095
 -0.00639793
   0.0149614
   0.0275565
   0.0240094
  0.00639777
  -0.0149614
  -0.0275565
  -0.0240095
 -0.00639793
   0.0149614
   0.0275566
   0.0240096
  0.00639815
  -0.0149614
  -0.0275566
  -0.0240095
   -0.006398
   0.0149614
   0.0275564
   0.0240095
  0.00639793
  -0.0149614
  -0.0275565
  -0.0240094
 -0.00639777
   0.0149614
   0.0275565
   0.0240095
  0.00639793
  -0.0149614
  -0.0275566
  -0.0240096
 -0.00639815
   0.0149614
   0.0275566
   0.0240095
    0.006398
  -0.0149614
  -0.0182445
  -0.0158961
 -0.00423592
  0.00990559
   0.0182445
   0.0158961
  0.00423579
 -0.00990565
  -0.0182446
  -0.0158961
 -0.00423592
  0.00990562
   0.0182446
   0.0158962
  0.00423608
 -0.00990555
  -0.0182446
  -0.0158962
 -0.00423597
  0.00990556
   0.0182445
   0.0158961
  0.00423592
 -0.00990559
  -0.0182445
  -0.0158961
 -0.00423579
  0.00990565
   0.0182446
   0.0158961
  0.00423592
 -0.00990562
  -0.0182446
  -0.0158962
 -0.00423608
  0.00990555
   0.0182446
   0.0158962
  0.00423597
 -0.00990556
  -0.0114079
 -0.00993948
 -0.00264863
  0.00619375
   0.0114079
  0.00993944
  0.00264853
  -0.0061938
   -0.011408
 -0.00993952
 -0.00264863
  0.00619378
    0.011408
  0.00993956
  0.00264874
 -0.00619371
  -0.0114079
 -0.00993952
 -0.00264867
  0.00619372
   0.0114079
  0.00993948
  0.00264863
 -0.00619375
  -0.0114079
 -0.00993944
 -0.00264853
   0.0061938
    0.011408
  0.00993952
  0.00264863
 -0.00619378
   -0.011408
 -0.00993956
 -0.00264874
  0.00619371
   0.0114079
  0.00993952
  0.00264867
 -0.00619372
 -0.00689744
 -0.00600963
 -0.00160142
  0.00374487
  0.00689744
  0.00600959
  0.00160135
 -0.00374492
 -0.00689751
 -0.00600965
 -0.00160142
   0.0037449
  0.00689752
  0.00600969
   0.0016015
 -0.00374484
 -0.00689747
 -0.00600965
 -0.00160145
  0.00374486
  0.00689744
  0.00600963
  0.00160142
 -0.00374487
 -0.00689744
 -0.00600959
 -0.00160135
  0.00374492
  0.00689751
  0.00600965
  0.00160142
  -0.0037449
 -0.00689752
 -0.00600969
  -0.0016015
  0.00374484
  0.00689747
  0.00600965
  0.00160145
 -0.00374486
 -0.00409264
 -0.00356585
-0.000950218
  0.00222204
  0.00409263
  0.00356582
 0.000950159
 -0.00222208
 -0.00409269
 -0.00356587
-0.000950211
  0.00222206
   0.0040927
  0.00356589
 0.000950266
 -0.00222202
 -0.00409266
 -0.00356587
-0.000950231
  0.00222203
  0.00409264
  0.00356585
 0.000950218
 -0.00222204
 -0.00409263
 -0.00356582
-0.000950159
  0.00222208
  0.00409269
  0.00356587
 0.000950211
 -0.00222206
  -0.0040927
 -0.00356589
-0.000950266
  0.00222202
  0.00409266
  0.00356587
 0.000950231
 -0.00222203
 -0.00240628
 -0.00209655
-0.000558687
  0.00130645
  0.00240627
  0.00209653
 0.000558643
 -0.00130649
 -0.00240632
 -0.00209657
-0.000558681
  0.00130647
  0.00240632
  0.00209659
 0.000558719
 -0.00130644
 -0.00240629
 -0.00209656
-0.000558693
  0.00130645
  0.00240628
  0.00209655
 0.000558687
 -0.00130645
 -0.00240627
 -0.00209653
-0.000558643
  0.00130649
  0.00240632
  0.00209657
 0.000558681
 -0.00130647
 -0.00240632
 -0.00209659
-0.000558719
  0.00130644
  0.00240629
  0.00209656
 0.000558693
 -0.00130645
