 0.00335527
 0.00271448
 0.00103684
-0.00103684
-0.00271446
-0.00335527
-0.00271446
-0.00103684
 0.00103684
 0.00271448
 0.00335527
 0.00271448
 0.00103684
-0.00103684
-0.00271446
-0.00335527
-0.00271446
-0.00103684
 0.00103684
 0.00271448
 0.00335527
 0.00271448
 0.00103684
-0.00103684
-0.00271446
-0.00335527
-0.00271446
-0.00103684
 0.00103684
 0.00271448
 0.00335527
 0.00271448
 0.00103684
-0.00103684
-0.00271446
-0.00335527
-0.00271446
-0.00103684
 0.00103684
 0.00271448
 0.00512696
 0.00414781
 0.00158432
-0.00158433
 -0.0041478
-0.00512697
 -0.0041478
-0.00158433
 0.00158432
 0.00414781
 0.00512696
 0.00414781
 0.00158432
-0.00158433
 -0.0041478
-0.00512697
 -0.0041478
-0.00158433
 0.00158432
 0.00414781
 0.00512696
 0.00414781
 0.00158432
-0.00158433
 -0.0041478
-0.00512697
 -0.0041478
-0.00158433
 0.00158432
 0.00414781
 0.00512696
 0.00414781
 0.00158432
-0.00158433
 -0.0041478
-0.00512697
 -0.0041478
-0.00158433
 0.00158432
 0.00414781
 0.00762578
 0.00616942
  0.0023565
-0.00235651
-0.00616939
-0.00762581
-0.00616939
-0.00235651
  0.0023565
 0.00616942
 0.00762578
 0.00616942
  0.0023565
-0.00235651
-0.00616939
-0.00762581
-0.00616939
-0.00235651
  0.0023565
 0.00616942
 0.00762578
 0.00616942
  0.0023565
-0.00235651
-0.00616939
-0.00762581
-0.00616939
-0.00235651
  0.0023565
 0.00616942
 0.00762578
 0.00616942
  0.0023565
-0.00235651
-0.00616939
-0.00762581
-0.00616939
-0.00235651
  0.0023565
 0.00616942
  0.0108201
 0.00875371
  0.0033436
-0.00334362
-0.00875367
 -0.0108202
-0.00875367
-0.00334362
  0.0033436
 0.00875371
  0.0108201
 0.00875371
  0.0033436
-0.00334362
-0.00875367
 -0.0108202
-0.00875367
-0.00334362
  0.0033436
 0.00875371
  0.0108201
 0.00875371
  0.0033436
-0.00334362
-0.00875367
 -0.0108202
-0.00875367
-0.00334362
  0.0033436
 0.00875371
  0.0108201
 0.00875371
  0.0033436
-0.00334362
-0.00875367
 -0.0108202
-0.00875367
-0.00334362
  0.0033436
 0.00875371
  0.0141038
  0.0114103
 0.00435831
-0.00435835
 -0.0114102
 -0.0141039
 -0.0114102
-0.00435835
 0.00435831
  0.0114103
  0.0141038
  0.0114103
 0.00435831
-0.00435835
 -0.0114102
 -0.0141039
 -0.0114102
-0.00435835
 0.00435831
  0.0114103
  0.0141038
  0.0114103
 0.00435831
-0.00435835
 -0.0114102
 -0.0141039
 -0.0114102
-0.00435835
 0.00435831
  0.0114103
  0.0141038
  0.0114103
 0.00435831
-0.00435835
 -0.0114102
 -0.0141039
 -0.0114102
-0.00435835
 0.00435831
  0.0114103
  0.0155057
  0.0125445
  0.0047915
-0.00479157
 -0.0125444
 -0.0155058
 -0.0125444
-0.00479157
  0.0047915
  0.0125445
  0.0155057
  0.0125445
  0.0047915
-0.00479157
 -0.0125444
 -0.0155058
 -0.0125444
-0.00479157
  0.0047915
  0.0125445
  0.0155057
  0.0125445
  0.0047915
-0.00479157
 -0.0125444
 -0.0155058
 -0.0125444
-0.00479157
  0.0047915
  0.0125445
  0.0155057
  0.0125445
  0.0047915
-0.00479157
 -0.0125444
 -0.0155058
 -0.0125444
-0.00479157
  0.0047915
  0.0125445
  0.0105602
 0.00854347
 0.00326324
-0.00326333
-0.00854345
 -0.0105604
-0.00854345
-0.00326333
 0.00326324
 0.00854347
  0.0105602
 0.00854347
 0.00326324
-0.00326333
-0.00854345
 -0.0105604
-0.00854345
-0.00326333
 0.00326324
 0.00854347
  0.0105602
 0.00854347
 0.00326324
-0.00326333
-0.00854345
 -0.0105604
-0.00854345
-0.00326333
 0.00326324
 0.00854347
  0.0105602
 0.00854347
 0.00326324
-0.00326333
-0.00854345
 -0.0105604
-0.00854345
-0.00326333
 0.00326324
 0.00854347
-0.00797074
-0.00644841
-0.00246314
 0.00246305
 0.00644835
 0.00797057
 0.00644835
 0.00246305
-0.00246314
-0.00644841
-0.00797074
-0.00644841
-0.00246314
 0.00246305
 0.00644835
 0.00797057
 0.00644835
 0.00246305
-0.00246314
-0.00644841
-0.00797074
-0.00644841
-0.00246314
 0.00246305
 0.00644835
 0.00797057
 0.00644835
 0.00246305
-0.00246314
-0.00644841
-0.00797074
-0.00644841
-0.00246314
 0.00246305
 0.00644835
 0.00797057
 0.00644835
 0.00246305
-0.00246314
-0.00644841
 -0.0455698
 -0.0368669
 -0.0140819
  0.0140819
  0.0368667
  0.0455699
  0.0368667
  0.0140819
 -0.0140819
 -0.0368669
 -0.0455698
 -0.0368669
 -0.0140819
  0.0140819
  0.0368667
  0.0455699
  0.0368667
  0.0140819
 -0.0140819
 -0.0368669
 -0.0455698
 -0.0368669
 -0.0140819
  0.0140819
  0.0368667
  0.0455699
  0.0368667
  0.0140819
 -0.0140819
 -0.0368669
 -0.0455698
 -0.0368669
 -0.0140819
  0.0140819
  0.0368667
  0.0455699
  0.0368667
  0.0140819
 -0.0140819
 -0.0368669
 -0.0916478
 -0.0741452
 -0.0283208
  0.0283208
  0.0741447
  0.0916484
  0.0741447
  0.0283208
 -0.0283208
 -0.0741452
 -0.0916478
 -0.0741452
 -0.0283208
  0.0283208
  0.0741447
  0.0916484
  0.0741447
  0.0283208
 -0.0283208
 -0.0741452
 -0.0916478
 -0.0741452
 -0.0283208
  0.0283208
  0.0741447
  0.0916484
  0.0741447
  0.0283208
 -0.0283208
 -0.0741452
 -0.0916478
 -0.0741452
 -0.0283208
  0.0283208
  0.0741447
  0.0916484
  0.0741447
  0.0283208
 -0.0283208
 -0.0741452
  -0.106157
 -0.0858838
 -0.0328044
  0.0328045
  0.0858832
   0.106158
  0.0858832
  0.0328045
 -0.0328044
 -0.0858838
  -0.106157
 -0.0858838
 -0.0328044
  0.0328045
  0.0858832
   0.106158
  0.0858832
  0.0328045
 -0.0328044
 -0.0858838
  -0.106157
 -0.0858838
 -0.0328044
  0.0328045
  0.0858832
   0.106158
  0.0858832
  0.0328045
 -0.0328044
 -0.0858838
  -0.106157
 -0.0858838
 -0.0328044
  0.0328045
  0.0858832
   0.106158
  0.0858832
  0.0328045
 -0.0328044
 -0.0858838
 -0.0492682
 -0.0398592
 -0.0152247
  0.0152248
  0.0398589
  0.0492686
  0.0398589
  0.0152248
 -0.0152247
 -0.0398592
 -0.0492682
 -0.0398592
 -0.0152247
  0.0152248
  0.0398589
  0.0492686
  0.0398589
  0.0152248
 -0.0152247
 -0.0398592
 -0.0492682
 -0.0398592
 -0.0152247
  0.0152248
  0.0398589
  0.0492686
  0.0398589
  0.0152248
 -0.0152247
 -0.0398592
 -0.0492682
 -0.0398592
 -0.0152247
  0.0152248
  0.0398589
  0.0492686
  0.0398589
  0.0152248
 -0.0152247
 -0.0398592
  0.0492682
  0.0398592
  0.0152247
 -0.0152248
 -0.0398589
 -0.0492686
 -0.0398589
 -0.0152248
  0.0152247
  0.0398592
  0.0492682
  0.0398592
  0.0152247
 -0.0152248
 -0.0398589
 -0.0492686
 -0.0398589
 -0.0152248
  0.0152247
  0.0398592
  0.0492682
  0.0398592
  0.0152247
 -0.0152248
 -0.0398589
 -0.0492686
 -0.0398589
 -0.0152248
  0.0152247
  0.0398592
  0.0492682
  0.0398592
  0.0152247
 -0.0152248
 -0.0398589
 -0.0492686
 -0.0398589
 -0.0152248
  0.0152247
  0.0398592
   0.106157
  0.0858838
  0.0328044
 -0.0328045
 -0.0858832
  -0.106158
 -0.0858832
 -0.0328045
  0.0328044
  0.0858838
   0.106157
  0.0858838
  0.0328044
 -0.0328045
 -0.0858832
  -0.106158
 -0.0858832
 -0.0328045
  0.0328044
  0.0858838
   0.106157
  0.0858838
  0.0328044
 -0.0328045
 -0.0858832
  -0.106158
 -0.0858832
 -0.0328045
  0.0328044
  0.0858838
   0.106157
  0.0858838
  0.0328044
 -0.0328045
 -0.0858832
  -0.106158
 -0.0858832
 -0.0328045
  0.0328044
  0.0858838
  0.0916478
  0.0741452
  0.0283208
 -0.0283208
 -0.0741447
 -0.0916484
 -0.0741447
 -0.0283208
  0.0283208
  0.0741452
  0.0916478
  0.0741452
  0.0283208
 -0.0283208
 -0.0741447
 -0.0916484
 -0.0741447
 -0.0283208
  0.0283208
  0.0741452
  0.0916478
  0.0741452
  0.0283208
 -0.0283208
 -0.0741447
 -0.0916484
 -0.0741447
 -0.0283208
  0.0283208
  0.0741452
  0.0916478
  0.0741452
  0.0283208
 -0.0283208
 -0.0741447
 -0.0916484
 -0.0741447
 -0.0283208
  0.0283208
  0.0741452
  0.0455698
  0.0368669
  0.0140819
 -0.0140819
 -0.0368667
 -0.0455699
 -0.0368667
 -0.0140819
  0.0140819
  0.0368669
  0.0455698
  0.0368669
  0.0140819
 -0.0140819
 -0.0368667
 -0.0455699
 -0.0368667
 -0.0140819
  0.0140819
  0.0368669
  0.0455698
  0.0368669
  0.0140819
 -0.0140819
 -0.0368667
 -0.0455699
 -0.0368667
 -0.0140819
  0.0140819
  0.0368669
  0.0455698
  0.0368669
  0.0140819
 -0.0140819
 -0.0368667
 -0.0455699
 -0.0368667
 -0.0140819
  0.0140819
  0.0368669
 0.00797074
 0.00644841
 0.00246314
-0.00246305
-0.00644835
-0.00797057
-0.00644835
-0.00246305
 0.00246314
 0.00644841
 0.00797074
 0.00644841
 0.00246314
-0.00246305
-0.00644835
-0.00797057
-0.00644835
-0.00246305
 0.00246314
 0.00644841
 0.00797074
 0.00644841
 0.00246314
-0.00246305
-0.00644835
-0.00797057
-0.00644835
-0.00246305
 0.00246314
 0.00644841
 0.00797074
 0.00644841
 0.00246314
-0.00246305
-0.00644835
-0.00797057
-0.00644835
-0.00246305
 0.00246314
 0.00644841
 -0.0105602
-0.00854347
-0.00326324
 0.00326333
 0.00854345
  0.0105604
 0.00854345
 0.00326333
-0.00326324
-0.00854347
 -0.0105602
-0.00854347
-0.00326324
 0.00326333
 0.00854345
  0.0105604
 0.00854345
 0.00326333
-0.00326324
-0.00854347
 -0.0105602
-0.00854347
-0.00326324
 0.00326333
 0.00854345
  0.0105604
 0.00854345
 0.00326333
-0.00326324
-0.00854347
 -0.0105602
-0.00854347
-0.00326324
 0.00326333
 0.00854345
  0.0105604
 0.00854345
 0.00326333
-0.00326324
-0.00854347
 -0.0155057
 -0.0125445
 -0.0047915
 0.00479157
  0.0125444
  0.0155058
  0.0125444
 0.00479157
 -0.0047915
 -0.0125445
 -0.0155057
 -0.0125445
 -0.0047915
 0.00479157
  0.0125444
  0.0155058
  0.0125444
 0.00479157
 -0.0047915
 -0.0125445
 -0.0155057
 -0.0125445
 -0.0047915
 0.00479157
  0.0125444
  0.0155058
  0.0125444
 0.00479157
 -0.0047915
 -0.0125445
 -0.0155057
 -0.0125445
 -0.0047915
 0.00479157
  0.0125444
  0.0155058
  0.0125444
 0.00479157
 -0.0047915
 -0.0125445
 -0.0141038
 -0.0114103
-0.00435831
 0.00435835
  0.0114102
  0.0141039
  0.0114102
 0.00435835
-0.00435831
 -0.0114103
 -0.0141038
 -0.0114103
-0.00435831
 0.00435835
  0.0114102
  0.0141039
  0.0114102
 0.00435835
-0.00435831
 -0.0114103
 -0.0141038
 -0.0114103
-0.00435831
 0.00435835
  0.0114102
  0.0141039
  0.0114102
 0.00435835
-0.00435831
 -0.0114103
 -0.0141038
 -0.0114103
-0.00435831
 0.00435835
  0.0114102
  0.0141039
  0.0114102
 0.00435835
-0.00435831
 -0.0114103
 -0.0108201
-0.00875371
 -0.0033436
 0.00334362
 0.00875367
  0.0108202
 0.00875367
 0.00334362
 -0.0033436
-0.00875371
 -0.0108201
-0.00875371
 -0.0033436
 0.00334362
 0.00875367
  0.0108202
 0.00875367
 0.00334362
 -0.0033436
-0.00875371
 -0.0108201
-0.00875371
 -0.0033436
 0.00334362
 0.00875367
  0.0108202
 0.00875367
 0.00334362
 -0.0033436
-0.00875371
 -0.0108201
-0.00875371
 -0.0033436
 0.00334362
 0.00875367
  0.0108202
 0.00875367
 0.00334362
 -0.0033436
-0.00875371
-0.00762578
-0.00616942
 -0.0023565
 0.00235651
 0.00616939
 0.00762581
 0.00616939
 0.00235651
 -0.0023565
-0.00616942
-0.00762578
-0.00616942
 -0.0023565
 0.00235651
 0.00616939
 0.00762581
 0.00616939
 0.00235651
 -0.0023565
-0.00616942
-0.00762578
-0.00616942
 -0.0023565
 0.00235651
 0.00616939
 0.00762581
 0.00616939
 0.00235651
 -0.0023565
-0.00616942
-0.00762578
-0.00616942
 -0.0023565
 0.00235651
 0.00616939
 0.00762581
 0.00616939
 0.00235651
 -0.0023565
-0.00616942
-0.00512696
-0.00414781
-0.00158432
 0.00158433
  0.0041478
 0.00512697
  0.0041478
 0.00158433
-0.00158432
-0.00414781
-0.00512696
-0.00414781
-0.00158432
 0.00158433
  0.0041478
 0.00512697
  0.0041478
 0.00158433
-0.00158432
-0.00414781
-0.00512696
-0.00414781
-0.00158432
 0.00158433
  0.0041478
 0.00512697
  0.0041478
 0.00158433
-0.00158432
-0.00414781
-0.00512696
-0.00414781
-0.00158432
 0.00158433
  0.0041478
 0.00512697
  0.0041478
 0.00158433
-0.00158432
-0.00414781
-0.00335527
-0.00271448
-0.00103684
 0.00103684
 0.00271446
 0.00335527
 0.00271446
 0.00103684
-0.00103684
-0.00271448
-0.00335527
-0.00271448
-0.00103684
 0.00103684
 0.00271446
 0.00335527
 0.00271446
 0.00103684
-0.00103684
-0.00271448
-0.00335527
-0.00271448
-0.00103684
 0.00103684
 0.00271446
 0.00335527
 0.00271446
 0.00103684
-0.00103684
-0.00271448
-0.00335527
-0.00271448
-0.00103684
 0.00103684
 0.00271446
 0.00335527
 0.00271446
 0.00103684
-0.00103684
-0.00271448
