-4.40723e-12
 -0.00197218
 -0.00319106
 -0.00319106
 -0.00197219
 4.40585e-12
  0.00197219
  0.00319106
  0.00319106
  0.00197218
-4.40631e-12
 -0.00197218
 -0.00319106
 -0.00319106
 -0.00197219
 4.40723e-12
  0.00197219
  0.00319106
  0.00319106
  0.00197218
-4.40687e-12
 -0.00197218
 -0.00319106
 -0.00319106
 -0.00197219
 4.40581e-12
  0.00197219
  0.00319106
  0.00319106
  0.00197218
-4.40634e-12
 -0.00197218
 -0.00319106
 -0.00319106
 -0.00197219
 4.40546e-12
  0.00197219
  0.00319106
  0.00319106
  0.00197218
-6.73256e-12
 -0.00301356
 -0.00487604
 -0.00487605
 -0.00301358
  6.7322e-12
  0.00301358
  0.00487605
  0.00487604
  0.00301356
-6.73282e-12
 -0.00301356
 -0.00487604
 -0.00487605
 -0.00301358
 6.73323e-12
  0.00301358
  0.00487605
  0.00487604
  0.00301356
-6.73318e-12
 -0.00301356
 -0.00487604
 -0.00487605
 -0.00301358
  6.7325e-12
  0.00301358
  0.00487605
  0.00487604
  0.00301356
 -6.7323e-12
 -0.00301356
 -0.00487604
 -0.00487605
 -0.00301358
 6.73233e-12
  0.00301358
  0.00487605
  0.00487604
  0.00301356
-1.00125e-11
 -0.00448234
 -0.00725257
 -0.00725258
 -0.00448236
 1.00143e-11
  0.00448236
  0.00725258
  0.00725257
  0.00448234
-1.00149e-11
 -0.00448234
 -0.00725257
 -0.00725258
 -0.00448236
 1.00137e-11
  0.00448236
  0.00725258
  0.00725257
  0.00448234
-1.00142e-11
 -0.00448234
 -0.00725257
 -0.00725258
 -0.00448236
 1.00145e-11
  0.00448236
  0.00725258
  0.00725257
  0.00448234
-1.00127e-11
 -0.00448234
 -0.00725257
 -0.00725258
 -0.00448236
 1.00142e-11
  0.00448236
  0.00725258
  0.00725257
  0.00448234
-1.42071e-11
 -0.00635994
  -0.0102906
  -0.0102906
 -0.00635996
 1.42102e-11
  0.00635996
   0.0102906
   0.0102906
  0.00635994
-1.42107e-11
 -0.00635994
  -0.0102906
  -0.0102906
 -0.00635996
 1.42081e-11
  0.00635996
   0.0102906
   0.0102906
  0.00635994
-1.42086e-11
 -0.00635994
  -0.0102906
  -0.0102906
 -0.00635996
 1.42103e-11
  0.00635996
   0.0102906
   0.0102906
  0.00635994
-1.42067e-11
 -0.00635994
  -0.0102906
  -0.0102906
 -0.00635996
 1.42088e-11
  0.00635996
   0.0102906
   0.0102906
  0.00635994
-1.85227e-11
 -0.00829006
  -0.0134135
  -0.0134136
 -0.00829009
 1.85225e-11
  0.00829009
   0.0134136
   0.0134135
  0.00829006
-1.85224e-11
 -0.00829006
  -0.0134135
  -0.0134136
 -0.00829009
  1.8522e-11
  0.00829009
   0.0134136
   0.0134135
  0.00829006
-1.85205e-11
 -0.00829006
  -0.0134135
  -0.0134136
 -0.00829009
 1.85239e-11
  0.00829009
   0.0134136
   0.0134135
  0.00829006
-1.85199e-11
 -0.00829006
  -0.0134135
  -0.0134136
 -0.00829009
 1.85199e-11
  0.00829009
   0.0134136
   0.0134135
  0.00829006
-2.03669e-11
 -0.00911408
  -0.0147468
  -0.0147469
 -0.00911411
 2.03619e-11
  0.00911411
   0.0147469
   0.0147468
  0.00911408
 -2.0362e-11
 -0.00911408
  -0.0147468
  -0.0147469
 -0.00911411
 2.03637e-11
  0.00911411
   0.0147469
   0.0147468
  0.00911408
-2.03607e-11
 -0.00911408
  -0.0147468
  -0.0147469
 -0.00911411
 2.03634e-11
  0.00911411
   0.0147469
   0.0147468
  0.00911408
-2.03634e-11
 -0.00911408
  -0.0147468
  -0.0147469
 -0.00911411
 2.03599e-11
  0.00911411
   0.0147469
   0.0147468
  0.00911408
-1.38673e-11
 -0.00620721
  -0.0100433
  -0.0100434
 -0.00620721
 1.38674e-11
  0.00620721
   0.0100434
   0.0100433
  0.00620721
-1.38689e-11
 -0.00620721
  -0.0100433
  -0.0100434
 -0.00620721
 1.38659e-11
  0.00620721
   0.0100434
   0.0100433
  0.00620721
-1.38677e-11
 -0.00620721
  -0.0100433
  -0.0100434
 -0.00620721
  1.3863e-11
  0.00620721
   0.0100434
   0.0100433
  0.00620721
-1.38673e-11
 -0.00620721
  -0.0100433
  -0.0100434
 -0.00620721
 1.38686e-11
  0.00620721
   0.0100434
   0.0100433
  0.00620721
 1.04658e-11
  0.00468502
  0.00758065
  0.00758059
  0.00468506
-1.04725e-11
 -0.00468506
 -0.00758059
 -0.00758065
 -0.00468502
 1.04736e-11
  0.00468502
  0.00758065
  0.00758059
  0.00468506
-1.04603e-11
 -0.00468506
 -0.00758059
 -0.00758065
 -0.00468502
 1.04653e-11
  0.00468502
  0.00758065
  0.00758059
  0.00468506
-1.04674e-11
 -0.00468506
 -0.00758059
 -0.00758065
 -0.00468502
 1.04693e-11
  0.00468502
  0.00758065
  0.00758059
  0.00468506
 -1.0465e-11
 -0.00468506
 -0.00758059
 -0.00758065
 -0.00468502
 5.98435e-11
   0.0267853
   0.0433395
   0.0433396
   0.0267854
-5.98447e-11
  -0.0267854
  -0.0433396
  -0.0433395
  -0.0267853
 5.98455e-11
   0.0267853
   0.0433395
   0.0433396
   0.0267854
-5.98431e-11
  -0.0267854
  -0.0433396
  -0.0433395
  -0.0267853
 5.98453e-11
   0.0267853
   0.0433395
   0.0433396
   0.0267854
-5.98449e-11
  -0.0267854
  -0.0433396
  -0.0433395
  -0.0267853
   5.984e-11
   0.0267853
   0.0433395
   0.0433396
   0.0267854
-5.98442e-11
  -0.0267854
  -0.0433396
  -0.0433395
  -0.0267853
 1.20355e-10
   0.0538696
   0.0871623
   0.0871627
   0.0538697
-1.20358e-10
  -0.0538697
  -0.0871627
  -0.0871623
  -0.0538696
  1.2036e-10
   0.0538696
   0.0871623
   0.0871627
   0.0538697
-1.20357e-10
  -0.0538697
  -0.0871627
  -0.0871623
  -0.0538696
 1.20356e-10
   0.0538696
   0.0871623
   0.0871627
   0.0538697
-1.20353e-10
  -0.0538697
  -0.0871627
  -0.0871623
  -0.0538696
 1.20353e-10
   0.0538696
   0.0871623
   0.0871627
   0.0538697
-1.20352e-10
  -0.0538697
  -0.0871627
  -0.0871623
  -0.0538696
  1.3941e-10
   0.0623981
    0.100961
    0.100962
   0.0623983
-1.39411e-10
  -0.0623983
   -0.100962
   -0.100961
  -0.0623981
 1.39412e-10
   0.0623981
    0.100961
    0.100962
   0.0623983
-1.39415e-10
  -0.0623983
   -0.100962
   -0.100961
  -0.0623981
 1.39411e-10
   0.0623981
    0.100961
    0.100962
   0.0623983
-1.39407e-10
  -0.0623983
   -0.100962
   -0.100961
  -0.0623981
 1.39412e-10
   0.0623981
    0.100961
    0.100962
   0.0623983
-1.39409e-10
  -0.0623983
   -0.100962
   -0.100961
  -0.0623981
 6.47019e-11
   0.0289593
   0.0468568
    0.046857
   0.0289594
-6.46988e-11
  -0.0289594
   -0.046857
  -0.0468568
  -0.0289593
 6.46993e-11
   0.0289593
   0.0468568
    0.046857
   0.0289594
-6.47022e-11
  -0.0289594
   -0.046857
  -0.0468568
  -0.0289593
 6.47034e-11
   0.0289593
   0.0468568
    0.046857
   0.0289594
-6.46969e-11
  -0.0289594
   -0.046857
  -0.0468568
  -0.0289593
    6.47e-11
   0.0289593
   0.0468568
    0.046857
   0.0289594
-6.47018e-11
  -0.0289594
   -0.046857
  -0.0468568
  -0.0289593
 -6.4699e-11
  -0.0289593
  -0.0468568
   -0.046857
  -0.0289594
 6.47021e-11
   0.0289594
    0.046857
   0.0468568
   0.0289593
 -6.4704e-11
  -0.0289593
  -0.0468568
   -0.046857
  -0.0289594
  6.4699e-11
   0.0289594
    0.046857
   0.0468568
   0.0289593
-6.46979e-11
  -0.0289593
  -0.0468568
   -0.046857
  -0.0289594
 6.46992e-11
   0.0289594
    0.046857
   0.0468568
   0.0289593
-6.47057e-11
  -0.0289593
  -0.0468568
   -0.046857
  -0.0289594
 6.47017e-11
   0.0289594
    0.046857
   0.0468568
   0.0289593
-1.39407e-10
  -0.0623981
   -0.100961
   -0.100962
  -0.0623983
 1.39409e-10
   0.0623983
    0.100962
    0.100961
   0.0623981
-1.39412e-10
  -0.0623981
   -0.100961
   -0.100962
  -0.0623983
 1.39411e-10
   0.0623983
    0.100962
    0.100961
   0.0623981
 -1.3941e-10
  -0.0623981
   -0.100961
   -0.100962
  -0.0623983
 1.39407e-10
   0.0623983
    0.100962
    0.100961
   0.0623981
-1.39411e-10
  -0.0623981
   -0.100961
   -0.100962
  -0.0623983
 1.39409e-10
   0.0623983
    0.100962
    0.100961
   0.0623981
-1.20355e-10
  -0.0538696
  -0.0871623
  -0.0871627
  -0.0538697
 1.20358e-10
   0.0538697
   0.0871627
   0.0871623
   0.0538696
-1.20358e-10
  -0.0538696
  -0.0871623
  -0.0871627
  -0.0538697
 1.20355e-10
   0.0538697
   0.0871627
   0.0871623
   0.0538696
-1.20357e-10
  -0.0538696
  -0.0871623
  -0.0871627
  -0.0538697
 1.20355e-10
   0.0538697
   0.0871627
   0.0871623
   0.0538696
-1.20357e-10
  -0.0538696
  -0.0871623
  -0.0871627
  -0.0538697
 1.20353e-10
   0.0538697
   0.0871627
   0.0871623
   0.0538696
 -5.9845e-11
  -0.0267853
  -0.0433395
  -0.0433396
  -0.0267854
 5.98423e-11
   0.0267854
   0.0433396
   0.0433395
   0.0267853
 -5.9843e-11
  -0.0267853
  -0.0433395
  -0.0433396
  -0.0267854
 5.98446e-11
   0.0267854
   0.0433396
   0.0433395
   0.0267853
-5.98481e-11
  -0.0267853
  -0.0433395
  -0.0433396
  -0.0267854
 5.98453e-11
   0.0267854
   0.0433396
   0.0433395
   0.0267853
-5.98436e-11
  -0.0267853
  -0.0433395
  -0.0433396
  -0.0267854
 5.98481e-11
   0.0267854
   0.0433396
   0.0433395
   0.0267853
-1.04715e-11
 -0.00468502
 -0.00758065
 -0.00758059
 -0.00468506
 1.04668e-11
  0.00468506
  0.00758059
  0.00758065
  0.00468502
 -1.0466e-11
 -0.00468502
 -0.00758065
 -0.00758059
 -0.00468506
 1.04648e-11
  0.00468506
  0.00758059
  0.00758065
  0.00468502
 -1.0466e-11
 -0.00468502
 -0.00758065
 -0.00758059
 -0.00468506
 1.04642e-11
  0.00468506
  0.00758059
  0.00758065
  0.00468502
-1.04649e-11
 -0.00468502
 -0.00758065
 -0.00758059
 -0.00468506
 1.04665e-11
  0.00468506
  0.00758059
  0.00758065
  0.00468502
 1.38683e-11
  0.00620721
   0.0100433
   0.0100434
  0.00620721
 -1.3871e-11
 -0.00620721
  -0.0100434
  -0.0100433
 -0.00620721
 1.38688e-11
  0.00620721
   0.0100433
   0.0100434
  0.00620721
-1.38665e-11
 -0.00620721
  -0.0100434
  -0.0100433
 -0.00620721
 1.38638e-11
  0.00620721
   0.0100433
   0.0100434
  0.00620721
-1.38685e-11
 -0.00620721
  -0.0100434
  -0.0100433
 -0.00620721
 1.38701e-11
  0.00620721
   0.0100433
   0.0100434
  0.00620721
-1.38611e-11
 -0.00620721
  -0.0100434
  -0.0100433
 -0.00620721
 2.03632e-11
  0.00911408
   0.0147468
   0.0147469
  0.00911411
-2.03651e-11
 -0.00911411
  -0.0147469
  -0.0147468
 -0.00911408
 2.03654e-11
  0.00911408
   0.0147468
   0.0147469
  0.00911411
-2.03639e-11
 -0.00911411
  -0.0147469
  -0.0147468
 -0.00911408
 2.03632e-11
  0.00911408
   0.0147468
   0.0147469
  0.00911411
-2.03598e-11
 -0.00911411
  -0.0147469
  -0.0147468
 -0.00911408
 2.03643e-11
  0.00911408
   0.0147468
   0.0147469
  0.00911411
-2.03627e-11
 -0.00911411
  -0.0147469
  -0.0147468
 -0.00911408
 1.85219e-11
  0.00829006
   0.0134135
   0.0134136
  0.00829009
-1.85191e-11
 -0.00829009
  -0.0134136
  -0.0134135
 -0.00829006
  1.8521e-11
  0.00829006
   0.0134135
   0.0134136
  0.00829009
-1.85237e-11
 -0.00829009
  -0.0134136
  -0.0134135
 -0.00829006
 1.85233e-11
  0.00829006
   0.0134135
   0.0134136
  0.00829009
-1.85208e-11
 -0.00829009
  -0.0134136
  -0.0134135
 -0.00829006
 1.85223e-11
  0.00829006
   0.0134135
   0.0134136
  0.00829009
-1.85258e-11
 -0.00829009
  -0.0134136
  -0.0134135
 -0.00829006
 1.42092e-11
  0.00635994
   0.0102906
   0.0102906
  0.00635996
-1.42066e-11
 -0.00635996
  -0.0102906
  -0.0102906
 -0.00635994
 1.42077e-11
  0.00635994
   0.0102906
   0.0102906
  0.00635996
-1.42103e-11
 -0.00635996
  -0.0102906
  -0.0102906
 -0.00635994
 1.42091e-11
  0.00635994
   0.0102906
   0.0102906
  0.00635996
-1.42096e-11
 -0.00635996
  -0.0102906
  -0.0102906
 -0.00635994
 1.42072e-11
  0.00635994
   0.0102906
   0.0102906
  0.00635996
-1.42114e-11
 -0.00635996
  -0.0102906
  -0.0102906
 -0.00635994
 1.00145e-11
  0.00448234
  0.00725257
  0.00725258
  0.00448236
-1.00142e-11
 -0.00448236
 -0.00725258
 -0.00725257
 -0.00448234
 1.00138e-11
  0.00448234
  0.00725257
  0.00725258
  0.00448236
-1.00141e-11
 -0.00448236
 -0.00725258
 -0.00725257
 -0.00448234
 1.00129e-11
  0.00448234
  0.00725257
  0.00725258
  0.00448236
-1.00143e-11
 -0.00448236
 -0.00725258
 -0.00725257
 -0.00448234
 1.00119e-11
  0.00448234
  0.00725257
  0.00725258
  0.00448236
-1.00138e-11
 -0.00448236
 -0.00725258
 -0.00725257
 -0.00448234
 6.73319e-12
  0.00301356
  0.00487604
  0.00487605
  0.00301358
-6.73419e-12
 -0.00301358
 -0.00487605
 -0.00487604
 -0.00301356
 6.73286e-12
  0.00301356
  0.00487604
  0.00487605
  0.00301358
-6.73233e-12
 -0.00301358
 -0.00487605
 -0.00487604
 -0.00301356
 6.73133e-12
  0.00301356
  0.00487604
  0.00487605
  0.00301358
-6.73242e-12
 -0.00301358
 -0.00487605
 -0.00487604
 -0.00301356
 6.73193e-12
  0.00301356
  0.00487604
  0.00487605
  0.00301358
 -6.7312e-12
 -0.00301358
 -0.00487605
 -0.00487604
 -0.00301356
 4.40684e-12
  0.00197218
  0.00319106
  0.00319106
  0.00197219
-4.40753e-12
 -0.00197219
 -0.00319106
 -0.00319106
 -0.00197218
 4.40626e-12
  0.00197218
  0.00319106
  0.00319106
  0.00197219
 -4.4055e-12
 -0.00197219
 -0.00319106
 -0.00319106
 -0.00197218
 4.40535e-12
  0.00197218
  0.00319106
  0.00319106
  0.00197219
 -4.4057e-12
 -0.00197219
 -0.00319106
 -0.00319106
 -0.00197218
 4.40694e-12
  0.00197218
  0.00319106
  0.00319106
  0.00197219
-4.40447e-12
 -0.00197219
 -0.00319106
 -0.00319106
 -0.00197218
