   0.0109626
  0.00887772
  0.00657417
  0.00410876
   0.0015422
 -0.00106236
 -0.00364076
 -0.00612949
 -0.00846731
  -0.0105967
   -0.012465
  -0.0140265
  -0.0152426
  -0.0160834
  -0.0165281
  -0.0165659
  -0.0161957
  -0.0154268
   -0.014278
  -0.0127776
  -0.0109626
 -0.00887772
 -0.00657417
 -0.00410876
  -0.0015422
  0.00106236
  0.00364076
  0.00612949
  0.00846731
   0.0105967
    0.012465
   0.0140265
   0.0152426
   0.0160834
   0.0165281
   0.0165659
   0.0161957
   0.0154268
    0.014278
   0.0127776
   0.0127418
   0.0103185
  0.00764112
  0.00477559
  0.00179249
 -0.00123478
 -0.00423164
 -0.00712428
 -0.00984151
  -0.0123164
   -0.014488
   -0.016303
  -0.0177164
  -0.0186936
  -0.0192105
  -0.0192545
  -0.0188242
  -0.0179305
  -0.0165952
  -0.0148514
  -0.0127418
  -0.0103185
 -0.00764112
 -0.00477559
 -0.00179249
  0.00123478
  0.00423164
  0.00712428
  0.00984151
   0.0123164
    0.014488
    0.016303
   0.0177164
   0.0186936
   0.0192105
   0.0192545
   0.0188242
   0.0179305
   0.0165952
   0.0148514
   0.0145602
   0.0117911
   0.0087316
  0.00545713
   0.0020483
   -0.001411
 -0.00483555
   -0.008141
   -0.011246
  -0.0140742
  -0.0165557
  -0.0186296
  -0.0202447
  -0.0213614
  -0.0219521
  -0.0220023
  -0.0215107
  -0.0204894
  -0.0189635
  -0.0169709
  -0.0145602
  -0.0117911
  -0.0087316
 -0.00545713
  -0.0020483
    0.001411
  0.00483555
    0.008141
    0.011246
   0.0140742
   0.0165557
   0.0186296
   0.0202447
   0.0213614
   0.0219521
   0.0220023
   0.0215107
   0.0204894
   0.0189635
   0.0169709
   0.0161761
   0.0130997
  0.00970062
  0.00606275
  0.00227562
 -0.00156759
  -0.0053722
 -0.00904449
  -0.0124941
  -0.0156361
   -0.018393
  -0.0206971
  -0.0224914
  -0.0237321
  -0.0243884
  -0.0244441
  -0.0238979
  -0.0227633
  -0.0210681
  -0.0188543
  -0.0161761
  -0.0130997
 -0.00970062
 -0.00606275
 -0.00227562
  0.00156759
   0.0053722
  0.00904449
   0.0124941
   0.0156361
    0.018393
   0.0206971
   0.0224914
   0.0237321
   0.0243884
   0.0244441
   0.0238979
   0.0227633
   0.0210681
   0.0188543
   0.0171223
    0.013866
   0.0102681
  0.00641739
  0.00240873
 -0.00165929
 -0.00568645
 -0.00957354
  -0.0132249
  -0.0165507
  -0.0194689
  -0.0219078
  -0.0238071
  -0.0251203
   -0.025815
   -0.025874
  -0.0252958
  -0.0240948
  -0.0223005
  -0.0199572
  -0.0171223
   -0.013866
  -0.0102681
 -0.00641739
 -0.00240873
  0.00165929
  0.00568645
  0.00957354
   0.0132249
   0.0165507
   0.0194689
   0.0219078
   0.0238071
   0.0251203
    0.025815
    0.025874
   0.0252958
   0.0240948
   0.0223005
   0.0199572
   0.0165649
   0.0134146
  0.00993377
  0.00620848
  0.00233031
 -0.00160527
 -0.00550133
 -0.00926188
  -0.0127944
   -0.016012
  -0.0188351
  -0.0211946
   -0.023032
  -0.0243025
  -0.0249746
  -0.0250317
  -0.0244723
  -0.0233104
  -0.0215745
  -0.0193075
  -0.0165649
  -0.0134146
 -0.00993377
 -0.00620848
 -0.00233031
  0.00160527
  0.00550133
  0.00926188
   0.0127944
    0.016012
   0.0188351
   0.0211946
    0.023032
   0.0243025
   0.0249746
   0.0250317
   0.0244723
   0.0233104
   0.0215745
   0.0193075
   0.0131438
   0.0106441
  0.00788216
  0.00492625
  0.00184904
 -0.00127374
 -0.00436515
 -0.00734904
   -0.010152
  -0.0127051
  -0.0149451
  -0.0168173
  -0.0182752
  -0.0192834
  -0.0198166
   -0.019862
  -0.0194181
  -0.0184962
  -0.0171187
    -0.01532
  -0.0131438
  -0.0106441
 -0.00788216
 -0.00492625
 -0.00184904
  0.00127374
  0.00436515
  0.00734904
    0.010152
   0.0127051
   0.0149451
   0.0168173
   0.0182752
   0.0192834
   0.0198166
    0.019862
   0.0194181
   0.0184962
   0.0171187
     0.01532
  0.00494913
  0.00400795
  0.00296792
  0.00185493
 0.000696237
-0.000479618
 -0.00164366
  -0.0027672
 -0.00382258
 -0.00478398
  -0.0056274
 -0.00633243
 -0.00688129
 -0.00726095
 -0.00746176
 -0.00747888
 -0.00731171
 -0.00696453
 -0.00644582
 -0.00576861
 -0.00494913
 -0.00400795
 -0.00296792
 -0.00185493
-0.000696237
 0.000479618
  0.00164366
   0.0027672
  0.00382258
  0.00478398
   0.0056274
  0.00633243
  0.00688129
  0.00726095
  0.00746176
  0.00747888
  0.00731171
  0.00696453
  0.00644582
  0.00576861
 -0.00993074
 -0.00804203
 -0.00595537
 -0.00372201
 -0.00139703
  0.00096236
  0.00329806
  0.00555253
  0.00767032
  0.00959917
   0.0112917
   0.0127062
   0.0138079
   0.0145695
   0.0149723
   0.0150065
   0.0146712
   0.0139747
   0.0129341
   0.0115748
  0.00993074
  0.00804203
  0.00595537
  0.00372201
  0.00139703
 -0.00096236
 -0.00329806
 -0.00555253
 -0.00767032
 -0.00959917
  -0.0112917
  -0.0127062
  -0.0138079
  -0.0145695
  -0.0149723
  -0.0150065
  -0.0146712
  -0.0139747
  -0.0129341
  -0.0115748
  -0.0316121
     -0.0256
  -0.0189574
  -0.0118481
 -0.00444712
  0.00306346
   0.0104986
   0.0176752
   0.0244166
   0.0305568
   0.0359445
   0.0404472
   0.0439539
   0.0463784
   0.0476609
   0.0477698
   0.0467024
   0.0444851
   0.0411723
   0.0368459
   0.0316121
      0.0256
   0.0189574
   0.0118481
  0.00444712
 -0.00306346
  -0.0104986
  -0.0176752
  -0.0244166
  -0.0305568
  -0.0359445
  -0.0404472
  -0.0439539
  -0.0463784
  -0.0476609
  -0.0477698
  -0.0467024
  -0.0444851
  -0.0411723
  -0.0368459
  -0.0555763
  -0.0450067
  -0.0333285
  -0.0208298
 -0.00781835
  0.00538579
   0.0184573
   0.0310742
    0.042926
   0.0537211
   0.0631929
   0.0711092
    0.077274
   0.0815365
   0.0837912
   0.0839829
   0.0821062
   0.0782079
   0.0723838
   0.0647778
   0.0555763
   0.0450067
   0.0333285
   0.0208298
  0.00781835
 -0.00538579
  -0.0184573
  -0.0310742
   -0.042926
  -0.0537211
  -0.0631929
  -0.0711092
   -0.077274
  -0.0815365
  -0.0837912
  -0.0839829
  -0.0821062
  -0.0782079
  -0.0723838
  -0.0647778
  -0.0720805
  -0.0583722
  -0.0432259
  -0.0270156
  -0.0101401
  0.00698519
   0.0239385
   0.0403022
   0.0556735
   0.0696744
    0.081959
   0.0922262
    0.100222
     0.10575
    0.108674
    0.108923
    0.106489
    0.101433
   0.0938792
   0.0840146
   0.0720805
   0.0583722
   0.0432259
   0.0270156
   0.0101401
 -0.00698519
  -0.0239385
  -0.0403022
  -0.0556735
  -0.0696744
   -0.081959
  -0.0922262
   -0.100222
    -0.10575
   -0.108674
   -0.108923
   -0.106489
   -0.101433
  -0.0938792
  -0.0840146
  -0.0720805
  -0.0583722
  -0.0432259
  -0.0270156
  -0.0101401
  0.00698519
   0.0239385
   0.0403022
   0.0556735
   0.0696744
    0.081959
   0.0922262
    0.100222
     0.10575
    0.108674
    0.108923
    0.106489
    0.101433
   0.0938792
   0.0840146
   0.0720805
   0.0583722
   0.0432259
   0.0270156
   0.0101401
 -0.00698519
  -0.0239385
  -0.0403022
  -0.0556735
  -0.0696744
   -0.081959
  -0.0922262
   -0.100222
    -0.10575
   -0.108674
   -0.108923
   -0.106489
   -0.101433
  -0.0938792
  -0.0840146
  -0.0555763
  -0.0450067
  -0.0333285
  -0.0208298
 -0.00781835
  0.00538579
   0.0184573
   0.0310742
    0.042926
   0.0537211
   0.0631929
   0.0711092
    0.077274
   0.0815365
   0.0837912
   0.0839829
   0.0821062
   0.0782079
   0.0723838
   0.0647778
   0.0555763
   0.0450067
   0.0333285
   0.0208298
  0.00781835
 -0.00538579
  -0.0184573
  -0.0310742
   -0.042926
  -0.0537211
  -0.0631929
  -0.0711092
   -0.077274
  -0.0815365
  -0.0837912
  -0.0839829
  -0.0821062
  -0.0782079
  -0.0723838
  -0.0647778
  -0.0316121
     -0.0256
  -0.0189574
  -0.0118481
 -0.00444712
  0.00306346
   0.0104986
   0.0176752
   0.0244166
   0.0305568
   0.0359445
   0.0404472
   0.0439539
   0.0463784
   0.0476609
   0.0477698
   0.0467024
   0.0444851
   0.0411723
   0.0368459
   0.0316121
      0.0256
   0.0189574
   0.0118481
  0.00444712
 -0.00306346
  -0.0104986
  -0.0176752
  -0.0244166
  -0.0305568
  -0.0359445
  -0.0404472
  -0.0439539
  -0.0463784
  -0.0476609
  -0.0477698
  -0.0467024
  -0.0444851
  -0.0411723
  -0.0368459
 -0.00993074
 -0.00804203
 -0.00595537
 -0.00372201
 -0.00139703
  0.00096236
  0.00329806
  0.00555253
  0.00767032
  0.00959917
   0.0112917
   0.0127062
   0.0138079
   0.0145695
   0.0149723
   0.0150065
   0.0146712
   0.0139747
   0.0129341
   0.0115748
  0.00993074
  0.00804203
  0.00595537
  0.00372201
  0.00139703
 -0.00096236
 -0.00329806
 -0.00555253
 -0.00767032
 -0.00959917
  -0.0112917
  -0.0127062
  -0.0138079
  -0.0145695
  -0.0149723
  -0.0150065
  -0.0146712
  -0.0139747
  -0.0129341
  -0.0115748
  0.00494913
  0.00400795
  0.00296792
  0.00185493
 0.000696237
-0.000479618
 -0.00164366
  -0.0027672
 -0.00382258
 -0.00478398
  -0.0056274
 -0.00633243
 -0.00688129
 -0.00726095
 -0.00746176
 -0.00747888
 -0.00731171
 -0.00696453
 -0.00644582
 -0.00576861
 -0.00494913
 -0.00400795
 -0.00296792
 -0.00185493
-0.000696237
 0.000479618
  0.00164366
   0.0027672
  0.00382258
  0.00478398
   0.0056274
  0.00633243
  0.00688129
  0.00726095
  0.00746176
  0.00747888
  0.00731171
  0.00696453
  0.00644582
  0.00576861
   0.0131438
   0.0106441
  0.00788216
  0.00492625
  0.00184904
 -0.00127374
 -0.00436515
 -0.00734904
   -0.010152
  -0.0127051
  -0.0149451
  -0.0168173
  -0.0182752
  -0.0192834
  -0.0198166
   -0.019862
  -0.0194181
  -0.0184962
  -0.0171187
    -0.01532
  -0.0131438
  -0.0106441
 -0.00788216
 -0.00492625
 -0.00184904
  0.00127374
  0.00436515
  0.00734904
    0.010152
   0.0127051
   0.0149451
   0.0168173
   0.0182752
   0.0192834
   0.0198166
    0.019862
   0.0194181
   0.0184962
   0.0171187
     0.01532
   0.0165649
   0.0134146
  0.00993377
  0.00620848
  0.00233031
 -0.00160527
 -0.00550133
 -0.00926188
  -0.0127944
   -0.016012
  -0.0188351
  -0.0211946
   -0.023032
  -0.0243025
  -0.0249746
  -0.0250317
  -0.0244723
  -0.0233104
  -0.0215745
  -0.0193075
  -0.0165649
  -0.0134146
 -0.00993377
 -0.00620848
 -0.00233031
  0.00160527
  0.00550133
  0.00926188
   0.0127944
    0.016012
   0.0188351
   0.0211946
    0.023032
   0.0243025
   0.0249746
   0.0250317
   0.0244723
   0.0233104
   0.0215745
   0.0193075
   0.0171223
    0.013866
   0.0102681
  0.00641739
  0.00240873
 -0.00165929
 -0.00568645
 -0.00957354
  -0.0132249
  -0.0165507
  -0.0194689
  -0.0219078
  -0.0238071
  -0.0251203
   -0.025815
   -0.025874
  -0.0252958
  -0.0240948
  -0.0223005
  -0.0199572
  -0.0171223
   -0.013866
  -0.0102681
 -0.00641739
 -0.00240873
  0.00165929
  0.00568645
  0.00957354
   0.0132249
   0.0165507
   0.0194689
   0.0219078
   0.0238071
   0.0251203
    0.025815
    0.025874
   0.0252958
   0.0240948
   0.0223005
   0.0199572
   0.0161761
   0.0130997
  0.00970062
  0.00606275
  0.00227562
 -0.00156759
  -0.0053722
 -0.00904449
  -0.0124941
  -0.0156361
   -0.018393
  -0.0206971
  -0.0224914
  -0.0237321
  -0.0243884
  -0.0244441
  -0.0238979
  -0.0227633
  -0.0210681
  -0.0188543
  -0.0161761
  -0.0130997
 -0.00970062
 -0.00606275
 -0.00227562
  0.00156759
   0.0053722
  0.00904449
   0.0124941
   0.0156361
    0.018393
   0.0206971
   0.0224914
   0.0237321
   0.0243884
   0.0244441
   0.0238979
   0.0227633
   0.0210681
   0.0188543
   0.0145602
   0.0117911
   0.0087316
  0.00545713
   0.0020483
   -0.001411
 -0.00483555
   -0.008141
   -0.011246
  -0.0140742
  -0.0165557
  -0.0186296
  -0.0202447
  -0.0213614
  -0.0219521
  -0.0220023
  -0.0215107
  -0.0204894
  -0.0189635
  -0.0169709
  -0.0145602
  -0.0117911
  -0.0087316
 -0.00545713
  -0.0020483
    0.001411
  0.00483555
    0.008141
    0.011246
   0.0140742
   0.0165557
   0.0186296
   0.0202447
   0.0213614
   0.0219521
   0.0220023
   0.0215107
   0.0204894
   0.0189635
   0.0169709
   0.0127418
   0.0103185
  0.00764112
  0.00477559
  0.00179249
 -0.00123478
 -0.00423164
 -0.00712428
 -0.00984151
  -0.0123164
   -0.014488
   -0.016303
  -0.0177164
  -0.0186936
  -0.0192105
  -0.0192545
  -0.0188242
  -0.0179305
  -0.0165952
  -0.0148514
  -0.0127418
  -0.0103185
 -0.00764112
 -0.00477559
 -0.00179249
  0.00123478
  0.00423164
  0.00712428
  0.00984151
   0.0123164
    0.014488
    0.016303
   0.0177164
   0.0186936
   0.0192105
   0.0192545
   0.0188242
   0.0179305
   0.0165952
   0.0148514
   0.0109626
  0.00887772
  0.00657417
  0.00410876
   0.0015422
 -0.00106236
 -0.00364076
 -0.00612949
 -0.00846731
  -0.0105967
   -0.012465
  -0.0140265
  -0.0152426
  -0.0160834
  -0.0165281
  -0.0165659
  -0.0161957
  -0.0154268
   -0.014278
  -0.0127776
  -0.0109626
 -0.00887772
 -0.00657417
 -0.00410876
  -0.0015422
  0.00106236
  0.00364076
  0.00612949
  0.00846731
   0.0105967
    0.012465
   0.0140265
   0.0152426
   0.0160834
   0.0165281
   0.0165659
   0.0161957
   0.0154268
    0.014278
   0.0127776
