 -0.00815259
 -0.00815262
 -0.00815257
  -0.0081526
 -0.00815262
 -0.00815264
 -0.00815262
  -0.0081526
 -0.00815257
 -0.00815262
 -0.00815259
 -0.00815262
 -0.00815257
  -0.0081526
 -0.00815262
 -0.00815264
 -0.00815262
  -0.0081526
 -0.00815257
 -0.00815262
 -0.00815259
 -0.00815262
 -0.00815257
  -0.0081526
 -0.00815262
 -0.00815264
 -0.00815262
  -0.0081526
 -0.00815257
 -0.00815262
 -0.00815259
 -0.00815262
 -0.00815257
  -0.0081526
 -0.00815262
 -0.00815264
 -0.00815262
  -0.0081526
 -0.00815257
 -0.00815262
 -0.00602713
 -0.00602717
 -0.00602712
 -0.00602715
 -0.00602716
 -0.00602719
 -0.00602716
 -0.00602715
 -0.00602712
 -0.00602717
 -0.00602713
 -0.00602717
 -0.00602712
 -0.00602715
 -0.00602716
 -0.00602719
 -0.00602716
 -0.00602715
 -0.00602712
 -0.00602717
 -0.00602713
 -0.00602717
 -0.00602712
 -0.00602715
 -0.00602716
 -0.00602719
 -0.00602716
 -0.00602715
 -0.00602712
 -0.00602717
 -0.00602713
 -0.00602717
 -0.00602712
 -0.00602715
 -0.00602716
 -0.00602719
 -0.00602716
 -0.00602715
 -0.00602712
 -0.00602717
 -0.00238419
 -0.00238423
 -0.00238418
 -0.00238422
 -0.00238423
 -0.00238426
 -0.00238423
 -0.00238422
 -0.00238418
 -0.00238423
 -0.00238419
 -0.00238423
 -0.00238418
 -0.00238422
 -0.00238423
 -0.00238426
 -0.00238423
 -0.00238422
 -0.00238418
 -0.00238423
 -0.00238419
 -0.00238423
 -0.00238418
 -0.00238422
 -0.00238423
 -0.00238426
 -0.00238423
 -0.00238422
 -0.00238418
 -0.00238423
 -0.00238419
 -0.00238423
 -0.00238418
 -0.00238422
 -0.00238423
 -0.00238426
 -0.00238423
 -0.00238422
 -0.00238418
 -0.00238423
  0.00343197
  0.00343193
  0.00343197
  0.00343194
  0.00343192
   0.0034319
  0.00343192
  0.00343194
  0.00343197
  0.00343193
  0.00343197
  0.00343193
  0.00343197
  0.00343194
  0.00343192
   0.0034319
  0.00343192
  0.00343194
  0.00343197
  0.00343193
  0.00343197
  0.00343193
  0.00343197
  0.00343194
  0.00343192
   0.0034319
  0.00343192
  0.00343194
  0.00343197
  0.00343193
  0.00343197
  0.00343193
  0.00343197
  0.00343194
  0.00343192
   0.0034319
  0.00343192
  0.00343194
  0.00343197
  0.00343193
   0.0121783
   0.0121782
   0.0121782
   0.0121782
   0.0121782
   0.0121782
   0.0121782
   0.0121782
   0.0121782
   0.0121782
   0.0121783
   0.0121782
   0.0121782
   0.0121782
   0.0121782
   0.0121782
   0.0121782
   0.0121782
   0.0121782
   0.0121782
   0.0121783
   0.0121782
   0.0121782
   0.0121782
   0.0121782
   0.0121782
   0.0121782
   0.0121782
   0.0121782
   0.0121782
   0.0121783
   0.0121782
   0.0121782
   0.0121782
   0.0121782
   0.0121782
   0.0121782
   0.0121782
   0.0121782
   0.0121782
   0.0244138
   0.0244138
   0.0244138
   0.0244138
   0.0244138
   0.0244138
   0.0244138
   0.0244138
   0.0244138
   0.0244138
   0.0244138
   0.0244138
   0.0244138
   0.0244138
   0.0244138
   0.0244138
   0.0244138
   0.0244138
   0.0244138
   0.0244138
   0.0244138
   0.0244138
   0.0244138
   0.0244138
   0.0244138
   0.0244138
   0.0244138
   0.0244138
   0.0244138
   0.0244138
   0.0244138
   0.0244138
   0.0244138
   0.0244138
   0.0244138
   0.0244138
   0.0244138
   0.0244138
   0.0244138
   0.0244138
   0.0396183
   0.0396184
   0.0396182
   0.0396182
   0.0396183
   0.0396183
   0.0396183
   0.0396182
   0.0396182
   0.0396184
   0.0396183
   0.0396184
   0.0396182
   0.0396182
   0.0396183
   0.0396183
   0.0396183
   0.0396182
   0.0396182
   0.0396184
   0.0396183
   0.0396184
   0.0396182
   0.0396182
   0.0396183
   0.0396183
   0.0396183
   0.0396182
   0.0396182
   0.0396184
   0.0396183
   0.0396184
   0.0396182
   0.0396182
   0.0396183
   0.0396183
   0.0396183
   0.0396182
   0.0396182
   0.0396184
   0.0542921
   0.0542923
   0.0542919
   0.0542921
   0.0542921
   0.0542922
   0.0542921
   0.0542921
   0.0542919
   0.0542923
   0.0542921
   0.0542923
   0.0542919
   0.0542921
   0.0542921
   0.0542922
   0.0542921
   0.0542921
   0.0542919
   0.0542923
   0.0542921
   0.0542923
   0.0542919
   0.0542921
   0.0542921
   0.0542922
   0.0542921
   0.0542921
   0.0542919
   0.0542923
   0.0542921
   0.0542923
   0.0542919
   0.0542921
   0.0542921
   0.0542922
   0.0542921
   0.0542921
   0.0542919
   0.0542923
   0.0594938
   0.0594941
   0.0594936
   0.0594938
   0.0594939
   0.0594941
   0.0594939
   0.0594938
   0.0594936
   0.0594941
   0.0594938
   0.0594941
   0.0594936
   0.0594938
   0.0594939
   0.0594941
   0.0594939
   0.0594938
   0.0594936
   0.0594941
   0.0594938
   0.0594941
   0.0594936
   0.0594938
   0.0594939
   0.0594941
   0.0594939
   0.0594938
   0.0594936
   0.0594941
   0.0594938
   0.0594941
   0.0594936
   0.0594938
   0.0594939
   0.0594941
   0.0594939
   0.0594938
   0.0594936
   0.0594941
   0.0421936
   0.0421938
   0.0421934
   0.0421936
   0.0421937
   0.0421939
   0.0421937
   0.0421936
   0.0421934
   0.0421938
   0.0421936
   0.0421938
   0.0421934
   0.0421936
   0.0421937
   0.0421939
   0.0421937
   0.0421936
   0.0421934
   0.0421938
   0.0421936
   0.0421938
   0.0421934
   0.0421936
   0.0421937
   0.0421939
   0.0421937
   0.0421936
   0.0421934
   0.0421938
   0.0421936
   0.0421938
   0.0421934
   0.0421936
   0.0421937
   0.0421939
   0.0421937
   0.0421936
   0.0421934
   0.0421938
-0.000736134
-0.000736163
-0.000736017
-0.000736019
-0.000736028
-0.000736067
-0.000736028
-0.000736019
-0.000736017
-0.000736163
-0.000736134
-0.000736163
-0.000736017
-0.000736019
-0.000736028
-0.000736067
-0.000736028
-0.000736019
-0.000736017
-0.000736163
-0.000736134
-0.000736163
-0.000736017
-0.000736019
-0.000736028
-0.000736067
-0.000736028
-0.000736019
-0.000736017
-0.000736163
-0.000736134
-0.000736163
-0.000736017
-0.000736019
-0.000736028
-0.000736067
-0.000736028
-0.000736019
-0.000736017
-0.000736163
  -0.0424005
  -0.0424008
  -0.0424001
  -0.0424003
  -0.0424005
  -0.0424007
  -0.0424005
  -0.0424003
  -0.0424001
  -0.0424008
  -0.0424005
  -0.0424008
  -0.0424001
  -0.0424003
  -0.0424005
  -0.0424007
  -0.0424005
  -0.0424003
  -0.0424001
  -0.0424008
  -0.0424005
  -0.0424008
  -0.0424001
  -0.0424003
  -0.0424005
  -0.0424007
  -0.0424005
  -0.0424003
  -0.0424001
  -0.0424008
  -0.0424005
  -0.0424008
  -0.0424001
  -0.0424003
  -0.0424005
  -0.0424007
  -0.0424005
  -0.0424003
  -0.0424001
  -0.0424008
  -0.0424005
  -0.0424008
  -0.0424001
  -0.0424003
  -0.0424005
  -0.0424007
  -0.0424005
  -0.0424003
  -0.0424001
  -0.0424008
  -0.0424005
  -0.0424008
  -0.0424001
  -0.0424003
  -0.0424005
  -0.0424007
  -0.0424005
  -0.0424003
  -0.0424001
  -0.0424008
  -0.0424005
  -0.0424008
  -0.0424001
  -0.0424003
  -0.0424005
  -0.0424007
  -0.0424005
  -0.0424003
  -0.0424001
  -0.0424008
  -0.0424005
  -0.0424008
  -0.0424001
  -0.0424003
  -0.0424005
  -0.0424007
  -0.0424005
  -0.0424003
  -0.0424001
  -0.0424008
-0.000736134
-0.000736163
-0.000736017
-0.000736019
-0.000736028
-0.000736067
-0.000736028
-0.000736019
-0.000736017
-0.000736163
-0.000736134
-0.000736163
-0.000736017
-0.000736019
-0.000736028
-0.000736067
-0.000736028
-0.000736019
-0.000736017
-0.000736163
-0.000736134
-0.000736163
-0.000736017
-0.000736019
-0.000736028
-0.000736067
-0.000736028
-0.000736019
-0.000736017
-0.000736163
-0.000736134
-0.000736163
-0.000736017
-0.000736019
-0.000736028
-0.000736067
-0.000736028
-0.000736019
-0.000736017
-0.000736163
   0.0421936
   0.0421938
   0.0421934
   0.0421936
   0.0421937
   0.0421939
   0.0421937
   0.0421936
   0.0421934
   0.0421938
   0.0421936
   0.0421938
   0.0421934
   0.0421936
   0.0421937
   0.0421939
   0.0421937
   0.0421936
   0.0421934
   0.0421938
   0.0421936
   0.0421938
   0.0421934
   0.0421936
   0.0421937
   0.0421939
   0.0421937
   0.0421936
   0.0421934
   0.0421938
   0.0421936
   0.0421938
   0.0421934
   0.0421936
   0.0421937
   0.0421939
   0.0421937
   0.0421936
   0.0421934
   0.0421938
   0.0594938
   0.0594941
   0.0594936
   0.0594938
   0.0594939
   0.0594941
   0.0594939
   0.0594938
   0.0594936
   0.0594941
   0.0594938
   0.0594941
   0.0594936
   0.0594938
   0.0594939
   0.0594941
   0.0594939
   0.0594938
   0.0594936
   0.0594941
   0.0594938
   0.0594941
   0.0594936
   0.0594938
   0.0594939
   0.0594941
   0.0594939
   0.0594938
   0.0594936
   0.0594941
   0.0594938
   0.0594941
   0.0594936
   0.0594938
   0.0594939
   0.0594941
   0.0594939
   0.0594938
   0.0594936
   0.0594941
   0.0542921
   0.0542923
   0.0542919
   0.0542921
   0.0542921
   0.0542922
   0.0542921
   0.0542921
   0.0542919
   0.0542923
   0.0542921
   0.0542923
   0.0542919
   0.0542921
   0.0542921
   0.0542922
   0.0542921
   0.0542921
   0.0542919
   0.0542923
   0.0542921
   0.0542923
   0.0542919
   0.0542921
   0.0542921
   0.0542922
   0.0542921
   0.0542921
   0.0542919
   0.0542923
   0.0542921
   0.0542923
   0.0542919
   0.0542921
   0.0542921
   0.0542922
   0.0542921
   0.0542921
   0.0542919
   0.0542923
   0.0396183
   0.0396184
   0.0396182
   0.0396182
   0.0396183
   0.0396183
   0.0396183
   0.0396182
   0.0396182
   0.0396184
   0.0396183
   0.0396184
   0.0396182
   0.0396182
   0.0396183
   0.0396183
   0.0396183
   0.0396182
   0.0396182
   0.0396184
   0.0396183
   0.0396184
   0.0396182
   0.0396182
   0.0396183
   0.0396183
   0.0396183
   0.0396182
   0.0396182
   0.0396184
   0.0396183
   0.0396184
   0.0396182
   0.0396182
   0.0396183
   0.0396183
   0.0396183
   0.0396182
   0.0396182
   0.0396184
   0.0244138
   0.0244138
   0.0244138
   0.0244138
   0.0244138
   0.0244138
   0.0244138
   0.0244138
   0.0244138
   0.0244138
   0.0244138
   0.0244138
   0.0244138
   0.0244138
   0.0244138
   0.0244138
   0.0244138
   0.0244138
   0.0244138
   0.0244138
   0.0244138
   0.0244138
   0.0244138
   0.0244138
   0.0244138
   0.0244138
   0.0244138
   0.0244138
   0.0244138
   0.0244138
   0.0244138
   0.0244138
   0.0244138
   0.0244138
   0.0244138
   0.0244138
   0.0244138
   0.0244138
   0.0244138
   0.0244138
   0.0121783
   0.0121782
   0.0121782
   0.0121782
   0.0121782
   0.0121782
   0.0121782
   0.0121782
   0.0121782
   0.0121782
   0.0121783
   0.0121782
   0.0121782
   0.0121782
   0.0121782
   0.0121782
   0.0121782
   0.0121782
   0.0121782
   0.0121782
   0.0121783
   0.0121782
   0.0121782
   0.0121782
   0.0121782
   0.0121782
   0.0121782
   0.0121782
   0.0121782
   0.0121782
   0.0121783
   0.0121782
   0.0121782
   0.0121782
   0.0121782
   0.0121782
   0.0121782
   0.0121782
   0.0121782
   0.0121782
  0.00343197
  0.00343193
  0.00343197
  0.00343194
  0.00343192
   0.0034319
  0.00343192
  0.00343194
  0.00343197
  0.00343193
  0.00343197
  0.00343193
  0.00343197
  0.00343194
  0.00343192
   0.0034319
  0.00343192
  0.00343194
  0.00343197
  0.00343193
  0.00343197
  0.00343193
  0.00343197
  0.00343194
  0.00343192
   0.0034319
  0.00343192
  0.00343194
  0.00343197
  0.00343193
  0.00343197
  0.00343193
  0.00343197
  0.00343194
  0.00343192
   0.0034319
  0.00343192
  0.00343194
  0.00343197
  0.00343193
 -0.00238419
 -0.00238423
 -0.00238418
 -0.00238422
 -0.00238423
 -0.00238426
 -0.00238423
 -0.00238422
 -0.00238418
 -0.00238423
 -0.00238419
 -0.00238423
 -0.00238418
 -0.00238422
 -0.00238423
 -0.00238426
 -0.00238423
 -0.00238422
 -0.00238418
 -0.00238423
 -0.00238419
 -0.00238423
 -0.00238418
 -0.00238422
 -0.00238423
 -0.00238426
 -0.00238423
 -0.00238422
 -0.00238418
 -0.00238423
 -0.00238419
 -0.00238423
 -0.00238418
 -0.00238422
 -0.00238423
 -0.00238426
 -0.00238423
 -0.00238422
 -0.00238418
 -0.00238423
 -0.00602713
 -0.00602717
 -0.00602712
 -0.00602715
 -0.00602716
 -0.00602719
 -0.00602716
 -0.00602715
 -0.00602712
 -0.00602717
 -0.00602713
 -0.00602717
 -0.00602712
 -0.00602715
 -0.00602716
 -0.00602719
 -0.00602716
 -0.00602715
 -0.00602712
 -0.00602717
 -0.00602713
 -0.00602717
 -0.00602712
 -0.00602715
 -0.00602716
 -0.00602719
 -0.00602716
 -0.00602715
 -0.00602712
 -0.00602717
 -0.00602713
 -0.00602717
 -0.00602712
 -0.00602715
 -0.00602716
 -0.00602719
 -0.00602716
 -0.00602715
 -0.00602712
 -0.00602717
 -0.00815259
 -0.00815262
 -0.00815257
  -0.0081526
 -0.00815262
 -0.00815264
 -0.00815262
  -0.0081526
 -0.00815257
 -0.00815262
 -0.00815259
 -0.00815262
 -0.00815257
  -0.0081526
 -0.00815262
 -0.00815264
 -0.00815262
  -0.0081526
 -0.00815257
 -0.00815262
 -0.00815259
 -0.00815262
 -0.00815257
  -0.0081526
 -0.00815262
 -0.00815264
 -0.00815262
  -0.0081526
 -0.00815257
 -0.00815262
 -0.00815259
 -0.00815262
 -0.00815257
  -0.0081526
 -0.00815262
 -0.00815264
 -0.00815262
  -0.0081526
 -0.00815257
 -0.00815262
