  0.00132297
 0.000777613
-0.000408856
 -0.00125827
 -0.00107035
-2.84771e-12
  0.00107035
  0.00125827
 0.000408856
-0.000777613
 -0.00132297
-0.000777613
 0.000408856
  0.00125827
  0.00107035
 2.84456e-12
 -0.00107035
 -0.00125827
-0.000408856
 0.000777613
  0.00132297
 0.000777613
-0.000408856
 -0.00125827
 -0.00107035
-2.84672e-12
  0.00107035
  0.00125827
 0.000408856
-0.000777613
 -0.00132297
-0.000777613
 0.000408856
  0.00125827
  0.00107035
 2.84409e-12
 -0.00107035
 -0.00125827
-0.000408856
 0.000777613
  0.00247045
  0.00145209
-0.000763456
 -0.00234961
 -0.00199869
-5.31539e-12
  0.00199869
  0.00234961
 0.000763456
 -0.00145209
 -0.00247045
 -0.00145209
 0.000763456
  0.00234961
  0.00199869
 5.31293e-12
 -0.00199869
 -0.00234961
-0.000763456
  0.00145209
  0.00247045
  0.00145209
-0.000763456
 -0.00234961
 -0.00199869
-5.31446e-12
  0.00199869
  0.00234961
 0.000763456
 -0.00145209
 -0.00247045
 -0.00145209
 0.000763456
  0.00234961
  0.00199869
 5.31229e-12
 -0.00199869
 -0.00234961
-0.000763456
  0.00145209
  0.00457572
  0.00268954
 -0.00141403
 -0.00435185
  -0.0037019
-9.84324e-12
   0.0037019
  0.00435185
  0.00141403
 -0.00268954
 -0.00457572
 -0.00268954
  0.00141403
  0.00435185
   0.0037019
 9.84127e-12
  -0.0037019
 -0.00435185
 -0.00141403
  0.00268954
  0.00457572
  0.00268954
 -0.00141403
 -0.00435185
  -0.0037019
 -9.8422e-12
   0.0037019
  0.00435185
  0.00141403
 -0.00268954
 -0.00457572
 -0.00268954
  0.00141403
  0.00435185
   0.0037019
 9.84088e-12
  -0.0037019
 -0.00435185
 -0.00141403
  0.00268954
  0.00832146
  0.00489124
 -0.00257153
 -0.00791429
  -0.0067323
-1.78995e-11
   0.0067323
  0.00791429
  0.00257153
 -0.00489124
 -0.00832146
 -0.00489124
  0.00257153
  0.00791429
   0.0067323
 1.78983e-11
  -0.0067323
 -0.00791429
 -0.00257153
  0.00489124
  0.00832146
  0.00489124
 -0.00257153
 -0.00791429
  -0.0067323
-1.78981e-11
   0.0067323
  0.00791429
  0.00257153
 -0.00489124
 -0.00832146
 -0.00489124
  0.00257153
  0.00791429
   0.0067323
 1.78986e-11
  -0.0067323
 -0.00791429
 -0.00257153
  0.00489124
   0.0146339
  0.00860161
 -0.00452217
  -0.0139178
  -0.0118392
 -3.1477e-11
   0.0118392
   0.0139178
  0.00452217
 -0.00860161
  -0.0146339
 -0.00860161
  0.00452217
   0.0139178
   0.0118392
 3.14768e-11
  -0.0118392
  -0.0139178
 -0.00452217
  0.00860161
   0.0146339
  0.00860161
 -0.00452217
  -0.0139178
  -0.0118392
-3.14747e-11
   0.0118392
   0.0139178
  0.00452217
 -0.00860161
  -0.0146339
 -0.00860161
  0.00452217
   0.0139178
   0.0118392
 3.14777e-11
  -0.0118392
  -0.0139178
 -0.00452217
  0.00860161
    0.024298
   0.0142821
 -0.00750853
  -0.0231089
  -0.0196577
-5.22638e-11
   0.0196577
   0.0231089
  0.00750853
  -0.0142821
   -0.024298
  -0.0142821
  0.00750853
   0.0231089
   0.0196577
 5.22666e-11
  -0.0196577
  -0.0231089
 -0.00750853
   0.0142821
    0.024298
   0.0142821
 -0.00750853
  -0.0231089
  -0.0196577
-5.22611e-11
   0.0196577
   0.0231089
  0.00750853
  -0.0142821
   -0.024298
  -0.0142821
  0.00750853
   0.0231089
   0.0196577
 5.22673e-11
  -0.0196577
  -0.0231089
 -0.00750853
   0.0142821
   0.0366032
    0.021515
   -0.011311
  -0.0348119
  -0.0296128
 -7.8729e-11
   0.0296128
   0.0348119
    0.011311
   -0.021515
  -0.0366032
   -0.021515
    0.011311
   0.0348119
   0.0296128
  7.8739e-11
  -0.0296128
  -0.0348119
   -0.011311
    0.021515
   0.0366032
    0.021515
   -0.011311
  -0.0348119
  -0.0296128
-7.87289e-11
   0.0296128
   0.0348119
    0.011311
   -0.021515
  -0.0366032
   -0.021515
    0.011311
   0.0348119
   0.0296128
   7.874e-11
  -0.0296128
  -0.0348119
   -0.011311
    0.021515
   0.0464114
   0.0272802
  -0.0143418
    -0.04414
  -0.0375479
-9.98214e-11
   0.0375479
     0.04414
   0.0143418
  -0.0272802
  -0.0464114
  -0.0272802
   0.0143418
     0.04414
   0.0375479
 9.98394e-11
  -0.0375479
    -0.04414
  -0.0143418
   0.0272802
   0.0464114
   0.0272802
  -0.0143418
    -0.04414
  -0.0375479
-9.98234e-11
   0.0375479
     0.04414
   0.0143418
  -0.0272802
  -0.0464114
  -0.0272802
   0.0143418
     0.04414
   0.0375479
 9.98416e-11
  -0.0375479
    -0.04414
  -0.0143418
   0.0272802
   0.0410139
   0.0241077
  -0.0126739
  -0.0390066
  -0.0331812
-8.82129e-11
   0.0331812
   0.0390066
   0.0126739
  -0.0241077
  -0.0410139
  -0.0241077
   0.0126739
   0.0390066
   0.0331812
  8.8232e-11
  -0.0331812
  -0.0390066
  -0.0126739
   0.0241077
   0.0410139
   0.0241077
  -0.0126739
  -0.0390066
  -0.0331812
-8.82164e-11
   0.0331812
   0.0390066
   0.0126739
  -0.0241077
  -0.0410139
  -0.0241077
   0.0126739
   0.0390066
   0.0331812
 8.82273e-11
  -0.0331812
  -0.0390066
  -0.0126739
   0.0241077
  0.00414259
  0.00243511
 -0.00127997
 -0.00393972
 -0.00335139
 -8.9047e-12
  0.00335139
  0.00393972
  0.00127997
 -0.00243511
 -0.00414259
 -0.00243511
  0.00127997
  0.00393972
  0.00335139
 8.91984e-12
 -0.00335139
 -0.00393972
 -0.00127997
  0.00243511
  0.00414259
  0.00243511
 -0.00127997
 -0.00393972
 -0.00335139
-8.90545e-12
  0.00335139
  0.00393972
  0.00127997
 -0.00243511
 -0.00414259
 -0.00243511
  0.00127997
  0.00393972
  0.00335139
 8.91444e-12
 -0.00335139
 -0.00393972
 -0.00127997
  0.00243511
  -0.0632738
  -0.0371917
   0.0195528
   0.0601774
   0.0511901
 1.36102e-10
  -0.0511901
  -0.0601774
  -0.0195528
   0.0371917
   0.0632738
   0.0371917
  -0.0195528
  -0.0601774
  -0.0511901
-1.36099e-10
   0.0511901
   0.0601774
   0.0195528
  -0.0371917
  -0.0632738
  -0.0371917
   0.0195528
   0.0601774
   0.0511901
 1.36101e-10
  -0.0511901
  -0.0601774
  -0.0195528
   0.0371917
   0.0632738
   0.0371917
  -0.0195528
  -0.0601774
  -0.0511901
-1.36105e-10
   0.0511901
   0.0601774
   0.0195528
  -0.0371917
   -0.122067
  -0.0717501
   0.0377209
    0.116094
   0.0987555
 2.62565e-10
  -0.0987555
   -0.116094
  -0.0377209
   0.0717501
    0.122067
   0.0717501
  -0.0377209
   -0.116094
  -0.0987555
-2.62573e-10
   0.0987555
    0.116094
   0.0377209
  -0.0717501
   -0.122067
  -0.0717501
   0.0377209
    0.116094
   0.0987555
 2.62565e-10
  -0.0987555
   -0.116094
  -0.0377209
   0.0717501
    0.122067
   0.0717501
  -0.0377209
   -0.116094
  -0.0987555
-2.62573e-10
   0.0987555
    0.116094
   0.0377209
  -0.0717501
   -0.122067
  -0.0717501
   0.0377209
    0.116094
   0.0987555
 2.62562e-10
  -0.0987555
   -0.116094
  -0.0377209
   0.0717501
    0.122067
   0.0717501
  -0.0377209
   -0.116094
  -0.0987555
-2.62576e-10
   0.0987555
    0.116094
   0.0377209
  -0.0717501
   -0.122067
  -0.0717501
   0.0377209
    0.116094
   0.0987555
 2.62563e-10
  -0.0987555
   -0.116094
  -0.0377209
   0.0717501
    0.122067
   0.0717501
  -0.0377209
   -0.116094
  -0.0987555
-2.62568e-10
   0.0987555
    0.116094
   0.0377209
  -0.0717501
  -0.0632738
  -0.0371917
   0.0195528
   0.0601774
   0.0511901
 1.36102e-10
  -0.0511901
  -0.0601774
  -0.0195528
   0.0371917
   0.0632738
   0.0371917
  -0.0195528
  -0.0601774
  -0.0511901
-1.36105e-10
   0.0511901
   0.0601774
   0.0195528
  -0.0371917
  -0.0632738
  -0.0371917
   0.0195528
   0.0601774
   0.0511901
   1.361e-10
  -0.0511901
  -0.0601774
  -0.0195528
   0.0371917
   0.0632738
   0.0371917
  -0.0195528
  -0.0601774
  -0.0511901
  -1.361e-10
   0.0511901
   0.0601774
   0.0195528
  -0.0371917
  0.00414259
  0.00243511
 -0.00127997
 -0.00393972
 -0.00335139
-8.90129e-12
  0.00335139
  0.00393972
  0.00127997
 -0.00243511
 -0.00414259
 -0.00243511
  0.00127997
  0.00393972
  0.00335139
 8.91375e-12
 -0.00335139
 -0.00393972
 -0.00127997
  0.00243511
  0.00414259
  0.00243511
 -0.00127997
 -0.00393972
 -0.00335139
-8.90756e-12
  0.00335139
  0.00393972
  0.00127997
 -0.00243511
 -0.00414259
 -0.00243511
  0.00127997
  0.00393972
  0.00335139
 8.91307e-12
 -0.00335139
 -0.00393972
 -0.00127997
  0.00243511
   0.0410139
   0.0241077
  -0.0126739
  -0.0390066
  -0.0331812
-8.82141e-11
   0.0331812
   0.0390066
   0.0126739
  -0.0241077
  -0.0410139
  -0.0241077
   0.0126739
   0.0390066
   0.0331812
 8.82297e-11
  -0.0331812
  -0.0390066
  -0.0126739
   0.0241077
   0.0410139
   0.0241077
  -0.0126739
  -0.0390066
  -0.0331812
-8.82151e-11
   0.0331812
   0.0390066
   0.0126739
  -0.0241077
  -0.0410139
  -0.0241077
   0.0126739
   0.0390066
   0.0331812
  8.8228e-11
  -0.0331812
  -0.0390066
  -0.0126739
   0.0241077
   0.0464114
   0.0272802
  -0.0143418
    -0.04414
  -0.0375479
-9.98238e-11
   0.0375479
     0.04414
   0.0143418
  -0.0272802
  -0.0464114
  -0.0272802
   0.0143418
     0.04414
   0.0375479
 9.98394e-11
  -0.0375479
    -0.04414
  -0.0143418
   0.0272802
   0.0464114
   0.0272802
  -0.0143418
    -0.04414
  -0.0375479
-9.98261e-11
   0.0375479
     0.04414
   0.0143418
  -0.0272802
  -0.0464114
  -0.0272802
   0.0143418
     0.04414
   0.0375479
 9.98358e-11
  -0.0375479
    -0.04414
  -0.0143418
   0.0272802
   0.0366032
    0.021515
   -0.011311
  -0.0348119
  -0.0296128
-7.87303e-11
   0.0296128
   0.0348119
    0.011311
   -0.021515
  -0.0366032
   -0.021515
    0.011311
   0.0348119
   0.0296128
 7.87417e-11
  -0.0296128
  -0.0348119
   -0.011311
    0.021515
   0.0366032
    0.021515
   -0.011311
  -0.0348119
  -0.0296128
-7.87314e-11
   0.0296128
   0.0348119
    0.011311
   -0.021515
  -0.0366032
   -0.021515
    0.011311
   0.0348119
   0.0296128
 7.87403e-11
  -0.0296128
  -0.0348119
   -0.011311
    0.021515
    0.024298
   0.0142821
 -0.00750853
  -0.0231089
  -0.0196577
 -5.2262e-11
   0.0196577
   0.0231089
  0.00750853
  -0.0142821
   -0.024298
  -0.0142821
  0.00750853
   0.0231089
   0.0196577
  5.2269e-11
  -0.0196577
  -0.0231089
 -0.00750853
   0.0142821
    0.024298
   0.0142821
 -0.00750853
  -0.0231089
  -0.0196577
-5.22613e-11
   0.0196577
   0.0231089
  0.00750853
  -0.0142821
   -0.024298
  -0.0142821
  0.00750853
   0.0231089
   0.0196577
 5.22674e-11
  -0.0196577
  -0.0231089
 -0.00750853
   0.0142821
   0.0146339
  0.00860161
 -0.00452217
  -0.0139178
  -0.0118392
 -3.1473e-11
   0.0118392
   0.0139178
  0.00452217
 -0.00860161
  -0.0146339
 -0.00860161
  0.00452217
   0.0139178
   0.0118392
 3.14791e-11
  -0.0118392
  -0.0139178
 -0.00452217
  0.00860161
   0.0146339
  0.00860161
 -0.00452217
  -0.0139178
  -0.0118392
-3.14738e-11
   0.0118392
   0.0139178
  0.00452217
 -0.00860161
  -0.0146339
 -0.00860161
  0.00452217
   0.0139178
   0.0118392
 3.14774e-11
  -0.0118392
  -0.0139178
 -0.00452217
  0.00860161
  0.00832146
  0.00489124
 -0.00257153
 -0.00791429
  -0.0067323
-1.78959e-11
   0.0067323
  0.00791429
  0.00257153
 -0.00489124
 -0.00832146
 -0.00489124
  0.00257153
  0.00791429
   0.0067323
 1.79004e-11
  -0.0067323
 -0.00791429
 -0.00257153
  0.00489124
  0.00832146
  0.00489124
 -0.00257153
 -0.00791429
  -0.0067323
 -1.7897e-11
   0.0067323
  0.00791429
  0.00257153
 -0.00489124
 -0.00832146
 -0.00489124
  0.00257153
  0.00791429
   0.0067323
 1.78999e-11
  -0.0067323
 -0.00791429
 -0.00257153
  0.00489124
  0.00457572
  0.00268954
 -0.00141403
 -0.00435185
  -0.0037019
-9.84132e-12
   0.0037019
  0.00435185
  0.00141403
 -0.00268954
 -0.00457572
 -0.00268954
  0.00141403
  0.00435185
   0.0037019
 9.84257e-12
  -0.0037019
 -0.00435185
 -0.00141403
  0.00268954
  0.00457572
  0.00268954
 -0.00141403
 -0.00435185
  -0.0037019
-9.84126e-12
   0.0037019
  0.00435185
  0.00141403
 -0.00268954
 -0.00457572
 -0.00268954
  0.00141403
  0.00435185
   0.0037019
 9.84292e-12
  -0.0037019
 -0.00435185
 -0.00141403
  0.00268954
  0.00247045
  0.00145209
-0.000763456
 -0.00234961
 -0.00199869
-5.31507e-12
  0.00199869
  0.00234961
 0.000763456
 -0.00145209
 -0.00247045
 -0.00145209
 0.000763456
  0.00234961
  0.00199869
 5.31372e-12
 -0.00199869
 -0.00234961
-0.000763456
  0.00145209
  0.00247045
  0.00145209
-0.000763456
 -0.00234961
 -0.00199869
-5.31362e-12
  0.00199869
  0.00234961
 0.000763456
 -0.00145209
 -0.00247045
 -0.00145209
 0.000763456
  0.00234961
  0.00199869
 5.31422e-12
 -0.00199869
 -0.00234961
-0.000763456
  0.00145209
  0.00132297
 0.000777613
-0.000408856
 -0.00125827
 -0.00107035
-2.84766e-12
  0.00107035
  0.00125827
 0.000408856
-0.000777613
 -0.00132297
-0.000777613
 0.000408856
  0.00125827
  0.00107035
 2.84473e-12
 -0.00107035
 -0.00125827
-0.000408856
 0.000777613
  0.00132297
 0.000777613
-0.000408856
 -0.00125827
 -0.00107035
-2.84585e-12
  0.00107035
  0.00125827
 0.000408856
-0.000777613
 -0.00132297
-0.000777613
 0.000408856
  0.00125827
  0.00107035
 2.84561e-12
 -0.00107035
 -0.00125827
-0.000408856
 0.000777613
