 2.84547e-12
 -0.00107035
 -0.00125829
-0.000408874
 0.000777587
  0.00132295
 0.000777587
-0.000408874
 -0.00125829
 -0.00107035
-2.84757e-12
  0.00107035
  0.00125829
 0.000408874
-0.000777587
 -0.00132295
-0.000777587
 0.000408874
  0.00125829
  0.00107035
 2.84419e-12
 -0.00107035
 -0.00125829
-0.000408874
 0.000777587
  0.00132295
 0.000777587
-0.000408874
 -0.00125829
 -0.00107035
 -2.8474e-12
  0.00107035
  0.00125829
 0.000408874
-0.000777587
 -0.00132295
-0.000777587
 0.000408874
  0.00125829
  0.00107035
 5.31349e-12
  -0.0019987
 -0.00234963
-0.000763479
  0.00145205
  0.00247043
  0.00145205
-0.000763479
 -0.00234963
  -0.0019987
-5.31554e-12
   0.0019987
  0.00234963
 0.000763479
 -0.00145205
 -0.00247043
 -0.00145205
 0.000763479
  0.00234963
   0.0019987
 5.31258e-12
  -0.0019987
 -0.00234963
-0.000763479
  0.00145205
  0.00247043
  0.00145205
-0.000763479
 -0.00234963
  -0.0019987
-5.31534e-12
   0.0019987
  0.00234963
 0.000763479
 -0.00145205
 -0.00247043
 -0.00145205
 0.000763479
  0.00234963
   0.0019987
 9.84082e-12
 -0.00370191
 -0.00435188
 -0.00141406
  0.00268948
   0.0045757
  0.00268948
 -0.00141406
 -0.00435188
 -0.00370191
-9.84273e-12
  0.00370191
  0.00435188
  0.00141406
 -0.00268948
  -0.0045757
 -0.00268948
  0.00141406
  0.00435188
  0.00370191
 9.84128e-12
 -0.00370191
 -0.00435188
 -0.00141406
  0.00268948
   0.0045757
  0.00268948
 -0.00141406
 -0.00435188
 -0.00370191
-9.84283e-12
  0.00370191
  0.00435188
  0.00141406
 -0.00268948
  -0.0045757
 -0.00268948
  0.00141406
  0.00435188
  0.00370191
 1.78972e-11
 -0.00673231
 -0.00791432
 -0.00257157
  0.00489117
  0.00832146
  0.00489117
 -0.00257157
 -0.00791432
 -0.00673231
-1.78988e-11
  0.00673231
  0.00791432
  0.00257157
 -0.00489117
 -0.00832146
 -0.00489117
  0.00257157
  0.00791432
  0.00673231
 1.78994e-11
 -0.00673231
 -0.00791432
 -0.00257157
  0.00489117
  0.00832146
  0.00489117
 -0.00257157
 -0.00791432
 -0.00673231
-1.78991e-11
  0.00673231
  0.00791432
  0.00257157
 -0.00489117
 -0.00832146
 -0.00489117
  0.00257157
  0.00791432
  0.00673231
 3.14768e-11
  -0.0118392
  -0.0139178
 -0.00452221
   0.0086015
   0.0146339
   0.0086015
 -0.00452221
  -0.0139178
  -0.0118392
-3.14771e-11
   0.0118392
   0.0139178
  0.00452221
  -0.0086015
  -0.0146339
  -0.0086015
  0.00452221
   0.0139178
   0.0118392
 3.14799e-11
  -0.0118392
  -0.0139178
 -0.00452221
   0.0086015
   0.0146339
   0.0086015
 -0.00452221
  -0.0139178
  -0.0118392
-3.14754e-11
   0.0118392
   0.0139178
  0.00452221
  -0.0086015
  -0.0146339
  -0.0086015
  0.00452221
   0.0139178
   0.0118392
 5.22687e-11
  -0.0196577
  -0.0231089
 -0.00750858
   0.0142819
   0.0242981
   0.0142819
 -0.00750858
  -0.0231089
  -0.0196577
-5.22643e-11
   0.0196577
   0.0231089
  0.00750858
  -0.0142819
  -0.0242981
  -0.0142819
  0.00750858
   0.0231089
   0.0196577
 5.22698e-11
  -0.0196577
  -0.0231089
 -0.00750858
   0.0142819
   0.0242981
   0.0142819
 -0.00750858
  -0.0231089
  -0.0196577
-5.22593e-11
   0.0196577
   0.0231089
  0.00750858
  -0.0142819
  -0.0242981
  -0.0142819
  0.00750858
   0.0231089
   0.0196577
 7.87373e-11
  -0.0296128
  -0.0348118
  -0.0113111
   0.0215148
   0.0366034
   0.0215148
  -0.0113111
  -0.0348118
  -0.0296128
-7.87247e-11
   0.0296128
   0.0348118
   0.0113111
  -0.0215148
  -0.0366034
  -0.0215148
   0.0113111
   0.0348118
   0.0296128
  7.8739e-11
  -0.0296128
  -0.0348118
  -0.0113111
   0.0215148
   0.0366034
   0.0215148
  -0.0113111
  -0.0348118
  -0.0296128
-7.87237e-11
   0.0296128
   0.0348118
   0.0113111
  -0.0215148
  -0.0366034
  -0.0215148
   0.0113111
   0.0348118
   0.0296128
 9.98393e-11
  -0.0375479
  -0.0441399
  -0.0143419
     0.02728
   0.0464118
     0.02728
  -0.0143419
  -0.0441399
  -0.0375479
-9.98195e-11
   0.0375479
   0.0441399
   0.0143419
    -0.02728
  -0.0464118
    -0.02728
   0.0143419
   0.0441399
   0.0375479
  9.9839e-11
  -0.0375479
  -0.0441399
  -0.0143419
     0.02728
   0.0464118
     0.02728
  -0.0143419
  -0.0441399
  -0.0375479
-9.98229e-11
   0.0375479
   0.0441399
   0.0143419
    -0.02728
  -0.0464118
    -0.02728
   0.0143419
   0.0441399
   0.0375479
  8.8232e-11
  -0.0331812
  -0.0390064
  -0.0126739
   0.0241075
   0.0410145
   0.0241075
  -0.0126739
  -0.0390064
  -0.0331812
-8.82064e-11
   0.0331812
   0.0390064
   0.0126739
  -0.0241075
  -0.0410145
  -0.0241075
   0.0126739
   0.0390064
   0.0331812
  8.8229e-11
  -0.0331812
  -0.0390064
  -0.0126739
   0.0241075
   0.0410145
   0.0241075
  -0.0126739
  -0.0390064
  -0.0331812
-8.82103e-11
   0.0331812
   0.0390064
   0.0126739
  -0.0241075
  -0.0410145
  -0.0241075
   0.0126739
   0.0390064
   0.0331812
 8.91893e-12
 -0.00335142
 -0.00393956
 -0.00127995
  0.00243512
  0.00414288
  0.00243512
 -0.00127995
 -0.00393956
 -0.00335142
-8.90235e-12
  0.00335142
  0.00393956
  0.00127995
 -0.00243512
 -0.00414288
 -0.00243512
  0.00127995
  0.00393956
  0.00335142
 8.91977e-12
 -0.00335142
 -0.00393956
 -0.00127995
  0.00243512
  0.00414288
  0.00243512
 -0.00127995
 -0.00393956
 -0.00335142
-8.90403e-12
  0.00335142
  0.00393956
  0.00127995
 -0.00243512
 -0.00414288
 -0.00243512
  0.00127995
  0.00393956
  0.00335142
-1.36099e-10
   0.0511901
   0.0601773
   0.0195529
  -0.0371913
  -0.0632743
  -0.0371913
   0.0195529
   0.0601773
   0.0511901
 1.36102e-10
  -0.0511901
  -0.0601773
  -0.0195529
   0.0371913
   0.0632743
   0.0371913
  -0.0195529
  -0.0601773
  -0.0511901
-1.36096e-10
   0.0511901
   0.0601773
   0.0195529
  -0.0371913
  -0.0632743
  -0.0371913
   0.0195529
   0.0601773
   0.0511901
 1.36102e-10
  -0.0511901
  -0.0601773
  -0.0195529
   0.0371913
   0.0632743
   0.0371913
  -0.0195529
  -0.0601773
  -0.0511901
-2.62567e-10
   0.0987556
    0.116093
   0.0377212
  -0.0717494
   -0.122069
  -0.0717494
   0.0377212
    0.116093
   0.0987556
 2.62562e-10
  -0.0987556
   -0.116093
  -0.0377212
   0.0717494
    0.122069
   0.0717494
  -0.0377212
   -0.116093
  -0.0987556
 -2.6257e-10
   0.0987556
    0.116093
   0.0377212
  -0.0717494
   -0.122069
  -0.0717494
   0.0377212
    0.116093
   0.0987556
 2.62555e-10
  -0.0987556
   -0.116093
  -0.0377212
   0.0717494
    0.122069
   0.0717494
  -0.0377212
   -0.116093
  -0.0987556
 -2.6257e-10
   0.0987556
    0.116093
   0.0377212
  -0.0717494
   -0.122069
  -0.0717494
   0.0377212
    0.116093
   0.0987556
 2.62552e-10
  -0.0987556
   -0.116093
  -0.0377212
   0.0717494
    0.122069
   0.0717494
  -0.0377212
   -0.116093
  -0.0987556
-2.62571e-10
   0.0987556
    0.116093
   0.0377212
  -0.0717494
   -0.122069
  -0.0717494
   0.0377212
    0.116093
   0.0987556
 2.62557e-10
  -0.0987556
   -0.116093
  -0.0377212
   0.0717494
    0.122069
   0.0717494
  -0.0377212
   -0.116093
  -0.0987556
-1.36103e-10
   0.0511901
   0.0601773
   0.0195529
  -0.0371913
  -0.0632743
  -0.0371913
   0.0195529
   0.0601773
   0.0511901
 1.36094e-10
  -0.0511901
  -0.0601773
  -0.0195529
   0.0371913
   0.0632743
   0.0371913
  -0.0195529
  -0.0601773
  -0.0511901
-1.36103e-10
   0.0511901
   0.0601773
   0.0195529
  -0.0371913
  -0.0632743
  -0.0371913
   0.0195529
   0.0601773
   0.0511901
 1.36102e-10
  -0.0511901
  -0.0601773
  -0.0195529
   0.0371913
   0.0632743
   0.0371913
  -0.0195529
  -0.0601773
  -0.0511901
 8.91791e-12
 -0.00335142
 -0.00393956
 -0.00127995
  0.00243512
  0.00414288
  0.00243512
 -0.00127995
 -0.00393956
 -0.00335142
-8.90468e-12
  0.00335142
  0.00393956
  0.00127995
 -0.00243512
 -0.00414288
 -0.00243512
  0.00127995
  0.00393956
  0.00335142
 8.91405e-12
 -0.00335142
 -0.00393956
 -0.00127995
  0.00243512
  0.00414288
  0.00243512
 -0.00127995
 -0.00393956
 -0.00335142
-8.90522e-12
  0.00335142
  0.00393956
  0.00127995
 -0.00243512
 -0.00414288
 -0.00243512
  0.00127995
  0.00393956
  0.00335142
 8.82256e-11
  -0.0331812
  -0.0390064
  -0.0126739
   0.0241075
   0.0410145
   0.0241075
  -0.0126739
  -0.0390064
  -0.0331812
-8.82098e-11
   0.0331812
   0.0390064
   0.0126739
  -0.0241075
  -0.0410145
  -0.0241075
   0.0126739
   0.0390064
   0.0331812
 8.82269e-11
  -0.0331812
  -0.0390064
  -0.0126739
   0.0241075
   0.0410145
   0.0241075
  -0.0126739
  -0.0390064
  -0.0331812
  -8.821e-11
   0.0331812
   0.0390064
   0.0126739
  -0.0241075
  -0.0410145
  -0.0241075
   0.0126739
   0.0390064
   0.0331812
 9.98424e-11
  -0.0375479
  -0.0441399
  -0.0143419
     0.02728
   0.0464118
     0.02728
  -0.0143419
  -0.0441399
  -0.0375479
 -9.9826e-11
   0.0375479
   0.0441399
   0.0143419
    -0.02728
  -0.0464118
    -0.02728
   0.0143419
   0.0441399
   0.0375479
 9.98411e-11
  -0.0375479
  -0.0441399
  -0.0143419
     0.02728
   0.0464118
     0.02728
  -0.0143419
  -0.0441399
  -0.0375479
-9.98228e-11
   0.0375479
   0.0441399
   0.0143419
    -0.02728
  -0.0464118
    -0.02728
   0.0143419
   0.0441399
   0.0375479
 7.87353e-11
  -0.0296128
  -0.0348118
  -0.0113111
   0.0215148
   0.0366034
   0.0215148
  -0.0113111
  -0.0348118
  -0.0296128
-7.87221e-11
   0.0296128
   0.0348118
   0.0113111
  -0.0215148
  -0.0366034
  -0.0215148
   0.0113111
   0.0348118
   0.0296128
  7.8738e-11
  -0.0296128
  -0.0348118
  -0.0113111
   0.0215148
   0.0366034
   0.0215148
  -0.0113111
  -0.0348118
  -0.0296128
-7.87221e-11
   0.0296128
   0.0348118
   0.0113111
  -0.0215148
  -0.0366034
  -0.0215148
   0.0113111
   0.0348118
   0.0296128
  5.2269e-11
  -0.0196577
  -0.0231089
 -0.00750858
   0.0142819
   0.0242981
   0.0142819
 -0.00750858
  -0.0231089
  -0.0196577
-5.22627e-11
   0.0196577
   0.0231089
  0.00750858
  -0.0142819
  -0.0242981
  -0.0142819
  0.00750858
   0.0231089
   0.0196577
 5.22688e-11
  -0.0196577
  -0.0231089
 -0.00750858
   0.0142819
   0.0242981
   0.0142819
 -0.00750858
  -0.0231089
  -0.0196577
-5.22617e-11
   0.0196577
   0.0231089
  0.00750858
  -0.0142819
  -0.0242981
  -0.0142819
  0.00750858
   0.0231089
   0.0196577
 3.14811e-11
  -0.0118392
  -0.0139178
 -0.00452221
   0.0086015
   0.0146339
   0.0086015
 -0.00452221
  -0.0139178
  -0.0118392
-3.14744e-11
   0.0118392
   0.0139178
  0.00452221
  -0.0086015
  -0.0146339
  -0.0086015
  0.00452221
   0.0139178
   0.0118392
 3.14796e-11
  -0.0118392
  -0.0139178
 -0.00452221
   0.0086015
   0.0146339
   0.0086015
 -0.00452221
  -0.0139178
  -0.0118392
-3.14773e-11
   0.0118392
   0.0139178
  0.00452221
  -0.0086015
  -0.0146339
  -0.0086015
  0.00452221
   0.0139178
   0.0118392
 1.79016e-11
 -0.00673231
 -0.00791432
 -0.00257157
  0.00489117
  0.00832146
  0.00489117
 -0.00257157
 -0.00791432
 -0.00673231
-1.78951e-11
  0.00673231
  0.00791432
  0.00257157
 -0.00489117
 -0.00832146
 -0.00489117
  0.00257157
  0.00791432
  0.00673231
 1.79007e-11
 -0.00673231
 -0.00791432
 -0.00257157
  0.00489117
  0.00832146
  0.00489117
 -0.00257157
 -0.00791432
 -0.00673231
-1.78989e-11
  0.00673231
  0.00791432
  0.00257157
 -0.00489117
 -0.00832146
 -0.00489117
  0.00257157
  0.00791432
  0.00673231
 9.84349e-12
 -0.00370191
 -0.00435188
 -0.00141406
  0.00268948
   0.0045757
  0.00268948
 -0.00141406
 -0.00435188
 -0.00370191
-9.84042e-12
  0.00370191
  0.00435188
  0.00141406
 -0.00268948
  -0.0045757
 -0.00268948
  0.00141406
  0.00435188
  0.00370191
 9.84297e-12
 -0.00370191
 -0.00435188
 -0.00141406
  0.00268948
   0.0045757
  0.00268948
 -0.00141406
 -0.00435188
 -0.00370191
-9.84245e-12
  0.00370191
  0.00435188
  0.00141406
 -0.00268948
  -0.0045757
 -0.00268948
  0.00141406
  0.00435188
  0.00370191
 5.31406e-12
  -0.0019987
 -0.00234963
-0.000763479
  0.00145205
  0.00247043
  0.00145205
-0.000763479
 -0.00234963
  -0.0019987
-5.31453e-12
   0.0019987
  0.00234963
 0.000763479
 -0.00145205
 -0.00247043
 -0.00145205
 0.000763479
  0.00234963
   0.0019987
  5.3138e-12
  -0.0019987
 -0.00234963
-0.000763479
  0.00145205
  0.00247043
  0.00145205
-0.000763479
 -0.00234963
  -0.0019987
-5.31534e-12
   0.0019987
  0.00234963
 0.000763479
 -0.00145205
 -0.00247043
 -0.00145205
 0.000763479
  0.00234963
   0.0019987
 2.84486e-12
 -0.00107035
 -0.00125829
-0.000408874
 0.000777587
  0.00132295
 0.000777587
-0.000408874
 -0.00125829
 -0.00107035
-2.84792e-12
  0.00107035
  0.00125829
 0.000408874
-0.000777587
 -0.00132295
-0.000777587
 0.000408874
  0.00125829
  0.00107035
 2.84453e-12
 -0.00107035
 -0.00125829
-0.000408874
 0.000777587
  0.00132295
 0.000777587
-0.000408874
 -0.00125829
 -0.00107035
-2.84807e-12
  0.00107035
  0.00125829
 0.000408874
-0.000777587
 -0.00132295
-0.000777587
 0.000408874
  0.00125829
  0.00107035
