  0.00135214
  0.00205168
  0.00154937
 0.000139461
 -0.00135212
 -0.00205165
 -0.00154933
-0.000139433
  0.00135216
  0.00205168
  0.00154935
 0.000139433
 -0.00135217
  -0.0020517
 -0.00154937
-0.000139444
  0.00135217
   0.0020517
  0.00154938
 0.000139458
 -0.00135214
 -0.00205168
 -0.00154937
-0.000139461
  0.00135212
  0.00205165
  0.00154933
 0.000139433
 -0.00135216
 -0.00205168
 -0.00154935
-0.000139433
  0.00135217
   0.0020517
  0.00154937
 0.000139444
 -0.00135217
  -0.0020517
 -0.00154938
-0.000139458
  0.00228064
  0.00346054
  0.00261329
 0.000235219
 -0.00228062
 -0.00346051
 -0.00261325
-0.000235186
  0.00228067
  0.00346054
  0.00261327
 0.000235185
 -0.00228068
 -0.00346057
  -0.0026133
-0.000235199
  0.00228068
  0.00346057
  0.00261331
 0.000235218
 -0.00228064
 -0.00346054
 -0.00261329
-0.000235219
  0.00228062
  0.00346051
  0.00261325
 0.000235186
 -0.00228067
 -0.00346054
 -0.00261327
-0.000235185
  0.00228068
  0.00346057
   0.0026133
 0.000235199
 -0.00228068
 -0.00346057
 -0.00261331
-0.000235218
  0.00375905
  0.00570382
  0.00430733
 0.000387688
 -0.00375903
 -0.00570378
 -0.00430728
-0.000387653
  0.00375908
  0.00570381
   0.0043073
 0.000387648
  -0.0037591
 -0.00570384
 -0.00430735
-0.000387666
  0.00375911
  0.00570384
  0.00430735
 0.000387689
 -0.00375905
 -0.00570382
 -0.00430733
-0.000387688
  0.00375903
  0.00570378
  0.00430728
 0.000387653
 -0.00375908
 -0.00570381
  -0.0043073
-0.000387648
   0.0037591
  0.00570384
  0.00430735
 0.000387666
 -0.00375911
 -0.00570384
 -0.00430735
-0.000387689
  0.00594653
  0.00902299
  0.00681385
 0.000613278
  -0.0059465
 -0.00902295
 -0.00681379
-0.000613248
  0.00594656
  0.00902298
   0.0068138
 0.000613239
 -0.00594659
 -0.00902301
 -0.00681389
-0.000613259
  0.00594662
  0.00902302
  0.00681387
 0.000613283
 -0.00594653
 -0.00902299
 -0.00681385
-0.000613278
   0.0059465
  0.00902295
  0.00681379
 0.000613248
 -0.00594656
 -0.00902298
  -0.0068138
-0.000613239
  0.00594659
  0.00902301
  0.00681389
 0.000613259
 -0.00594662
 -0.00902302
 -0.00681387
-0.000613283
  0.00874813
    0.013274
    0.010024
 0.000902195
 -0.00874811
   -0.013274
   -0.010024
-0.000902184
  0.00874816
    0.013274
    0.010024
  0.00090217
 -0.00874819
   -0.013274
  -0.0100241
-0.000902186
  0.00874824
    0.013274
   0.0100241
 0.000902206
 -0.00874813
   -0.013274
   -0.010024
-0.000902195
  0.00874811
    0.013274
    0.010024
 0.000902184
 -0.00874816
   -0.013274
   -0.010024
 -0.00090217
  0.00874819
    0.013274
   0.0100241
 0.000902186
 -0.00874824
   -0.013274
  -0.0100241
-0.000902206
   0.0112281
    0.017037
   0.0128657
  0.00115793
  -0.0112281
   -0.017037
  -0.0128657
 -0.00115796
   0.0112281
    0.017037
   0.0128657
  0.00115794
  -0.0112281
   -0.017037
  -0.0128658
 -0.00115795
   0.0112282
    0.017037
   0.0128657
  0.00115795
  -0.0112281
   -0.017037
  -0.0128657
 -0.00115793
   0.0112281
    0.017037
   0.0128657
  0.00115796
  -0.0112281
   -0.017037
  -0.0128657
 -0.00115794
   0.0112281
    0.017037
   0.0128658
  0.00115795
  -0.0112282
   -0.017037
  -0.0128657
 -0.00115795
   0.0105337
   0.0159833
   0.0120699
  0.00108628
  -0.0105337
  -0.0159834
    -0.01207
 -0.00108637
   0.0105336
   0.0159833
     0.01207
  0.00108636
  -0.0105336
  -0.0159833
  -0.0120701
 -0.00108634
   0.0105338
   0.0159833
   0.0120699
  0.00108631
  -0.0105337
  -0.0159833
  -0.0120699
 -0.00108628
   0.0105337
   0.0159834
     0.01207
  0.00108637
  -0.0105336
  -0.0159833
    -0.01207
 -0.00108636
   0.0105336
   0.0159833
   0.0120701
  0.00108634
  -0.0105338
  -0.0159833
  -0.0120699
 -0.00108631
 0.000991264
  0.00150415
   0.0011357
 0.000102133
 -0.00099139
 -0.00150431
 -0.00113596
-0.000102313
 0.000991144
  0.00150416
  0.00113584
 0.000102298
-0.000991124
 -0.00150403
 -0.00113584
-0.000102243
 0.000991248
  0.00150401
  0.00113568
 0.000102167
-0.000991264
 -0.00150415
  -0.0011357
-0.000102133
  0.00099139
  0.00150431
  0.00113596
 0.000102313
-0.000991144
 -0.00150416
 -0.00113584
-0.000102298
 0.000991124
  0.00150403
  0.00113584
 0.000102243
-0.000991248
 -0.00150401
 -0.00113568
-0.000102167
  -0.0234266
  -0.0355465
  -0.0268435
  -0.0024161
   0.0234264
   0.0355462
   0.0268432
  0.00241586
  -0.0234268
  -0.0355464
  -0.0268433
 -0.00241587
   0.0234269
   0.0355466
   0.0268436
  0.00241595
   -0.023427
  -0.0355466
  -0.0268436
 -0.00241607
   0.0234266
   0.0355465
   0.0268435
   0.0024161
  -0.0234264
  -0.0355462
  -0.0268432
 -0.00241586
   0.0234268
   0.0355464
   0.0268433
  0.00241587
  -0.0234269
  -0.0355466
  -0.0268436
 -0.00241595
    0.023427
   0.0355466
   0.0268436
  0.00241607
  -0.0578538
  -0.0877848
  -0.0662918
 -0.00596655
   0.0578536
   0.0877845
   0.0662914
  0.00596631
   -0.057854
  -0.0877848
  -0.0662915
 -0.00596633
   0.0578541
   0.0877848
   0.0662923
  0.00596641
  -0.0578546
  -0.0877848
  -0.0662919
 -0.00596653
   0.0578538
   0.0877848
   0.0662918
  0.00596655
  -0.0578536
  -0.0877845
  -0.0662914
 -0.00596631
    0.057854
   0.0877848
   0.0662915
  0.00596633
  -0.0578541
  -0.0877848
  -0.0662923
 -0.00596641
   0.0578546
   0.0877848
   0.0662919
  0.00596653
  -0.0728905
   -0.110601
  -0.0835214
 -0.00751724
   0.0728904
    0.110601
   0.0835213
  0.00751708
  -0.0728906
   -0.110601
  -0.0835213
  -0.0075171
   0.0728908
    0.110601
   0.0835223
  0.00751715
  -0.0728916
   -0.110601
  -0.0835216
 -0.00751723
   0.0728905
    0.110601
   0.0835214
  0.00751724
  -0.0728904
   -0.110601
  -0.0835213
 -0.00751708
   0.0728906
    0.110601
   0.0835213
   0.0075171
  -0.0728908
   -0.110601
  -0.0835223
 -0.00751715
   0.0728916
    0.110601
   0.0835216
  0.00751723
  -0.0350507
  -0.0531845
  -0.0401628
 -0.00361478
   0.0350507
   0.0531844
   0.0401628
  0.00361474
  -0.0350507
  -0.0531845
  -0.0401627
 -0.00361475
   0.0350508
   0.0531844
   0.0401632
  0.00361476
  -0.0350512
  -0.0531844
  -0.0401628
 -0.00361479
   0.0350507
   0.0531845
   0.0401628
  0.00361478
  -0.0350507
  -0.0531844
  -0.0401628
 -0.00361474
   0.0350507
   0.0531845
   0.0401627
  0.00361475
  -0.0350508
  -0.0531844
  -0.0401632
 -0.00361476
   0.0350512
   0.0531844
   0.0401628
  0.00361479
   0.0350507
   0.0531845
   0.0401628
  0.00361478
  -0.0350507
  -0.0531844
  -0.0401628
 -0.00361474
   0.0350507
   0.0531845
   0.0401627
  0.00361475
  -0.0350508
  -0.0531844
  -0.0401632
 -0.00361476
   0.0350512
   0.0531844
   0.0401628
  0.00361479
  -0.0350507
  -0.0531845
  -0.0401628
 -0.00361478
   0.0350507
   0.0531844
   0.0401628
  0.00361474
  -0.0350507
  -0.0531845
  -0.0401627
 -0.00361475
   0.0350508
   0.0531844
   0.0401632
  0.00361476
  -0.0350512
  -0.0531844
  -0.0401628
 -0.00361479
   0.0728905
    0.110601
   0.0835214
  0.00751724
  -0.0728904
   -0.110601
  -0.0835213
 -0.00751708
   0.0728906
    0.110601
   0.0835213
   0.0075171
  -0.0728908
   -0.110601
  -0.0835223
 -0.00751715
   0.0728916
    0.110601
   0.0835216
  0.00751723
  -0.0728905
   -0.110601
  -0.0835214
 -0.00751724
   0.0728904
    0.110601
   0.0835213
  0.00751708
  -0.0728906
   -0.110601
  -0.0835213
  -0.0075171
   0.0728908
    0.110601
   0.0835223
  0.00751715
  -0.0728916
   -0.110601
  -0.0835216
 -0.00751723
   0.0578538
   0.0877848
   0.0662918
  0.00596655
  -0.0578536
  -0.0877845
  -0.0662914
 -0.00596631
    0.057854
   0.0877848
   0.0662915
  0.00596633
  -0.0578541
  -0.0877848
  -0.0662923
 -0.00596641
   0.0578546
   0.0877848
   0.0662919
  0.00596653
  -0.0578538
  -0.0877848
  -0.0662918
 -0.00596655
   0.0578536
   0.0877845
   0.0662914
  0.00596631
   -0.057854
  -0.0877848
  -0.0662915
 -0.00596633
   0.0578541
   0.0877848
   0.0662923
  0.00596641
  -0.0578546
  -0.0877848
  -0.0662919
 -0.00596653
   0.0234266
   0.0355465
   0.0268435
   0.0024161
  -0.0234264
  -0.0355462
  -0.0268432
 -0.00241586
   0.0234268
   0.0355464
   0.0268433
  0.00241587
  -0.0234269
  -0.0355466
  -0.0268436
 -0.00241595
    0.023427
   0.0355466
   0.0268436
  0.00241607
  -0.0234266
  -0.0355465
  -0.0268435
  -0.0024161
   0.0234264
   0.0355462
   0.0268432
  0.00241586
  -0.0234268
  -0.0355464
  -0.0268433
 -0.00241587
   0.0234269
   0.0355466
   0.0268436
  0.00241595
   -0.023427
  -0.0355466
  -0.0268436
 -0.00241607
-0.000991264
 -0.00150415
  -0.0011357
-0.000102133
  0.00099139
  0.00150431
  0.00113596
 0.000102313
-0.000991144
 -0.00150416
 -0.00113584
-0.000102298
 0.000991124
  0.00150403
  0.00113584
 0.000102243
-0.000991248
 -0.00150401
 -0.00113568
-0.000102167
 0.000991264
  0.00150415
   0.0011357
 0.000102133
 -0.00099139
 -0.00150431
 -0.00113596
-0.000102313
 0.000991144
  0.00150416
  0.00113584
 0.000102298
-0.000991124
 -0.00150403
 -0.00113584
-0.000102243
 0.000991248
  0.00150401
  0.00113568
 0.000102167
  -0.0105337
  -0.0159833
  -0.0120699
 -0.00108628
   0.0105337
   0.0159834
     0.01207
  0.00108637
  -0.0105336
  -0.0159833
    -0.01207
 -0.00108636
   0.0105336
   0.0159833
   0.0120701
  0.00108634
  -0.0105338
  -0.0159833
  -0.0120699
 -0.00108631
   0.0105337
   0.0159833
   0.0120699
  0.00108628
  -0.0105337
  -0.0159834
    -0.01207
 -0.00108637
   0.0105336
   0.0159833
     0.01207
  0.00108636
  -0.0105336
  -0.0159833
  -0.0120701
 -0.00108634
   0.0105338
   0.0159833
   0.0120699
  0.00108631
  -0.0112281
   -0.017037
  -0.0128657
 -0.00115793
   0.0112281
    0.017037
   0.0128657
  0.00115796
  -0.0112281
   -0.017037
  -0.0128657
 -0.00115794
   0.0112281
    0.017037
   0.0128658
  0.00115795
  -0.0112282
   -0.017037
  -0.0128657
 -0.00115795
   0.0112281
    0.017037
   0.0128657
  0.00115793
  -0.0112281
   -0.017037
  -0.0128657
 -0.00115796
   0.0112281
    0.017037
   0.0128657
  0.00115794
  -0.0112281
   -0.017037
  -0.0128658
 -0.00115795
   0.0112282
    0.017037
   0.0128657
  0.00115795
 -0.00874813
   -0.013274
   -0.010024
-0.000902195
  0.00874811
    0.013274
    0.010024
 0.000902184
 -0.00874816
   -0.013274
   -0.010024
 -0.00090217
  0.00874819
    0.013274
   0.0100241
 0.000902186
 -0.00874824
   -0.013274
  -0.0100241
-0.000902206
  0.00874813
    0.013274
    0.010024
 0.000902195
 -0.00874811
   -0.013274
   -0.010024
-0.000902184
  0.00874816
    0.013274
    0.010024
  0.00090217
 -0.00874819
   -0.013274
  -0.0100241
-0.000902186
  0.00874824
    0.013274
   0.0100241
 0.000902206
 -0.00594653
 -0.00902299
 -0.00681385
-0.000613278
   0.0059465
  0.00902295
  0.00681379
 0.000613248
 -0.00594656
 -0.00902298
  -0.0068138
-0.000613239
  0.00594659
  0.00902301
  0.00681389
 0.000613259
 -0.00594662
 -0.00902302
 -0.00681387
-0.000613283
  0.00594653
  0.00902299
  0.00681385
 0.000613278
  -0.0059465
 -0.00902295
 -0.00681379
-0.000613248
  0.00594656
  0.00902298
   0.0068138
 0.000613239
 -0.00594659
 -0.00902301
 -0.00681389
-0.000613259
  0.00594662
  0.00902302
  0.00681387
 0.000613283
 -0.00375905
 -0.00570382
 -0.00430733
-0.000387688
  0.00375903
  0.00570378
  0.00430728
 0.000387653
 -0.00375908
 -0.00570381
  -0.0043073
-0.000387648
   0.0037591
  0.00570384
  0.00430735
 0.000387666
 -0.00375911
 -0.00570384
 -0.00430735
-0.000387689
  0.00375905
  0.00570382
  0.00430733
 0.000387688
 -0.00375903
 -0.00570378
 -0.00430728
-0.000387653
  0.00375908
  0.00570381
   0.0043073
 0.000387648
  -0.0037591
 -0.00570384
 -0.00430735
-0.000387666
  0.00375911
  0.00570384
  0.00430735
 0.000387689
 -0.00228064
 -0.00346054
 -0.00261329
-0.000235219
  0.00228062
  0.00346051
  0.00261325
 0.000235186
 -0.00228067
 -0.00346054
 -0.00261327
-0.000235185
  0.00228068
  0.00346057
   0.0026133
 0.000235199
 -0.00228068
 -0.00346057
 -0.00261331
-0.000235218
  0.00228064
  0.00346054
  0.00261329
 0.000235219
 -0.00228062
 -0.00346051
 -0.00261325
-0.000235186
  0.00228067
  0.00346054
  0.00261327
 0.000235185
 -0.00228068
 -0.00346057
  -0.0026133
-0.000235199
  0.00228068
  0.00346057
  0.00261331
 0.000235218
 -0.00135214
 -0.00205168
 -0.00154937
-0.000139461
  0.00135212
  0.00205165
  0.00154933
 0.000139433
 -0.00135216
 -0.00205168
 -0.00154935
-0.000139433
  0.00135217
   0.0020517
  0.00154937
 0.000139444
 -0.00135217
  -0.0020517
 -0.00154938
-0.000139458
  0.00135214
  0.00205168
  0.00154937
 0.000139461
 -0.00135212
 -0.00205165
 -0.00154933
-0.000139433
  0.00135216
  0.00205168
  0.00154935
 0.000139433
 -0.00135217
  -0.0020517
 -0.00154937
-0.000139444
  0.00135217
   0.0020517
  0.00154938
 0.000139458
