   0.0162085
   0.0139155
   0.0112797
  0.00836616
  0.00524667
  0.00199796
 -0.00129996
 -0.00456582
 -0.00771928
  -0.0106827
   -0.013383
  -0.0157539
  -0.0177367
  -0.0192829
  -0.0203543
  -0.0209245
  -0.0209794
  -0.0205177
  -0.0195508
  -0.0181026
  -0.0162085
  -0.0139155
  -0.0112797
 -0.00836616
 -0.00524667
 -0.00199796
  0.00129996
  0.00456582
  0.00771928
   0.0106827
    0.013383
   0.0157539
   0.0177367
   0.0192829
   0.0203543
   0.0209245
   0.0209794
   0.0205177
   0.0195508
   0.0181026
   0.0171355
   0.0147113
   0.0119247
  0.00884463
  0.00554674
  0.00211223
 -0.00137431
 -0.00482695
 -0.00816074
  -0.0112937
  -0.0141484
  -0.0166548
  -0.0187511
  -0.0203857
  -0.0215184
  -0.0221212
  -0.0221792
  -0.0216911
  -0.0206689
  -0.0191379
  -0.0171355
  -0.0147113
  -0.0119247
 -0.00884463
 -0.00554674
 -0.00211223
  0.00137431
  0.00482695
  0.00816074
   0.0112937
   0.0141484
   0.0166548
   0.0187511
   0.0203857
   0.0215184
   0.0221212
   0.0221792
   0.0216911
   0.0206689
   0.0191379
   0.0167193
    0.014354
   0.0116351
  0.00862981
  0.00541202
  0.00206092
 -0.00134093
 -0.00470971
 -0.00796251
  -0.0110193
  -0.0138047
  -0.0162503
  -0.0182956
  -0.0198906
  -0.0209957
  -0.0215839
  -0.0216405
  -0.0211643
  -0.0201669
  -0.0186731
  -0.0167193
   -0.014354
  -0.0116351
 -0.00862981
 -0.00541202
 -0.00206092
  0.00134093
  0.00470971
  0.00796251
   0.0110193
   0.0138047
   0.0162503
   0.0182956
   0.0198906
   0.0209957
   0.0215839
   0.0216405
   0.0211643
   0.0201669
   0.0186731
   0.0138154
   0.0118609
  0.00961423
  0.00713096
  0.00447206
  0.00170297
 -0.00110805
 -0.00389172
 -0.00657953
 -0.00910542
   -0.011407
  -0.0134279
  -0.0151179
  -0.0164359
   -0.017349
  -0.0178351
  -0.0178819
  -0.0174884
  -0.0166642
  -0.0154298
  -0.0138154
  -0.0118609
 -0.00961423
 -0.00713096
 -0.00447206
 -0.00170297
  0.00110805
  0.00389172
  0.00657953
  0.00910542
    0.011407
   0.0134279
   0.0151179
   0.0164359
    0.017349
   0.0178351
   0.0178819
   0.0174884
   0.0166642
   0.0154298
  0.00677432
  0.00581597
  0.00471433
  0.00349673
  0.00219293
 0.000835056
-0.000543388
 -0.00190835
 -0.00322626
 -0.00446482
  -0.0055934
 -0.00658443
 -0.00741313
  -0.0080594
 -0.00850714
 -0.00874547
 -0.00876841
  -0.0085755
 -0.00817133
 -0.00756608
 -0.00677432
 -0.00581597
 -0.00471433
 -0.00349673
 -0.00219293
-0.000835056
 0.000543388
  0.00190835
  0.00322626
  0.00446482
   0.0055934
  0.00658443
  0.00741313
   0.0080594
  0.00850714
  0.00874547
  0.00876841
   0.0085755
  0.00817133
  0.00756608
 -0.00634367
 -0.00544618
 -0.00441455
 -0.00327413
 -0.00205326
-0.000781941
 0.000508636
  0.00178682
  0.00302114
  0.00418099
  0.00523782
   0.0061655
  0.00694151
  0.00754664
  0.00796604
   0.0081892
  0.00821066
  0.00802988
  0.00765151
  0.00708474
  0.00634367
  0.00544618
  0.00441455
  0.00327413
  0.00205326
 0.000781941
-0.000508636
 -0.00178682
 -0.00302114
 -0.00418099
 -0.00523782
  -0.0061655
 -0.00694151
 -0.00754664
 -0.00796604
  -0.0081892
 -0.00821066
 -0.00802988
 -0.00765151
 -0.00708474
  -0.0266566
  -0.0228855
  -0.0185504
  -0.0137587
 -0.00862842
 -0.00328584
  0.00213768
  0.00750873
   0.0126951
   0.0175689
   0.0220098
   0.0259086
   0.0291694
   0.0317123
   0.0334745
   0.0344123
   0.0345025
   0.0337431
   0.0321529
   0.0297713
   0.0266566
   0.0228855
   0.0185504
   0.0137587
  0.00862842
  0.00328584
 -0.00213768
 -0.00750873
  -0.0126951
  -0.0175689
  -0.0220098
  -0.0259086
  -0.0291694
  -0.0317123
  -0.0334745
  -0.0344123
  -0.0345025
  -0.0337431
  -0.0321529
  -0.0297713
  -0.0514402
  -0.0441629
  -0.0357974
  -0.0265508
  -0.0166507
 -0.00634082
  0.00412528
     0.01449
   0.0244982
   0.0339033
    0.042473
   0.0499969
   0.0562894
   0.0611966
   0.0645971
   0.0664068
   0.0665808
   0.0651154
   0.0620467
    0.057451
   0.0514402
   0.0441629
   0.0357974
   0.0265508
   0.0166507
  0.00634082
 -0.00412528
    -0.01449
  -0.0244982
  -0.0339033
   -0.042473
  -0.0499969
  -0.0562894
  -0.0611966
  -0.0645971
  -0.0664068
  -0.0665808
  -0.0651154
  -0.0620467
   -0.057451
  -0.0691355
  -0.0593549
  -0.0481117
  -0.0356844
  -0.0223787
 -0.00852206
  0.00554448
   0.0194746
   0.0329255
    0.045566
   0.0570836
   0.0671959
    0.075653
   0.0822484
   0.0868185
   0.0892509
   0.0894847
   0.0875152
   0.0833907
   0.0772142
   0.0691355
   0.0593549
   0.0481117
   0.0356844
   0.0223787
  0.00852206
 -0.00554448
  -0.0194746
  -0.0329255
   -0.045566
  -0.0570836
  -0.0671959
   -0.075653
  -0.0822484
  -0.0868185
  -0.0892509
  -0.0894847
  -0.0875152
  -0.0833907
  -0.0772142
  -0.0586267
  -0.0503328
  -0.0407987
  -0.0302605
  -0.0189773
  -0.0072267
  0.00470189
   0.0165146
   0.0279207
   0.0386398
   0.0484067
   0.0569822
   0.0641538
   0.0697467
    0.073622
   0.0756847
    0.075883
    0.074213
   0.0707154
   0.0654777
   0.0586267
   0.0503328
   0.0407987
   0.0302605
   0.0189773
   0.0072267
 -0.00470189
  -0.0165146
  -0.0279207
  -0.0386398
  -0.0484067
  -0.0569822
  -0.0641538
  -0.0697467
   -0.073622
  -0.0756847
   -0.075883
   -0.074213
  -0.0707154
  -0.0654777
 -0.00889587
 -0.00763725
 -0.00619095
  -0.0045922
 -0.00288003
 -0.00109657
  0.00071385
   0.0025063
  0.00423673
  0.00586291
  0.00734511
  0.00864674
  0.00973535
   0.0105838
   0.0111715
   0.0114843
   0.0115147
   0.0112616
    0.010731
   0.0099358
  0.00889587
  0.00763725
  0.00619095
   0.0045922
  0.00288003
  0.00109657
 -0.00071385
  -0.0025063
 -0.00423673
 -0.00586291
 -0.00734511
 -0.00864674
 -0.00973535
  -0.0105838
  -0.0111715
  -0.0114843
  -0.0115147
  -0.0112616
   -0.010731
  -0.0099358
   0.0458271
   0.0393443
   0.0318908
   0.0236529
   0.0148333
  0.00564895
 -0.00367461
  -0.0129083
  -0.0218248
  -0.0302042
  -0.0378384
   -0.044541
   -0.050146
  -0.0545182
  -0.0575482
  -0.0591609
  -0.0593154
  -0.0580092
   -0.055275
  -0.0511818
  -0.0458271
  -0.0393443
  -0.0318908
  -0.0236529
  -0.0148333
 -0.00564895
  0.00367461
   0.0129083
   0.0218248
   0.0302042
   0.0378384
    0.044541
    0.050146
   0.0545182
   0.0575482
   0.0591609
   0.0593154
   0.0580092
    0.055275
   0.0511818
   0.0458271
   0.0393443
   0.0318908
   0.0236529
   0.0148333
  0.00564895
 -0.00367461
  -0.0129083
  -0.0218248
  -0.0302042
  -0.0378384
   -0.044541
   -0.050146
  -0.0545182
  -0.0575482
  -0.0591609
  -0.0593154
  -0.0580092
   -0.055275
  -0.0511818
  -0.0458271
  -0.0393443
  -0.0318908
  -0.0236529
  -0.0148333
 -0.00564895
  0.00367461
   0.0129083
   0.0218248
   0.0302042
   0.0378384
    0.044541
    0.050146
   0.0545182
   0.0575482
   0.0591609
   0.0593154
   0.0580092
    0.055275
   0.0511818
 -0.00889587
 -0.00763725
 -0.00619095
  -0.0045922
 -0.00288003
 -0.00109657
  0.00071385
   0.0025063
  0.00423673
  0.00586291
  0.00734511
  0.00864674
  0.00973535
   0.0105838
   0.0111715
   0.0114843
   0.0115147
   0.0112616
    0.010731
   0.0099358
  0.00889587
  0.00763725
  0.00619095
   0.0045922
  0.00288003
  0.00109657
 -0.00071385
  -0.0025063
 -0.00423673
 -0.00586291
 -0.00734511
 -0.00864674
 -0.00973535
  -0.0105838
  -0.0111715
  -0.0114843
  -0.0115147
  -0.0112616
   -0.010731
  -0.0099358
  -0.0586267
  -0.0503328
  -0.0407987
  -0.0302605
  -0.0189773
  -0.0072267
  0.00470189
   0.0165146
   0.0279207
   0.0386398
   0.0484067
   0.0569822
   0.0641538
   0.0697467
    0.073622
   0.0756847
    0.075883
    0.074213
   0.0707154
   0.0654777
   0.0586267
   0.0503328
   0.0407987
   0.0302605
   0.0189773
   0.0072267
 -0.00470189
  -0.0165146
  -0.0279207
  -0.0386398
  -0.0484067
  -0.0569822
  -0.0641538
  -0.0697467
   -0.073622
  -0.0756847
   -0.075883
   -0.074213
  -0.0707154
  -0.0654777
  -0.0691355
  -0.0593549
  -0.0481117
  -0.0356844
  -0.0223787
 -0.00852206
  0.00554448
   0.0194746
   0.0329255
    0.045566
   0.0570836
   0.0671959
    0.075653
   0.0822484
   0.0868185
   0.0892509
   0.0894847
   0.0875152
   0.0833907
   0.0772142
   0.0691355
   0.0593549
   0.0481117
   0.0356844
   0.0223787
  0.00852206
 -0.00554448
  -0.0194746
  -0.0329255
   -0.045566
  -0.0570836
  -0.0671959
   -0.075653
  -0.0822484
  -0.0868185
  -0.0892509
  -0.0894847
  -0.0875152
  -0.0833907
  -0.0772142
  -0.0514402
  -0.0441629
  -0.0357974
  -0.0265508
  -0.0166507
 -0.00634082
  0.00412528
     0.01449
   0.0244982
   0.0339033
    0.042473
   0.0499969
   0.0562894
   0.0611966
   0.0645971
   0.0664068
   0.0665808
   0.0651154
   0.0620467
    0.057451
   0.0514402
   0.0441629
   0.0357974
   0.0265508
   0.0166507
  0.00634082
 -0.00412528
    -0.01449
  -0.0244982
  -0.0339033
   -0.042473
  -0.0499969
  -0.0562894
  -0.0611966
  -0.0645971
  -0.0664068
  -0.0665808
  -0.0651154
  -0.0620467
   -0.057451
  -0.0266566
  -0.0228855
  -0.0185504
  -0.0137587
 -0.00862842
 -0.00328584
  0.00213768
  0.00750873
   0.0126951
   0.0175689
   0.0220098
   0.0259086
   0.0291694
   0.0317123
   0.0334745
   0.0344123
   0.0345025
   0.0337431
   0.0321529
   0.0297713
   0.0266566
   0.0228855
   0.0185504
   0.0137587
  0.00862842
  0.00328584
 -0.00213768
 -0.00750873
  -0.0126951
  -0.0175689
  -0.0220098
  -0.0259086
  -0.0291694
  -0.0317123
  -0.0334745
  -0.0344123
  -0.0345025
  -0.0337431
  -0.0321529
  -0.0297713
 -0.00634367
 -0.00544618
 -0.00441455
 -0.00327413
 -0.00205326
-0.000781941
 0.000508636
  0.00178682
  0.00302114
  0.00418099
  0.00523782
   0.0061655
  0.00694151
  0.00754664
  0.00796604
   0.0081892
  0.00821066
  0.00802988
  0.00765151
  0.00708474
  0.00634367
  0.00544618
  0.00441455
  0.00327413
  0.00205326
 0.000781941
-0.000508636
 -0.00178682
 -0.00302114
 -0.00418099
 -0.00523782
  -0.0061655
 -0.00694151
 -0.00754664
 -0.00796604
  -0.0081892
 -0.00821066
 -0.00802988
 -0.00765151
 -0.00708474
  0.00677432
  0.00581597
  0.00471433
  0.00349673
  0.00219293
 0.000835056
-0.000543388
 -0.00190835
 -0.00322626
 -0.00446482
  -0.0055934
 -0.00658443
 -0.00741313
  -0.0080594
 -0.00850714
 -0.00874547
 -0.00876841
  -0.0085755
 -0.00817133
 -0.00756608
 -0.00677432
 -0.00581597
 -0.00471433
 -0.00349673
 -0.00219293
-0.000835056
 0.000543388
  0.00190835
  0.00322626
  0.00446482
   0.0055934
  0.00658443
  0.00741313
   0.0080594
  0.00850714
  0.00874547
  0.00876841
   0.0085755
  0.00817133
  0.00756608
   0.0138154
   0.0118609
  0.00961423
  0.00713096
  0.00447206
  0.00170297
 -0.00110805
 -0.00389172
 -0.00657953
 -0.00910542
   -0.011407
  -0.0134279
  -0.0151179
  -0.0164359
   -0.017349
  -0.0178351
  -0.0178819
  -0.0174884
  -0.0166642
  -0.0154298
  -0.0138154
  -0.0118609
 -0.00961423
 -0.00713096
 -0.00447206
 -0.00170297
  0.00110805
  0.00389172
  0.00657953
  0.00910542
    0.011407
   0.0134279
   0.0151179
   0.0164359
    0.017349
   0.0178351
   0.0178819
   0.0174884
   0.0166642
   0.0154298
   0.0167193
    0.014354
   0.0116351
  0.00862981
  0.00541202
  0.00206092
 -0.00134093
 -0.00470971
 -0.00796251
  -0.0110193
  -0.0138047
  -0.0162503
  -0.0182956
  -0.0198906
  -0.0209957
  -0.0215839
  -0.0216405
  -0.0211643
  -0.0201669
  -0.0186731
  -0.0167193
   -0.014354
  -0.0116351
 -0.00862981
 -0.00541202
 -0.00206092
  0.00134093
  0.00470971
  0.00796251
   0.0110193
   0.0138047
   0.0162503
   0.0182956
   0.0198906
   0.0209957
   0.0215839
   0.0216405
   0.0211643
   0.0201669
   0.0186731
   0.0171355
   0.0147113
   0.0119247
  0.00884463
  0.00554674
  0.00211223
 -0.00137431
 -0.00482695
 -0.00816074
  -0.0112937
  -0.0141484
  -0.0166548
  -0.0187511
  -0.0203857
  -0.0215184
  -0.0221212
  -0.0221792
  -0.0216911
  -0.0206689
  -0.0191379
  -0.0171355
  -0.0147113
  -0.0119247
 -0.00884463
 -0.00554674
 -0.00211223
  0.00137431
  0.00482695
  0.00816074
   0.0112937
   0.0141484
   0.0166548
   0.0187511
   0.0203857
   0.0215184
   0.0221212
   0.0221792
   0.0216911
   0.0206689
   0.0191379
   0.0162085
   0.0139155
   0.0112797
  0.00836616
  0.00524667
  0.00199796
 -0.00129996
 -0.00456582
 -0.00771928
  -0.0106827
   -0.013383
  -0.0157539
  -0.0177367
  -0.0192829
  -0.0203543
  -0.0209245
  -0.0209794
  -0.0205177
  -0.0195508
  -0.0181026
  -0.0162085
  -0.0139155
  -0.0112797
 -0.00836616
 -0.00524667
 -0.00199796
  0.00129996
  0.00456582
  0.00771928
   0.0106827
    0.013383
   0.0157539
   0.0177367
   0.0192829
   0.0203543
   0.0209245
   0.0209794
   0.0205177
   0.0195508
   0.0181026
