 -0.00068745
-0.000245142
 0.000464696
 0.000666908
 0.000140687
-0.000539314
-0.000630497
-3.32731e-05
 0.000600207
 0.000578187
-7.52618e-05
-0.000646542
-0.000511786
 0.000181878
 0.000676973
 0.000432879
-0.000283829
-0.000690462
-0.000342955
 0.000379225
  0.00068745
 0.000245142
-0.000464696
-0.000666908
-0.000140687
 0.000539314
 0.000630497
 3.32731e-05
-0.000600207
-0.000578187
 7.52618e-05
 0.000646542
 0.000511786
-0.000181878
-0.000676973
-0.000432879
 0.000283829
 0.000690462
 0.000342955
-0.000379225
   -0.001409
-0.000502339
  0.00095271
   0.0013672
 0.000288525
 -0.00110539
 -0.00129232
 -6.8124e-05
  0.00123039
  0.00118523
-0.000154257
 -0.00132531
  -0.0010491
 0.000372771
  0.00138761
 0.000887235
-0.000581922
 -0.00141547
-0.000703153
 0.000777193
    0.001409
 0.000502339
 -0.00095271
  -0.0013672
-0.000288525
  0.00110539
  0.00129232
  6.8124e-05
 -0.00123039
 -0.00118523
 0.000154257
  0.00132531
   0.0010491
-0.000372771
 -0.00138761
-0.000887235
 0.000581922
  0.00141547
 0.000703153
-0.000777193
 -0.00286713
 -0.00102208
  0.00193894
  0.00278243
 0.000587303
 -0.00224933
 -0.00262975
-0.000138545
   0.0025039
  0.00241198
-0.000313892
 -0.00269701
 -0.00213495
 0.000758536
  0.00282371
  0.00180541
 -0.00118435
 -0.00288064
 -0.00143108
  0.00158141
  0.00286713
  0.00102208
 -0.00193894
 -0.00278243
-0.000587303
  0.00224933
  0.00262975
 0.000138545
  -0.0025039
 -0.00241198
 0.000313892
  0.00269701
  0.00213495
-0.000758536
 -0.00282371
 -0.00180541
  0.00118435
  0.00288064
  0.00143108
 -0.00158141
 -0.00573069
 -0.00204276
  0.00387579
  0.00556177
  0.00117408
 -0.00449586
 -0.00525629
-0.000276838
  0.00500491
  0.00482117
-0.000627394
 -0.00539085
  -0.0042674
  0.00151613
  0.00564402
  0.00360859
 -0.00236744
 -0.00575806
 -0.00286066
  0.00316077
  0.00573069
  0.00204276
 -0.00387579
 -0.00556177
 -0.00117408
  0.00449586
  0.00525629
 0.000276838
 -0.00500491
 -0.00482117
 0.000627394
  0.00539085
   0.0042674
 -0.00151613
 -0.00564402
 -0.00360859
  0.00236744
  0.00575806
  0.00286066
 -0.00316077
   -0.011073
 -0.00394694
  0.00748921
   0.0107469
   0.0022688
 -0.00868702
  -0.0101564
-0.000534839
  0.00967082
  0.00931578
 -0.00121226
  -0.0104165
 -0.00824573
  0.00292951
   0.0109056
  0.00697261
 -0.00457466
  -0.0111262
 -0.00552772
  0.00610722
    0.011073
  0.00394694
 -0.00748921
  -0.0107469
  -0.0022688
  0.00868702
   0.0101564
 0.000534839
 -0.00967082
 -0.00931578
  0.00121226
   0.0104165
  0.00824573
 -0.00292951
  -0.0109056
 -0.00697261
  0.00457466
   0.0111262
  0.00552772
 -0.00610722
   -0.020183
 -0.00719411
   0.0136511
   0.0195892
   0.0041356
  -0.0158341
  -0.0185125
-0.000974811
   0.0176275
   0.0169804
 -0.00220963
  -0.0189867
  -0.0150299
  0.00533973
   0.0198781
   0.0127092
 -0.00833859
  -0.0202805
  -0.0100758
   0.0111318
    0.020183
  0.00719411
  -0.0136511
  -0.0195892
  -0.0041356
   0.0158341
   0.0185125
 0.000974811
  -0.0176275
  -0.0169804
  0.00220963
   0.0189867
   0.0150299
 -0.00533973
  -0.0198781
  -0.0127092
  0.00833859
   0.0202805
   0.0100758
  -0.0111318
  -0.0333476
  -0.0118864
   0.0225554
   0.0323667
  0.00683326
  -0.0261621
  -0.0305874
 -0.00161061
   0.0291253
   0.0280561
 -0.00365088
   -0.031371
  -0.0248333
  0.00882264
   0.0328439
    0.020999
  -0.0137777
  -0.0335089
   -0.016648
   0.0183925
   0.0333476
   0.0118864
  -0.0225554
  -0.0323667
 -0.00683326
   0.0261621
   0.0305874
  0.00161061
  -0.0291253
  -0.0280561
  0.00365088
    0.031371
   0.0248333
 -0.00882264
  -0.0328439
   -0.020999
   0.0137777
   0.0335089
    0.016648
  -0.0183925
  -0.0464832
  -0.0165684
   0.0314402
   0.0451161
  0.00952502
  -0.0364674
  -0.0426359
   -0.002245
   0.0405978
   0.0391076
 -0.00508896
  -0.0437282
  -0.0346152
   0.0122979
   0.0457812
   0.0292705
  -0.0192049
  -0.0467083
  -0.0232059
   0.0256373
   0.0464832
   0.0165684
  -0.0314402
  -0.0451161
 -0.00952502
   0.0364674
   0.0426359
    0.002245
  -0.0405978
  -0.0391076
  0.00508896
   0.0437282
   0.0346152
  -0.0122979
  -0.0457812
  -0.0292705
   0.0192049
   0.0467083
   0.0232059
  -0.0256373
  -0.0463094
  -0.0165064
   0.0313229
   0.0449478
  0.00948963
  -0.0363312
  -0.0424767
 -0.00223658
   0.0404462
   0.0389616
 -0.00506994
   -0.043565
  -0.0344859
    0.012252
   0.0456103
   0.0291611
  -0.0191334
   -0.046534
  -0.0231193
   0.0255414
   0.0463094
   0.0165064
  -0.0313229
  -0.0449478
 -0.00948963
   0.0363312
   0.0424767
  0.00223658
  -0.0404462
  -0.0389616
  0.00506994
    0.043565
   0.0344859
   -0.012252
  -0.0456103
  -0.0291611
   0.0191334
    0.046534
   0.0231193
  -0.0255414
  -0.0125699
  -0.0044802
  0.00850269
   0.0122011
  0.00257625
 -0.00986164
  -0.0115298
-0.000606962
   0.0109788
    0.010576
 -0.00137615
  -0.0118255
 -0.00936089
  0.00332565
   0.0123805
  0.00791542
 -0.00519394
  -0.0126317
  -0.0062759
  0.00693271
   0.0125699
   0.0044802
 -0.00850269
  -0.0122011
 -0.00257625
  0.00986164
   0.0115298
 0.000606962
  -0.0109788
   -0.010576
  0.00137615
   0.0118255
  0.00936089
 -0.00332565
  -0.0123805
 -0.00791542
  0.00519394
   0.0126317
   0.0062759
 -0.00693271
   0.0581457
   0.0207259
  -0.0393273
  -0.0564343
  -0.0119141
    0.045617
   0.0533329
  0.00280856
   -0.050783
  -0.0489188
  0.00636578
   0.0546989
   0.0432995
  -0.0153834
  -0.0572673
  -0.0366143
   0.0240225
    0.058426
   0.0290272
  -0.0320699
  -0.0581457
  -0.0207259
   0.0393273
   0.0564343
   0.0119141
   -0.045617
  -0.0533329
 -0.00280856
    0.050783
   0.0489188
 -0.00636578
  -0.0546989
  -0.0432995
   0.0153834
   0.0572673
   0.0366143
  -0.0240225
   -0.058426
  -0.0290272
   0.0320699
    0.123181
   0.0439071
  -0.0833152
   -0.119556
  -0.0252405
   0.0966392
    0.112985
   0.0059497
   -0.107584
   -0.103635
   0.0134858
     0.11588
   0.0917298
  -0.0325896
    -0.12132
  -0.0775671
   0.0508922
    0.123776
   0.0614945
  -0.0679395
   -0.123181
  -0.0439071
   0.0833152
    0.119556
   0.0252405
  -0.0966392
   -0.112985
  -0.0059497
    0.107584
    0.103635
  -0.0134858
    -0.11588
  -0.0917298
   0.0325896
     0.12132
   0.0775671
  -0.0508922
   -0.123776
  -0.0614945
   0.0679395
    0.123181
   0.0439071
  -0.0833152
   -0.119556
  -0.0252405
   0.0966392
    0.112985
   0.0059497
   -0.107584
   -0.103635
   0.0134858
     0.11588
   0.0917298
  -0.0325896
    -0.12132
  -0.0775671
   0.0508922
    0.123776
   0.0614945
  -0.0679395
   -0.123181
  -0.0439071
   0.0833152
    0.119556
   0.0252405
  -0.0966392
   -0.112985
  -0.0059497
    0.107584
    0.103635
  -0.0134858
    -0.11588
  -0.0917298
   0.0325896
     0.12132
   0.0775671
  -0.0508922
   -0.123776
  -0.0614945
   0.0679395
   0.0581457
   0.0207259
  -0.0393273
  -0.0564343
  -0.0119141
    0.045617
   0.0533329
  0.00280856
   -0.050783
  -0.0489188
  0.00636578
   0.0546989
   0.0432995
  -0.0153834
  -0.0572673
  -0.0366143
   0.0240225
    0.058426
   0.0290272
  -0.0320699
  -0.0581457
  -0.0207259
   0.0393273
   0.0564343
   0.0119141
   -0.045617
  -0.0533329
 -0.00280856
    0.050783
   0.0489188
 -0.00636578
  -0.0546989
  -0.0432995
   0.0153834
   0.0572673
   0.0366143
  -0.0240225
   -0.058426
  -0.0290272
   0.0320699
  -0.0125699
  -0.0044802
  0.00850269
   0.0122011
  0.00257625
 -0.00986164
  -0.0115298
-0.000606962
   0.0109788
    0.010576
 -0.00137615
  -0.0118255
 -0.00936089
  0.00332565
   0.0123805
  0.00791542
 -0.00519394
  -0.0126317
  -0.0062759
  0.00693271
   0.0125699
   0.0044802
 -0.00850269
  -0.0122011
 -0.00257625
  0.00986164
   0.0115298
 0.000606962
  -0.0109788
   -0.010576
  0.00137615
   0.0118255
  0.00936089
 -0.00332565
  -0.0123805
 -0.00791542
  0.00519394
   0.0126317
   0.0062759
 -0.00693271
  -0.0463094
  -0.0165064
   0.0313229
   0.0449478
  0.00948963
  -0.0363312
  -0.0424767
 -0.00223658
   0.0404462
   0.0389616
 -0.00506994
   -0.043565
  -0.0344859
    0.012252
   0.0456103
   0.0291611
  -0.0191334
   -0.046534
  -0.0231193
   0.0255414
   0.0463094
   0.0165064
  -0.0313229
  -0.0449478
 -0.00948963
   0.0363312
   0.0424767
  0.00223658
  -0.0404462
  -0.0389616
  0.00506994
    0.043565
   0.0344859
   -0.012252
  -0.0456103
  -0.0291611
   0.0191334
    0.046534
   0.0231193
  -0.0255414
  -0.0464832
  -0.0165684
   0.0314402
   0.0451161
  0.00952502
  -0.0364674
  -0.0426359
   -0.002245
   0.0405978
   0.0391076
 -0.00508896
  -0.0437282
  -0.0346152
   0.0122979
   0.0457812
   0.0292705
  -0.0192049
  -0.0467083
  -0.0232059
   0.0256373
   0.0464832
   0.0165684
  -0.0314402
  -0.0451161
 -0.00952502
   0.0364674
   0.0426359
    0.002245
  -0.0405978
  -0.0391076
  0.00508896
   0.0437282
   0.0346152
  -0.0122979
  -0.0457812
  -0.0292705
   0.0192049
   0.0467083
   0.0232059
  -0.0256373
  -0.0333476
  -0.0118864
   0.0225554
   0.0323667
  0.00683326
  -0.0261621
  -0.0305874
 -0.00161061
   0.0291253
   0.0280561
 -0.00365088
   -0.031371
  -0.0248333
  0.00882264
   0.0328439
    0.020999
  -0.0137777
  -0.0335089
   -0.016648
   0.0183925
   0.0333476
   0.0118864
  -0.0225554
  -0.0323667
 -0.00683326
   0.0261621
   0.0305874
  0.00161061
  -0.0291253
  -0.0280561
  0.00365088
    0.031371
   0.0248333
 -0.00882264
  -0.0328439
   -0.020999
   0.0137777
   0.0335089
    0.016648
  -0.0183925
   -0.020183
 -0.00719411
   0.0136511
   0.0195892
   0.0041356
  -0.0158341
  -0.0185125
-0.000974811
   0.0176275
   0.0169804
 -0.00220963
  -0.0189867
  -0.0150299
  0.00533973
   0.0198781
   0.0127092
 -0.00833859
  -0.0202805
  -0.0100758
   0.0111318
    0.020183
  0.00719411
  -0.0136511
  -0.0195892
  -0.0041356
   0.0158341
   0.0185125
 0.000974811
  -0.0176275
  -0.0169804
  0.00220963
   0.0189867
   0.0150299
 -0.00533973
  -0.0198781
  -0.0127092
  0.00833859
   0.0202805
   0.0100758
  -0.0111318
   -0.011073
 -0.00394694
  0.00748921
   0.0107469
   0.0022688
 -0.00868702
  -0.0101564
-0.000534839
  0.00967082
  0.00931578
 -0.00121226
  -0.0104165
 -0.00824573
  0.00292951
   0.0109056
  0.00697261
 -0.00457466
  -0.0111262
 -0.00552772
  0.00610722
    0.011073
  0.00394694
 -0.00748921
  -0.0107469
  -0.0022688
  0.00868702
   0.0101564
 0.000534839
 -0.00967082
 -0.00931578
  0.00121226
   0.0104165
  0.00824573
 -0.00292951
  -0.0109056
 -0.00697261
  0.00457466
   0.0111262
  0.00552772
 -0.00610722
 -0.00573069
 -0.00204276
  0.00387579
  0.00556177
  0.00117408
 -0.00449586
 -0.00525629
-0.000276838
  0.00500491
  0.00482117
-0.000627394
 -0.00539085
  -0.0042674
  0.00151613
  0.00564402
  0.00360859
 -0.00236744
 -0.00575806
 -0.00286066
  0.00316077
  0.00573069
  0.00204276
 -0.00387579
 -0.00556177
 -0.00117408
  0.00449586
  0.00525629
 0.000276838
 -0.00500491
 -0.00482117
 0.000627394
  0.00539085
   0.0042674
 -0.00151613
 -0.00564402
 -0.00360859
  0.00236744
  0.00575806
  0.00286066
 -0.00316077
 -0.00286713
 -0.00102208
  0.00193894
  0.00278243
 0.000587303
 -0.00224933
 -0.00262975
-0.000138545
   0.0025039
  0.00241198
-0.000313892
 -0.00269701
 -0.00213495
 0.000758536
  0.00282371
  0.00180541
 -0.00118435
 -0.00288064
 -0.00143108
  0.00158141
  0.00286713
  0.00102208
 -0.00193894
 -0.00278243
-0.000587303
  0.00224933
  0.00262975
 0.000138545
  -0.0025039
 -0.00241198
 0.000313892
  0.00269701
  0.00213495
-0.000758536
 -0.00282371
 -0.00180541
  0.00118435
  0.00288064
  0.00143108
 -0.00158141
   -0.001409
-0.000502339
  0.00095271
   0.0013672
 0.000288525
 -0.00110539
 -0.00129232
 -6.8124e-05
  0.00123039
  0.00118523
-0.000154257
 -0.00132531
  -0.0010491
 0.000372771
  0.00138761
 0.000887235
-0.000581922
 -0.00141547
-0.000703153
 0.000777193
    0.001409
 0.000502339
 -0.00095271
  -0.0013672
-0.000288525
  0.00110539
  0.00129232
  6.8124e-05
 -0.00123039
 -0.00118523
 0.000154257
  0.00132531
   0.0010491
-0.000372771
 -0.00138761
-0.000887235
 0.000581922
  0.00141547
 0.000703153
-0.000777193
 -0.00068745
-0.000245142
 0.000464696
 0.000666908
 0.000140687
-0.000539314
-0.000630497
-3.32731e-05
 0.000600207
 0.000578187
-7.52618e-05
-0.000646542
-0.000511786
 0.000181878
 0.000676973
 0.000432879
-0.000283829
-0.000690462
-0.000342955
 0.000379225
  0.00068745
 0.000245142
-0.000464696
-0.000666908
-0.000140687
 0.000539314
 0.000630497
 3.32731e-05
-0.000600207
-0.000578187
 7.52618e-05
 0.000646542
 0.000511786
-0.000181878
-0.000676973
-0.000432879
 0.000283829
 0.000690462
 0.000342955
-0.000379225
