-6.16765e-11
  0.00578511
   0.0110039
   0.0151457
   0.0178048
   0.0187211
   0.0178048
   0.0151457
   0.0110039
  0.00578511
 6.16776e-11
 -0.00578511
  -0.0110039
  -0.0151457
  -0.0178048
  -0.0187211
  -0.0178048
  -0.0151457
  -0.0110039
 -0.00578511
-6.16774e-11
  0.00578511
   0.0110039
   0.0151457
   0.0178048
   0.0187211
   0.0178048
   0.0151457
   0.0110039
  0.00578511
 6.16773e-11
 -0.00578511
  -0.0110039
  -0.0151457
  -0.0178048
  -0.0187211
  -0.0178048
  -0.0151457
  -0.0110039
 -0.00578511
-7.49021e-11
  0.00702563
   0.0133635
   0.0183934
   0.0216227
   0.0227355
   0.0216227
   0.0183934
   0.0133635
  0.00702563
 7.49044e-11
 -0.00702563
  -0.0133635
  -0.0183934
  -0.0216227
  -0.0227355
  -0.0216227
  -0.0183934
  -0.0133635
 -0.00702563
 -7.4902e-11
  0.00702563
   0.0133635
   0.0183934
   0.0216227
   0.0227355
   0.0216227
   0.0183934
   0.0133635
  0.00702563
 7.49025e-11
 -0.00702563
  -0.0133635
  -0.0183934
  -0.0216227
  -0.0227355
  -0.0216227
  -0.0183934
  -0.0133635
 -0.00702563
-8.66941e-11
  0.00813173
   0.0154674
   0.0212892
    0.025027
    0.026315
    0.025027
   0.0212892
   0.0154674
  0.00813173
 8.66971e-11
 -0.00813173
  -0.0154674
  -0.0212892
   -0.025027
   -0.026315
   -0.025027
  -0.0212892
  -0.0154674
 -0.00813173
-8.66938e-11
  0.00813173
   0.0154674
   0.0212892
    0.025027
    0.026315
    0.025027
   0.0212892
   0.0154674
  0.00813173
 8.66957e-11
 -0.00813173
  -0.0154674
  -0.0212892
   -0.025027
   -0.026315
   -0.025027
  -0.0212892
  -0.0154674
 -0.00813173
-9.21203e-11
  0.00864071
   0.0164356
   0.0226218
   0.0265935
   0.0279622
   0.0265935
   0.0226218
   0.0164356
  0.00864071
 9.21221e-11
 -0.00864071
  -0.0164356
  -0.0226218
  -0.0265935
  -0.0279622
  -0.0265935
  -0.0226218
  -0.0164356
 -0.00864071
 -9.2122e-11
  0.00864071
   0.0164356
   0.0226218
   0.0265935
   0.0279622
   0.0265935
   0.0226218
   0.0164356
  0.00864071
 9.21257e-11
 -0.00864071
  -0.0164356
  -0.0226218
  -0.0265935
  -0.0279622
  -0.0265935
  -0.0226218
  -0.0164356
 -0.00864071
-8.22223e-11
  0.00771213
   0.0146693
   0.0201907
   0.0237357
   0.0249573
   0.0237357
   0.0201907
   0.0146693
  0.00771213
 8.22205e-11
 -0.00771213
  -0.0146693
  -0.0201907
  -0.0237357
  -0.0249573
  -0.0237357
  -0.0201907
  -0.0146693
 -0.00771213
-8.22259e-11
  0.00771213
   0.0146693
   0.0201907
   0.0237357
   0.0249573
   0.0237357
   0.0201907
   0.0146693
  0.00771213
 8.22279e-11
 -0.00771213
  -0.0146693
  -0.0201907
  -0.0237357
  -0.0249573
  -0.0237357
  -0.0201907
  -0.0146693
 -0.00771213
-4.33524e-11
  0.00406594
  0.00773383
   0.0106449
   0.0125139
    0.013158
   0.0125139
   0.0106449
  0.00773383
  0.00406594
 4.33477e-11
 -0.00406594
 -0.00773383
  -0.0106449
  -0.0125139
   -0.013158
  -0.0125139
  -0.0106449
 -0.00773383
 -0.00406594
-4.33505e-11
  0.00406594
  0.00773383
   0.0106449
   0.0125139
    0.013158
   0.0125139
   0.0106449
  0.00773383
  0.00406594
 4.33463e-11
 -0.00406594
 -0.00773383
  -0.0106449
  -0.0125139
   -0.013158
  -0.0125139
  -0.0106449
 -0.00773383
 -0.00406594
 3.91758e-11
 -0.00367467
 -0.00698962
 -0.00962023
  -0.0113091
   -0.011891
  -0.0113091
 -0.00962023
 -0.00698962
 -0.00367467
-3.91791e-11
  0.00367467
  0.00698962
  0.00962023
   0.0113091
    0.011891
   0.0113091
  0.00962023
  0.00698962
  0.00367467
 3.91816e-11
 -0.00367467
 -0.00698962
 -0.00962023
  -0.0113091
   -0.011891
  -0.0113091
 -0.00962023
 -0.00698962
 -0.00367467
-3.91896e-11
  0.00367467
  0.00698962
  0.00962023
   0.0113091
    0.011891
   0.0113091
  0.00962023
  0.00698962
  0.00367467
 1.65452e-10
  -0.0155194
  -0.0295194
    -0.04063
  -0.0477632
  -0.0502213
  -0.0477632
    -0.04063
  -0.0295194
  -0.0155194
-1.65453e-10
   0.0155194
   0.0295194
     0.04063
   0.0477632
   0.0502213
   0.0477632
     0.04063
   0.0295194
   0.0155194
 1.65453e-10
  -0.0155194
  -0.0295194
    -0.04063
  -0.0477632
  -0.0502213
  -0.0477632
    -0.04063
  -0.0295194
  -0.0155194
-1.65459e-10
   0.0155194
   0.0295194
     0.04063
   0.0477632
   0.0502213
   0.0477632
     0.04063
   0.0295194
   0.0155194
 2.87617e-10
  -0.0269781
  -0.0513151
  -0.0706294
  -0.0830298
  -0.0873029
  -0.0830298
  -0.0706294
  -0.0513151
  -0.0269781
-2.87617e-10
   0.0269781
   0.0513151
   0.0706294
   0.0830298
   0.0873029
   0.0830298
   0.0706294
   0.0513151
   0.0269781
 2.87626e-10
  -0.0269781
  -0.0513151
  -0.0706294
  -0.0830298
  -0.0873029
  -0.0830298
  -0.0706294
  -0.0513151
  -0.0269781
-2.87623e-10
   0.0269781
   0.0513151
   0.0706294
   0.0830298
   0.0873029
   0.0830298
   0.0706294
   0.0513151
   0.0269781
 2.88477e-10
  -0.0270589
  -0.0514686
   -0.070841
  -0.0832786
  -0.0875647
  -0.0832786
   -0.070841
  -0.0514686
  -0.0270589
-2.88483e-10
   0.0270589
   0.0514686
    0.070841
   0.0832786
   0.0875647
   0.0832786
    0.070841
   0.0514686
   0.0270589
  2.8848e-10
  -0.0270589
  -0.0514686
   -0.070841
  -0.0832786
  -0.0875647
  -0.0832786
   -0.070841
  -0.0514686
  -0.0270589
-2.88471e-10
   0.0270589
   0.0514686
    0.070841
   0.0832786
   0.0875647
   0.0832786
    0.070841
   0.0514686
   0.0270589
 7.71111e-11
   -0.007233
  -0.0137581
  -0.0189367
  -0.0222616
  -0.0234074
  -0.0222616
  -0.0189367
  -0.0137581
   -0.007233
-7.71092e-11
    0.007233
   0.0137581
   0.0189367
   0.0222616
   0.0234074
   0.0222616
   0.0189367
   0.0137581
    0.007233
 7.71032e-11
   -0.007233
  -0.0137581
  -0.0189367
  -0.0222616
  -0.0234074
  -0.0222616
  -0.0189367
  -0.0137581
   -0.007233
-7.71161e-11
    0.007233
   0.0137581
   0.0189367
   0.0222616
   0.0234074
   0.0222616
   0.0189367
   0.0137581
    0.007233
-1.91009e-10
   0.0179168
   0.0340791
   0.0469059
   0.0551409
   0.0579788
   0.0551409
   0.0469059
   0.0340791
   0.0179168
 1.91023e-10
  -0.0179168
  -0.0340791
  -0.0469059
  -0.0551409
  -0.0579788
  -0.0551409
  -0.0469059
  -0.0340791
  -0.0179168
 -1.9101e-10
   0.0179168
   0.0340791
   0.0469059
   0.0551409
   0.0579788
   0.0551409
   0.0469059
   0.0340791
   0.0179168
 1.91019e-10
  -0.0179168
  -0.0340791
  -0.0469059
  -0.0551409
  -0.0579788
  -0.0551409
  -0.0469059
  -0.0340791
  -0.0179168
-1.91009e-10
   0.0179168
   0.0340791
   0.0469059
   0.0551409
   0.0579788
   0.0551409
   0.0469059
   0.0340791
   0.0179168
 1.91005e-10
  -0.0179168
  -0.0340791
  -0.0469059
  -0.0551409
  -0.0579788
  -0.0551409
  -0.0469059
  -0.0340791
  -0.0179168
-1.91008e-10
   0.0179168
   0.0340791
   0.0469059
   0.0551409
   0.0579788
   0.0551409
   0.0469059
   0.0340791
   0.0179168
  1.9101e-10
  -0.0179168
  -0.0340791
  -0.0469059
  -0.0551409
  -0.0579788
  -0.0551409
  -0.0469059
  -0.0340791
  -0.0179168
 7.71189e-11
   -0.007233
  -0.0137581
  -0.0189367
  -0.0222616
  -0.0234074
  -0.0222616
  -0.0189367
  -0.0137581
   -0.007233
-7.71189e-11
    0.007233
   0.0137581
   0.0189367
   0.0222616
   0.0234074
   0.0222616
   0.0189367
   0.0137581
    0.007233
 7.71196e-11
   -0.007233
  -0.0137581
  -0.0189367
  -0.0222616
  -0.0234074
  -0.0222616
  -0.0189367
  -0.0137581
   -0.007233
-7.71254e-11
    0.007233
   0.0137581
   0.0189367
   0.0222616
   0.0234074
   0.0222616
   0.0189367
   0.0137581
    0.007233
 2.88482e-10
  -0.0270589
  -0.0514686
   -0.070841
  -0.0832786
  -0.0875647
  -0.0832786
   -0.070841
  -0.0514686
  -0.0270589
-2.88483e-10
   0.0270589
   0.0514686
    0.070841
   0.0832786
   0.0875647
   0.0832786
    0.070841
   0.0514686
   0.0270589
 2.88493e-10
  -0.0270589
  -0.0514686
   -0.070841
  -0.0832786
  -0.0875647
  -0.0832786
   -0.070841
  -0.0514686
  -0.0270589
-2.88486e-10
   0.0270589
   0.0514686
    0.070841
   0.0832786
   0.0875647
   0.0832786
    0.070841
   0.0514686
   0.0270589
 2.87621e-10
  -0.0269781
  -0.0513151
  -0.0706294
  -0.0830298
  -0.0873029
  -0.0830298
  -0.0706294
  -0.0513151
  -0.0269781
-2.87625e-10
   0.0269781
   0.0513151
   0.0706294
   0.0830298
   0.0873029
   0.0830298
   0.0706294
   0.0513151
   0.0269781
 2.87625e-10
  -0.0269781
  -0.0513151
  -0.0706294
  -0.0830298
  -0.0873029
  -0.0830298
  -0.0706294
  -0.0513151
  -0.0269781
-2.87619e-10
   0.0269781
   0.0513151
   0.0706294
   0.0830298
   0.0873029
   0.0830298
   0.0706294
   0.0513151
   0.0269781
 1.65457e-10
  -0.0155194
  -0.0295194
    -0.04063
  -0.0477632
  -0.0502213
  -0.0477632
    -0.04063
  -0.0295194
  -0.0155194
-1.65454e-10
   0.0155194
   0.0295194
     0.04063
   0.0477632
   0.0502213
   0.0477632
     0.04063
   0.0295194
   0.0155194
 1.65456e-10
  -0.0155194
  -0.0295194
    -0.04063
  -0.0477632
  -0.0502213
  -0.0477632
    -0.04063
  -0.0295194
  -0.0155194
-1.65459e-10
   0.0155194
   0.0295194
     0.04063
   0.0477632
   0.0502213
   0.0477632
     0.04063
   0.0295194
   0.0155194
 3.91751e-11
 -0.00367467
 -0.00698962
 -0.00962023
  -0.0113091
   -0.011891
  -0.0113091
 -0.00962023
 -0.00698962
 -0.00367467
-3.91728e-11
  0.00367467
  0.00698962
  0.00962023
   0.0113091
    0.011891
   0.0113091
  0.00962023
  0.00698962
  0.00367467
 3.91687e-11
 -0.00367467
 -0.00698962
 -0.00962023
  -0.0113091
   -0.011891
  -0.0113091
 -0.00962023
 -0.00698962
 -0.00367467
-3.91667e-11
  0.00367467
  0.00698962
  0.00962023
   0.0113091
    0.011891
   0.0113091
  0.00962023
  0.00698962
  0.00367467
 -4.3352e-11
  0.00406594
  0.00773383
   0.0106449
   0.0125139
    0.013158
   0.0125139
   0.0106449
  0.00773383
  0.00406594
 4.33508e-11
 -0.00406594
 -0.00773383
  -0.0106449
  -0.0125139
   -0.013158
  -0.0125139
  -0.0106449
 -0.00773383
 -0.00406594
-4.33466e-11
  0.00406594
  0.00773383
   0.0106449
   0.0125139
    0.013158
   0.0125139
   0.0106449
  0.00773383
  0.00406594
 4.33444e-11
 -0.00406594
 -0.00773383
  -0.0106449
  -0.0125139
   -0.013158
  -0.0125139
  -0.0106449
 -0.00773383
 -0.00406594
-8.22233e-11
  0.00771213
   0.0146693
   0.0201907
   0.0237357
   0.0249573
   0.0237357
   0.0201907
   0.0146693
  0.00771213
 8.22225e-11
 -0.00771213
  -0.0146693
  -0.0201907
  -0.0237357
  -0.0249573
  -0.0237357
  -0.0201907
  -0.0146693
 -0.00771213
-8.22182e-11
  0.00771213
   0.0146693
   0.0201907
   0.0237357
   0.0249573
   0.0237357
   0.0201907
   0.0146693
  0.00771213
 8.22163e-11
 -0.00771213
  -0.0146693
  -0.0201907
  -0.0237357
  -0.0249573
  -0.0237357
  -0.0201907
  -0.0146693
 -0.00771213
-9.21218e-11
  0.00864071
   0.0164356
   0.0226218
   0.0265935
   0.0279622
   0.0265935
   0.0226218
   0.0164356
  0.00864071
 9.21234e-11
 -0.00864071
  -0.0164356
  -0.0226218
  -0.0265935
  -0.0279622
  -0.0265935
  -0.0226218
  -0.0164356
 -0.00864071
-9.21194e-11
  0.00864071
   0.0164356
   0.0226218
   0.0265935
   0.0279622
   0.0265935
   0.0226218
   0.0164356
  0.00864071
 9.21191e-11
 -0.00864071
  -0.0164356
  -0.0226218
  -0.0265935
  -0.0279622
  -0.0265935
  -0.0226218
  -0.0164356
 -0.00864071
-8.66948e-11
  0.00813173
   0.0154674
   0.0212892
    0.025027
    0.026315
    0.025027
   0.0212892
   0.0154674
  0.00813173
  8.6697e-11
 -0.00813173
  -0.0154674
  -0.0212892
   -0.025027
   -0.026315
   -0.025027
  -0.0212892
  -0.0154674
 -0.00813173
-8.66946e-11
  0.00813173
   0.0154674
   0.0212892
    0.025027
    0.026315
    0.025027
   0.0212892
   0.0154674
  0.00813173
 8.66945e-11
 -0.00813173
  -0.0154674
  -0.0212892
   -0.025027
   -0.026315
   -0.025027
  -0.0212892
  -0.0154674
 -0.00813173
-7.49021e-11
  0.00702563
   0.0133635
   0.0183934
   0.0216227
   0.0227355
   0.0216227
   0.0183934
   0.0133635
  0.00702563
 7.49028e-11
 -0.00702563
  -0.0133635
  -0.0183934
  -0.0216227
  -0.0227355
  -0.0216227
  -0.0183934
  -0.0133635
 -0.00702563
-7.49038e-11
  0.00702563
   0.0133635
   0.0183934
   0.0216227
   0.0227355
   0.0216227
   0.0183934
   0.0133635
  0.00702563
 7.49031e-11
 -0.00702563
  -0.0133635
  -0.0183934
  -0.0216227
  -0.0227355
  -0.0216227
  -0.0183934
  -0.0133635
 -0.00702563
-6.16767e-11
  0.00578511
   0.0110039
   0.0151457
   0.0178048
   0.0187211
   0.0178048
   0.0151457
   0.0110039
  0.00578511
 6.16754e-11
 -0.00578511
  -0.0110039
  -0.0151457
  -0.0178048
  -0.0187211
  -0.0178048
  -0.0151457
  -0.0110039
 -0.00578511
-6.16793e-11
  0.00578511
   0.0110039
   0.0151457
   0.0178048
   0.0187211
   0.0178048
   0.0151457
   0.0110039
  0.00578511
 6.16783e-11
 -0.00578511
  -0.0110039
  -0.0151457
  -0.0178048
  -0.0187211
  -0.0178048
  -0.0151457
  -0.0110039
 -0.00578511
