 6.82601e-12
  0.00375183
  0.00713641
  0.00982245
    0.011547
   0.0121412
    0.011547
  0.00982245
  0.00713641
  0.00375183
  -6.826e-12
 -0.00375183
 -0.00713641
 -0.00982245
   -0.011547
  -0.0121412
   -0.011547
 -0.00982245
 -0.00713641
 -0.00375183
 6.82609e-12
  0.00375183
  0.00713641
  0.00982245
    0.011547
   0.0121412
    0.011547
  0.00982245
  0.00713641
  0.00375183
-6.82589e-12
 -0.00375183
 -0.00713641
 -0.00982245
   -0.011547
  -0.0121412
   -0.011547
 -0.00982245
 -0.00713641
 -0.00375183
 8.74747e-12
  0.00480797
   0.0091453
   0.0125875
   0.0147974
    0.015559
   0.0147974
   0.0125875
   0.0091453
  0.00480797
-8.74755e-12
 -0.00480797
  -0.0091453
  -0.0125875
  -0.0147974
   -0.015559
  -0.0147974
  -0.0125875
  -0.0091453
 -0.00480797
 8.74751e-12
  0.00480797
   0.0091453
   0.0125875
   0.0147974
    0.015559
   0.0147974
   0.0125875
   0.0091453
  0.00480797
-8.74736e-12
 -0.00480797
  -0.0091453
  -0.0125875
  -0.0147974
   -0.015559
  -0.0147974
  -0.0125875
  -0.0091453
 -0.00480797
 1.10578e-11
  0.00607784
   0.0115607
    0.015912
   0.0187057
   0.0196684
   0.0187057
    0.015912
   0.0115607
  0.00607784
-1.10579e-11
 -0.00607784
  -0.0115607
   -0.015912
  -0.0187057
  -0.0196684
  -0.0187057
   -0.015912
  -0.0115607
 -0.00607784
 1.10578e-11
  0.00607784
   0.0115607
    0.015912
   0.0187057
   0.0196684
   0.0187057
    0.015912
   0.0115607
  0.00607784
-1.10578e-11
 -0.00607784
  -0.0115607
   -0.015912
  -0.0187057
  -0.0196684
  -0.0187057
   -0.015912
  -0.0115607
 -0.00607784
 1.36582e-11
  0.00750713
   0.0142794
    0.019654
   0.0231046
   0.0242937
   0.0231046
    0.019654
   0.0142794
  0.00750713
-1.36583e-11
 -0.00750713
  -0.0142794
   -0.019654
  -0.0231046
  -0.0242937
  -0.0231046
   -0.019654
  -0.0142794
 -0.00750713
 1.36582e-11
  0.00750713
   0.0142794
    0.019654
   0.0231046
   0.0242937
   0.0231046
    0.019654
   0.0142794
  0.00750713
-1.36582e-11
 -0.00750713
  -0.0142794
   -0.019654
  -0.0231046
  -0.0242937
  -0.0231046
   -0.019654
  -0.0142794
 -0.00750713
 1.62234e-11
    0.008917
   0.0169611
    0.023345
   0.0274438
   0.0288561
   0.0274438
    0.023345
   0.0169611
    0.008917
-1.62234e-11
   -0.008917
  -0.0169611
   -0.023345
  -0.0274438
  -0.0288561
  -0.0274438
   -0.023345
  -0.0169611
   -0.008917
 1.62234e-11
    0.008917
   0.0169611
    0.023345
   0.0274438
   0.0288561
   0.0274438
    0.023345
   0.0169611
    0.008917
-1.62234e-11
   -0.008917
  -0.0169611
   -0.023345
  -0.0274438
  -0.0288561
  -0.0274438
   -0.023345
  -0.0169611
   -0.008917
 1.80002e-11
  0.00989348
   0.0188185
   0.0259015
    0.030449
   0.0320161
    0.030449
   0.0259015
   0.0188185
  0.00989348
-1.80001e-11
 -0.00989348
  -0.0188185
  -0.0259015
   -0.030449
  -0.0320161
   -0.030449
  -0.0259015
  -0.0188185
 -0.00989348
 1.80001e-11
  0.00989348
   0.0188185
   0.0259015
    0.030449
   0.0320161
    0.030449
   0.0259015
   0.0188185
  0.00989348
-1.79999e-11
 -0.00989348
  -0.0188185
  -0.0259015
   -0.030449
  -0.0320161
   -0.030449
  -0.0259015
  -0.0188185
 -0.00989348
 1.75351e-11
  0.00963799
   0.0183325
   0.0252326
   0.0296627
   0.0311893
   0.0296627
   0.0252326
   0.0183325
  0.00963799
-1.75352e-11
 -0.00963799
  -0.0183325
  -0.0252326
  -0.0296627
  -0.0311893
  -0.0296627
  -0.0252326
  -0.0183325
 -0.00963799
 1.75353e-11
  0.00963799
   0.0183325
   0.0252326
   0.0296627
   0.0311893
   0.0296627
   0.0252326
   0.0183325
  0.00963799
-1.75351e-11
 -0.00963799
  -0.0183325
  -0.0252326
  -0.0296627
  -0.0311893
  -0.0296627
  -0.0252326
  -0.0183325
 -0.00963799
 1.24997e-11
  0.00687045
   0.0130683
    0.017987
   0.0211451
   0.0222334
   0.0211451
    0.017987
   0.0130683
  0.00687045
-1.24997e-11
 -0.00687045
  -0.0130683
   -0.017987
  -0.0211451
  -0.0222334
  -0.0211451
   -0.017987
  -0.0130683
 -0.00687045
 1.24998e-11
  0.00687045
   0.0130683
    0.017987
   0.0211451
   0.0222334
   0.0211451
    0.017987
   0.0130683
  0.00687045
-1.25001e-11
 -0.00687045
  -0.0130683
   -0.017987
  -0.0211451
  -0.0222334
  -0.0211451
   -0.017987
  -0.0130683
 -0.00687045
 1.61468e-13
 8.88385e-05
  0.00016888
 0.000232518
 0.000273376
 0.000287517
 0.000273376
 0.000232518
  0.00016888
 8.88385e-05
-1.61461e-13
-8.88385e-05
 -0.00016888
-0.000232518
-0.000273376
-0.000287517
-0.000273376
-0.000232518
 -0.00016888
-8.88385e-05
 1.61534e-13
 8.88385e-05
  0.00016888
 0.000232518
 0.000273376
 0.000287517
 0.000273376
 0.000232518
  0.00016888
 8.88385e-05
-1.61461e-13
-8.88385e-05
 -0.00016888
-0.000232518
-0.000273376
-0.000287517
-0.000273376
-0.000232518
 -0.00016888
-8.88385e-05
-2.05228e-11
  -0.0112801
  -0.0214561
  -0.0295319
  -0.0347168
  -0.0365034
  -0.0347168
  -0.0295319
  -0.0214561
  -0.0112801
 2.05227e-11
   0.0112801
   0.0214561
   0.0295319
   0.0347168
   0.0365034
   0.0347168
   0.0295319
   0.0214561
   0.0112801
 -2.0523e-11
  -0.0112801
  -0.0214561
  -0.0295319
  -0.0347168
  -0.0365034
  -0.0347168
  -0.0295319
  -0.0214561
  -0.0112801
 2.05228e-11
   0.0112801
   0.0214561
   0.0295319
   0.0347168
   0.0365034
   0.0347168
   0.0295319
   0.0214561
   0.0112801
-4.52041e-11
   -0.024846
  -0.0472597
  -0.0650477
  -0.0764682
  -0.0804036
  -0.0764682
  -0.0650477
  -0.0472597
   -0.024846
  4.5204e-11
    0.024846
   0.0472597
   0.0650477
   0.0764682
   0.0804036
   0.0764682
   0.0650477
   0.0472597
    0.024846
-4.52044e-11
   -0.024846
  -0.0472597
  -0.0650477
  -0.0764682
  -0.0804036
  -0.0764682
  -0.0650477
  -0.0472597
   -0.024846
 4.52044e-11
    0.024846
   0.0472597
   0.0650477
   0.0764682
   0.0804036
   0.0764682
   0.0650477
   0.0472597
    0.024846
-6.28866e-11
  -0.0345649
  -0.0657461
  -0.0904922
    -0.10638
   -0.111855
    -0.10638
  -0.0904922
  -0.0657461
  -0.0345649
 6.28863e-11
   0.0345649
   0.0657461
   0.0904922
     0.10638
    0.111855
     0.10638
   0.0904922
   0.0657461
   0.0345649
-6.28864e-11
  -0.0345649
  -0.0657461
  -0.0904922
    -0.10638
   -0.111855
    -0.10638
  -0.0904922
  -0.0657461
  -0.0345649
  6.2886e-11
   0.0345649
   0.0657461
   0.0904922
     0.10638
    0.111855
     0.10638
   0.0904922
   0.0657461
   0.0345649
-6.28865e-11
  -0.0345649
  -0.0657461
  -0.0904922
    -0.10638
   -0.111855
    -0.10638
  -0.0904922
  -0.0657461
  -0.0345649
 6.28866e-11
   0.0345649
   0.0657461
   0.0904922
     0.10638
    0.111855
     0.10638
   0.0904922
   0.0657461
   0.0345649
-6.28866e-11
  -0.0345649
  -0.0657461
  -0.0904922
    -0.10638
   -0.111855
    -0.10638
  -0.0904922
  -0.0657461
  -0.0345649
 6.28863e-11
   0.0345649
   0.0657461
   0.0904922
     0.10638
    0.111855
     0.10638
   0.0904922
   0.0657461
   0.0345649
-4.52041e-11
   -0.024846
  -0.0472597
  -0.0650477
  -0.0764682
  -0.0804036
  -0.0764682
  -0.0650477
  -0.0472597
   -0.024846
  4.5204e-11
    0.024846
   0.0472597
   0.0650477
   0.0764682
   0.0804036
   0.0764682
   0.0650477
   0.0472597
    0.024846
-4.52044e-11
   -0.024846
  -0.0472597
  -0.0650477
  -0.0764682
  -0.0804036
  -0.0764682
  -0.0650477
  -0.0472597
   -0.024846
  4.5204e-11
    0.024846
   0.0472597
   0.0650477
   0.0764682
   0.0804036
   0.0764682
   0.0650477
   0.0472597
    0.024846
-2.05227e-11
  -0.0112801
  -0.0214561
  -0.0295319
  -0.0347168
  -0.0365034
  -0.0347168
  -0.0295319
  -0.0214561
  -0.0112801
 2.05229e-11
   0.0112801
   0.0214561
   0.0295319
   0.0347168
   0.0365034
   0.0347168
   0.0295319
   0.0214561
   0.0112801
-2.05231e-11
  -0.0112801
  -0.0214561
  -0.0295319
  -0.0347168
  -0.0365034
  -0.0347168
  -0.0295319
  -0.0214561
  -0.0112801
  2.0523e-11
   0.0112801
   0.0214561
   0.0295319
   0.0347168
   0.0365034
   0.0347168
   0.0295319
   0.0214561
   0.0112801
 1.61458e-13
 8.88385e-05
  0.00016888
 0.000232518
 0.000273376
 0.000287517
 0.000273376
 0.000232518
  0.00016888
 8.88385e-05
-1.61895e-13
-8.88385e-05
 -0.00016888
-0.000232518
-0.000273376
-0.000287517
-0.000273376
-0.000232518
 -0.00016888
-8.88385e-05
  1.6163e-13
 8.88385e-05
  0.00016888
 0.000232518
 0.000273376
 0.000287517
 0.000273376
 0.000232518
  0.00016888
 8.88385e-05
-1.61638e-13
-8.88385e-05
 -0.00016888
-0.000232518
-0.000273376
-0.000287517
-0.000273376
-0.000232518
 -0.00016888
-8.88385e-05
 1.25002e-11
  0.00687045
   0.0130683
    0.017987
   0.0211451
   0.0222334
   0.0211451
    0.017987
   0.0130683
  0.00687045
-1.24993e-11
 -0.00687045
  -0.0130683
   -0.017987
  -0.0211451
  -0.0222334
  -0.0211451
   -0.017987
  -0.0130683
 -0.00687045
    1.25e-11
  0.00687045
   0.0130683
    0.017987
   0.0211451
   0.0222334
   0.0211451
    0.017987
   0.0130683
  0.00687045
-1.25002e-11
 -0.00687045
  -0.0130683
   -0.017987
  -0.0211451
  -0.0222334
  -0.0211451
   -0.017987
  -0.0130683
 -0.00687045
 1.75349e-11
  0.00963799
   0.0183325
   0.0252326
   0.0296627
   0.0311893
   0.0296627
   0.0252326
   0.0183325
  0.00963799
-1.75351e-11
 -0.00963799
  -0.0183325
  -0.0252326
  -0.0296627
  -0.0311893
  -0.0296627
  -0.0252326
  -0.0183325
 -0.00963799
 1.75351e-11
  0.00963799
   0.0183325
   0.0252326
   0.0296627
   0.0311893
   0.0296627
   0.0252326
   0.0183325
  0.00963799
-1.75351e-11
 -0.00963799
  -0.0183325
  -0.0252326
  -0.0296627
  -0.0311893
  -0.0296627
  -0.0252326
  -0.0183325
 -0.00963799
 1.79998e-11
  0.00989348
   0.0188185
   0.0259015
    0.030449
   0.0320161
    0.030449
   0.0259015
   0.0188185
  0.00989348
-1.80003e-11
 -0.00989348
  -0.0188185
  -0.0259015
   -0.030449
  -0.0320161
   -0.030449
  -0.0259015
  -0.0188185
 -0.00989348
 1.79999e-11
  0.00989348
   0.0188185
   0.0259015
    0.030449
   0.0320161
    0.030449
   0.0259015
   0.0188185
  0.00989348
-1.79998e-11
 -0.00989348
  -0.0188185
  -0.0259015
   -0.030449
  -0.0320161
   -0.030449
  -0.0259015
  -0.0188185
 -0.00989348
 1.62234e-11
    0.008917
   0.0169611
    0.023345
   0.0274438
   0.0288561
   0.0274438
    0.023345
   0.0169611
    0.008917
-1.62234e-11
   -0.008917
  -0.0169611
   -0.023345
  -0.0274438
  -0.0288561
  -0.0274438
   -0.023345
  -0.0169611
   -0.008917
 1.62233e-11
    0.008917
   0.0169611
    0.023345
   0.0274438
   0.0288561
   0.0274438
    0.023345
   0.0169611
    0.008917
-1.62233e-11
   -0.008917
  -0.0169611
   -0.023345
  -0.0274438
  -0.0288561
  -0.0274438
   -0.023345
  -0.0169611
   -0.008917
 1.36584e-11
  0.00750713
   0.0142794
    0.019654
   0.0231046
   0.0242937
   0.0231046
    0.019654
   0.0142794
  0.00750713
-1.36581e-11
 -0.00750713
  -0.0142794
   -0.019654
  -0.0231046
  -0.0242937
  -0.0231046
   -0.019654
  -0.0142794
 -0.00750713
 1.36583e-11
  0.00750713
   0.0142794
    0.019654
   0.0231046
   0.0242937
   0.0231046
    0.019654
   0.0142794
  0.00750713
-1.36582e-11
 -0.00750713
  -0.0142794
   -0.019654
  -0.0231046
  -0.0242937
  -0.0231046
   -0.019654
  -0.0142794
 -0.00750713
 1.10579e-11
  0.00607784
   0.0115607
    0.015912
   0.0187057
   0.0196684
   0.0187057
    0.015912
   0.0115607
  0.00607784
-1.10578e-11
 -0.00607784
  -0.0115607
   -0.015912
  -0.0187057
  -0.0196684
  -0.0187057
   -0.015912
  -0.0115607
 -0.00607784
  1.1058e-11
  0.00607784
   0.0115607
    0.015912
   0.0187057
   0.0196684
   0.0187057
    0.015912
   0.0115607
  0.00607784
-1.10578e-11
 -0.00607784
  -0.0115607
   -0.015912
  -0.0187057
  -0.0196684
  -0.0187057
   -0.015912
  -0.0115607
 -0.00607784
  8.7475e-12
  0.00480797
   0.0091453
   0.0125875
   0.0147974
    0.015559
   0.0147974
   0.0125875
   0.0091453
  0.00480797
-8.74744e-12
 -0.00480797
  -0.0091453
  -0.0125875
  -0.0147974
   -0.015559
  -0.0147974
  -0.0125875
  -0.0091453
 -0.00480797
 8.74763e-12
  0.00480797
   0.0091453
   0.0125875
   0.0147974
    0.015559
   0.0147974
   0.0125875
   0.0091453
  0.00480797
-8.74749e-12
 -0.00480797
  -0.0091453
  -0.0125875
  -0.0147974
   -0.015559
  -0.0147974
  -0.0125875
  -0.0091453
 -0.00480797
   6.826e-12
  0.00375183
  0.00713641
  0.00982245
    0.011547
   0.0121412
    0.011547
  0.00982245
  0.00713641
  0.00375183
-6.82604e-12
 -0.00375183
 -0.00713641
 -0.00982245
   -0.011547
  -0.0121412
   -0.011547
 -0.00982245
 -0.00713641
 -0.00375183
 6.82612e-12
  0.00375183
  0.00713641
  0.00982245
    0.011547
   0.0121412
    0.011547
  0.00982245
  0.00713641
  0.00375183
  -6.826e-12
 -0.00375183
 -0.00713641
 -0.00982245
   -0.011547
  -0.0121412
   -0.011547
 -0.00982245
 -0.00713641
 -0.00375183
