   0.0187211
   0.0178048
   0.0151456
    0.011004
  0.00578515
 6.16765e-11
 -0.00578515
   -0.011004
  -0.0151456
  -0.0178048
  -0.0187211
  -0.0178048
  -0.0151456
   -0.011004
 -0.00578515
-6.16755e-11
  0.00578515
    0.011004
   0.0151456
   0.0178048
   0.0187211
   0.0178048
   0.0151456
    0.011004
  0.00578515
  6.1674e-11
 -0.00578515
   -0.011004
  -0.0151456
  -0.0178048
  -0.0187211
  -0.0178048
  -0.0151456
   -0.011004
 -0.00578515
-6.16783e-11
  0.00578515
    0.011004
   0.0151456
   0.0178048
   0.0227355
   0.0216228
   0.0183934
   0.0133636
  0.00702567
 7.49014e-11
 -0.00702567
  -0.0133636
  -0.0183934
  -0.0216228
  -0.0227355
  -0.0216228
  -0.0183934
  -0.0133636
 -0.00702567
-7.49004e-11
  0.00702567
   0.0133636
   0.0183934
   0.0216228
   0.0227355
   0.0216228
   0.0183934
   0.0133636
  0.00702567
 7.49011e-11
 -0.00702567
  -0.0133636
  -0.0183934
  -0.0216228
  -0.0227355
  -0.0216228
  -0.0183934
  -0.0133636
 -0.00702567
-7.49054e-11
  0.00702567
   0.0133636
   0.0183934
   0.0216228
   0.0263149
    0.025027
   0.0212891
   0.0154675
  0.00813178
 8.66927e-11
 -0.00813178
  -0.0154675
  -0.0212891
   -0.025027
  -0.0263149
   -0.025027
  -0.0212891
  -0.0154675
 -0.00813178
-8.66933e-11
  0.00813178
   0.0154675
   0.0212891
    0.025027
   0.0263149
    0.025027
   0.0212891
   0.0154675
  0.00813178
 8.66974e-11
 -0.00813178
  -0.0154675
  -0.0212891
   -0.025027
  -0.0263149
   -0.025027
  -0.0212891
  -0.0154675
 -0.00813178
-8.66996e-11
  0.00813178
   0.0154675
   0.0212891
    0.025027
    0.027962
   0.0265936
   0.0226217
   0.0164356
  0.00864077
  9.2119e-11
 -0.00864076
  -0.0164356
  -0.0226217
  -0.0265936
   -0.027962
  -0.0265936
  -0.0226217
  -0.0164356
 -0.00864077
-9.21216e-11
  0.00864076
   0.0164356
   0.0226217
   0.0265936
    0.027962
   0.0265936
   0.0226217
   0.0164356
  0.00864077
 9.21286e-11
 -0.00864076
  -0.0164356
  -0.0226217
  -0.0265936
   -0.027962
  -0.0265936
  -0.0226217
  -0.0164356
 -0.00864077
-9.21264e-11
  0.00864076
   0.0164356
   0.0226217
   0.0265936
   0.0249571
   0.0237357
   0.0201906
   0.0146694
  0.00771218
 8.22212e-11
 -0.00771218
  -0.0146694
  -0.0201906
  -0.0237357
  -0.0249571
  -0.0237357
  -0.0201906
  -0.0146694
 -0.00771218
-8.22235e-11
  0.00771218
   0.0146694
   0.0201906
   0.0237357
   0.0249571
   0.0237357
   0.0201906
   0.0146694
  0.00771218
 8.22277e-11
 -0.00771218
  -0.0146694
  -0.0201906
  -0.0237357
  -0.0249571
  -0.0237357
  -0.0201906
  -0.0146694
 -0.00771218
-8.22231e-11
  0.00771218
   0.0146694
   0.0201906
   0.0237357
   0.0131578
    0.012514
   0.0106448
  0.00773392
  0.00406598
 4.33501e-11
 -0.00406598
 -0.00773392
  -0.0106448
   -0.012514
  -0.0131578
   -0.012514
  -0.0106448
 -0.00773392
 -0.00406598
-4.33511e-11
  0.00406598
  0.00773392
   0.0106448
    0.012514
   0.0131578
    0.012514
   0.0106448
  0.00773392
  0.00406598
 4.33444e-11
 -0.00406598
 -0.00773392
  -0.0106448
   -0.012514
  -0.0131578
   -0.012514
  -0.0106448
 -0.00773392
 -0.00406598
-4.33452e-11
  0.00406598
  0.00773392
   0.0106448
    0.012514
  -0.0118912
  -0.0113092
 -0.00962026
 -0.00698955
 -0.00367466
-3.91756e-11
  0.00367466
  0.00698955
  0.00962026
   0.0113092
   0.0118912
   0.0113092
  0.00962026
  0.00698955
  0.00367466
  3.9175e-11
 -0.00367466
 -0.00698955
 -0.00962026
  -0.0113092
  -0.0118912
  -0.0113092
 -0.00962026
 -0.00698955
 -0.00367466
-3.91812e-11
  0.00367466
  0.00698955
  0.00962026
   0.0113092
   0.0118912
   0.0113092
  0.00962026
  0.00698955
  0.00367466
 3.91748e-11
 -0.00367466
 -0.00698955
 -0.00962026
  -0.0113092
  -0.0502212
  -0.0477634
  -0.0406299
  -0.0295194
  -0.0155194
-1.65449e-10
   0.0155194
   0.0295194
   0.0406299
   0.0477634
   0.0502212
   0.0477634
   0.0406299
   0.0295194
   0.0155194
 1.65458e-10
  -0.0155194
  -0.0295194
  -0.0406299
  -0.0477634
  -0.0502212
  -0.0477634
  -0.0406299
  -0.0295194
  -0.0155194
 -1.6546e-10
   0.0155194
   0.0295194
   0.0406299
   0.0477634
   0.0502212
   0.0477634
   0.0406299
   0.0295194
   0.0155194
 1.65458e-10
  -0.0155194
  -0.0295194
  -0.0406299
  -0.0477634
  -0.0873025
  -0.0830301
  -0.0706291
  -0.0513153
  -0.0269782
-2.87618e-10
   0.0269782
   0.0513153
   0.0706291
   0.0830301
   0.0873025
   0.0830301
   0.0706291
   0.0513153
   0.0269782
 2.87624e-10
  -0.0269782
  -0.0513153
  -0.0706291
  -0.0830301
  -0.0873025
  -0.0830301
  -0.0706291
  -0.0513153
  -0.0269782
-2.87627e-10
   0.0269782
   0.0513153
   0.0706291
   0.0830301
   0.0873025
   0.0830301
   0.0706291
   0.0513153
   0.0269782
 2.87621e-10
  -0.0269782
  -0.0513153
  -0.0706291
  -0.0830301
  -0.0875641
   -0.083279
  -0.0708406
  -0.0514689
   -0.027059
-2.88478e-10
    0.027059
   0.0514689
   0.0708406
    0.083279
   0.0875641
    0.083279
   0.0708406
   0.0514689
    0.027059
  2.8848e-10
   -0.027059
  -0.0514689
  -0.0708406
   -0.083279
  -0.0875641
   -0.083279
  -0.0708406
  -0.0514689
   -0.027059
-2.88481e-10
    0.027059
   0.0514689
   0.0708406
    0.083279
   0.0875641
    0.083279
   0.0708406
   0.0514689
    0.027059
 2.88488e-10
   -0.027059
  -0.0514689
  -0.0708406
   -0.083279
  -0.0234072
  -0.0222616
  -0.0189366
  -0.0137582
  -0.0072331
-7.71136e-11
   0.0072331
   0.0137582
   0.0189366
   0.0222616
   0.0234072
   0.0222616
   0.0189366
   0.0137582
   0.0072331
 7.71092e-11
  -0.0072331
  -0.0137582
  -0.0189366
  -0.0222616
  -0.0234072
  -0.0222616
  -0.0189366
  -0.0137582
  -0.0072331
-7.71142e-11
   0.0072331
   0.0137582
   0.0189366
   0.0222616
   0.0234072
   0.0222616
   0.0189366
   0.0137582
   0.0072331
 7.71151e-11
  -0.0072331
  -0.0137582
  -0.0189366
  -0.0222616
   0.0579784
   0.0551414
   0.0469054
   0.0340792
   0.0179168
 1.91007e-10
  -0.0179168
  -0.0340792
  -0.0469054
  -0.0551414
  -0.0579784
  -0.0551414
  -0.0469054
  -0.0340792
  -0.0179168
-1.91018e-10
   0.0179168
   0.0340792
   0.0469054
   0.0551414
   0.0579784
   0.0551414
   0.0469054
   0.0340792
   0.0179168
 1.91022e-10
  -0.0179168
  -0.0340792
  -0.0469054
  -0.0551414
  -0.0579784
  -0.0551414
  -0.0469054
  -0.0340792
  -0.0179168
-1.91024e-10
   0.0179168
   0.0340792
   0.0469054
   0.0551414
   0.0579784
   0.0551414
   0.0469054
   0.0340792
   0.0179168
 1.91011e-10
  -0.0179168
  -0.0340792
  -0.0469054
  -0.0551414
  -0.0579784
  -0.0551414
  -0.0469054
  -0.0340792
  -0.0179168
 -1.9101e-10
   0.0179168
   0.0340792
   0.0469054
   0.0551414
   0.0579784
   0.0551414
   0.0469054
   0.0340792
   0.0179168
 1.91014e-10
  -0.0179168
  -0.0340792
  -0.0469054
  -0.0551414
  -0.0579784
  -0.0551414
  -0.0469054
  -0.0340792
  -0.0179168
 -1.9101e-10
   0.0179168
   0.0340792
   0.0469054
   0.0551414
  -0.0234072
  -0.0222616
  -0.0189366
  -0.0137582
  -0.0072331
 -7.7126e-11
   0.0072331
   0.0137582
   0.0189366
   0.0222616
   0.0234072
   0.0222616
   0.0189366
   0.0137582
   0.0072331
 7.71216e-11
  -0.0072331
  -0.0137582
  -0.0189366
  -0.0222616
  -0.0234072
  -0.0222616
  -0.0189366
  -0.0137582
  -0.0072331
-7.71236e-11
   0.0072331
   0.0137582
   0.0189366
   0.0222616
   0.0234072
   0.0222616
   0.0189366
   0.0137582
   0.0072331
 7.71269e-11
  -0.0072331
  -0.0137582
  -0.0189366
  -0.0222616
  -0.0875641
   -0.083279
  -0.0708406
  -0.0514689
   -0.027059
-2.88489e-10
    0.027059
   0.0514689
   0.0708406
    0.083279
   0.0875641
    0.083279
   0.0708406
   0.0514689
    0.027059
 2.88493e-10
   -0.027059
  -0.0514689
  -0.0708406
   -0.083279
  -0.0875641
   -0.083279
  -0.0708406
  -0.0514689
   -0.027059
-2.88488e-10
    0.027059
   0.0514689
   0.0708406
    0.083279
   0.0875641
    0.083279
   0.0708406
   0.0514689
    0.027059
 2.88491e-10
   -0.027059
  -0.0514689
  -0.0708406
   -0.083279
  -0.0873025
  -0.0830301
  -0.0706291
  -0.0513153
  -0.0269782
-2.87616e-10
   0.0269782
   0.0513153
   0.0706291
   0.0830301
   0.0873025
   0.0830301
   0.0706291
   0.0513153
   0.0269782
  2.8762e-10
  -0.0269782
  -0.0513153
  -0.0706291
  -0.0830301
  -0.0873025
  -0.0830301
  -0.0706291
  -0.0513153
  -0.0269782
-2.87618e-10
   0.0269782
   0.0513153
   0.0706291
   0.0830301
   0.0873025
   0.0830301
   0.0706291
   0.0513153
   0.0269782
 2.87621e-10
  -0.0269782
  -0.0513153
  -0.0706291
  -0.0830301
  -0.0502212
  -0.0477634
  -0.0406299
  -0.0295194
  -0.0155194
-1.65453e-10
   0.0155194
   0.0295194
   0.0406299
   0.0477634
   0.0502212
   0.0477634
   0.0406299
   0.0295194
   0.0155194
 1.65449e-10
  -0.0155194
  -0.0295194
  -0.0406299
  -0.0477634
  -0.0502212
  -0.0477634
  -0.0406299
  -0.0295194
  -0.0155194
-1.65459e-10
   0.0155194
   0.0295194
   0.0406299
   0.0477634
   0.0502212
   0.0477634
   0.0406299
   0.0295194
   0.0155194
  1.6546e-10
  -0.0155194
  -0.0295194
  -0.0406299
  -0.0477634
  -0.0118912
  -0.0113092
 -0.00962026
 -0.00698955
 -0.00367466
-3.91666e-11
  0.00367466
  0.00698955
  0.00962026
   0.0113092
   0.0118912
   0.0113092
  0.00962026
  0.00698955
  0.00367466
 3.91556e-11
 -0.00367466
 -0.00698955
 -0.00962026
  -0.0113092
  -0.0118912
  -0.0113092
 -0.00962026
 -0.00698955
 -0.00367466
 -3.9167e-11
  0.00367466
  0.00698955
  0.00962026
   0.0113092
   0.0118912
   0.0113092
  0.00962026
  0.00698955
  0.00367466
 3.91734e-11
 -0.00367466
 -0.00698955
 -0.00962026
  -0.0113092
   0.0131578
    0.012514
   0.0106448
  0.00773392
  0.00406598
 4.33519e-11
 -0.00406598
 -0.00773392
  -0.0106448
   -0.012514
  -0.0131578
   -0.012514
  -0.0106448
 -0.00773392
 -0.00406598
 -4.3348e-11
  0.00406598
  0.00773392
   0.0106448
    0.012514
   0.0131578
    0.012514
   0.0106448
  0.00773392
  0.00406598
 4.33442e-11
 -0.00406598
 -0.00773392
  -0.0106448
   -0.012514
  -0.0131578
   -0.012514
  -0.0106448
 -0.00773392
 -0.00406598
-4.33535e-11
  0.00406598
  0.00773392
   0.0106448
    0.012514
   0.0249571
   0.0237357
   0.0201906
   0.0146694
  0.00771218
 8.22215e-11
 -0.00771218
  -0.0146694
  -0.0201906
  -0.0237357
  -0.0249571
  -0.0237357
  -0.0201906
  -0.0146694
 -0.00771218
-8.22175e-11
  0.00771218
   0.0146694
   0.0201906
   0.0237357
   0.0249571
   0.0237357
   0.0201906
   0.0146694
  0.00771218
 8.22203e-11
 -0.00771218
  -0.0146694
  -0.0201906
  -0.0237357
  -0.0249571
  -0.0237357
  -0.0201906
  -0.0146694
 -0.00771218
-8.22268e-11
  0.00771218
   0.0146694
   0.0201906
   0.0237357
    0.027962
   0.0265936
   0.0226217
   0.0164356
  0.00864077
 9.21204e-11
 -0.00864076
  -0.0164356
  -0.0226217
  -0.0265936
   -0.027962
  -0.0265936
  -0.0226217
  -0.0164356
 -0.00864077
-9.21202e-11
  0.00864076
   0.0164356
   0.0226217
   0.0265936
    0.027962
   0.0265936
   0.0226217
   0.0164356
  0.00864077
 9.21242e-11
 -0.00864076
  -0.0164356
  -0.0226217
  -0.0265936
   -0.027962
  -0.0265936
  -0.0226217
  -0.0164356
 -0.00864077
-9.21266e-11
  0.00864076
   0.0164356
   0.0226217
   0.0265936
   0.0263149
    0.025027
   0.0212891
   0.0154675
  0.00813178
 8.66948e-11
 -0.00813178
  -0.0154675
  -0.0212891
   -0.025027
  -0.0263149
   -0.025027
  -0.0212891
  -0.0154675
 -0.00813178
-8.66937e-11
  0.00813178
   0.0154675
   0.0212891
    0.025027
   0.0263149
    0.025027
   0.0212891
   0.0154675
  0.00813178
 8.66971e-11
 -0.00813178
  -0.0154675
  -0.0212891
   -0.025027
  -0.0263149
   -0.025027
  -0.0212891
  -0.0154675
 -0.00813178
-8.66981e-11
  0.00813178
   0.0154675
   0.0212891
    0.025027
   0.0227355
   0.0216228
   0.0183934
   0.0133636
  0.00702567
 7.49032e-11
 -0.00702567
  -0.0133636
  -0.0183934
  -0.0216228
  -0.0227355
  -0.0216228
  -0.0183934
  -0.0133636
 -0.00702567
-7.48998e-11
  0.00702567
   0.0133636
   0.0183934
   0.0216228
   0.0227355
   0.0216228
   0.0183934
   0.0133636
  0.00702567
 7.49034e-11
 -0.00702567
  -0.0133636
  -0.0183934
  -0.0216228
  -0.0227355
  -0.0216228
  -0.0183934
  -0.0133636
 -0.00702567
-7.49035e-11
  0.00702567
   0.0133636
   0.0183934
   0.0216228
   0.0187211
   0.0178048
   0.0151456
    0.011004
  0.00578515
 6.16782e-11
 -0.00578515
   -0.011004
  -0.0151456
  -0.0178048
  -0.0187211
  -0.0178048
  -0.0151456
   -0.011004
 -0.00578515
-6.16735e-11
  0.00578515
    0.011004
   0.0151456
   0.0178048
   0.0187211
   0.0178048
   0.0151456
    0.011004
  0.00578515
 6.16775e-11
 -0.00578515
   -0.011004
  -0.0151456
  -0.0178048
  -0.0187211
  -0.0178048
  -0.0151456
   -0.011004
 -0.00578515
-6.16768e-11
  0.00578515
    0.011004
   0.0151456
   0.0178048
