 -0.00119344
-0.000701481
 0.000368811
  0.00113506
 0.000965534
  8.2655e-13
-0.000965534
 -0.00113506
-0.000368811
 0.000701481
  0.00119344
 0.000701481
-0.000368811
 -0.00113506
-0.000965534
-8.25821e-13
 0.000965534
  0.00113506
 0.000368811
-0.000701481
 -0.00119344
-0.000701481
 0.000368811
  0.00113506
 0.000965534
 8.25451e-13
-0.000965534
 -0.00113506
-0.000368811
 0.000701481
  0.00119344
 0.000701481
-0.000368811
 -0.00113506
-0.000965534
-8.22448e-13
 0.000965534
  0.00113506
 0.000368811
-0.000701481
 -0.00221748
  -0.0013034
 0.000685262
  0.00210899
  0.00179401
  1.5341e-12
 -0.00179401
 -0.00210899
-0.000685262
   0.0013034
  0.00221748
   0.0013034
-0.000685262
 -0.00210899
 -0.00179401
-1.53385e-12
  0.00179401
  0.00210899
 0.000685262
  -0.0013034
 -0.00221748
  -0.0013034
 0.000685262
  0.00210899
  0.00179401
 1.53443e-12
 -0.00179401
 -0.00210899
-0.000685262
   0.0013034
  0.00221748
   0.0013034
-0.000685262
 -0.00210899
 -0.00179401
-1.53279e-12
  0.00179401
  0.00210899
 0.000685262
  -0.0013034
 -0.00403741
 -0.00237314
  0.00124765
  0.00383986
  0.00326638
 2.79134e-12
 -0.00326638
 -0.00383986
 -0.00124765
  0.00237314
  0.00403741
  0.00237314
 -0.00124765
 -0.00383986
 -0.00326638
-2.79347e-12
  0.00326638
  0.00383986
  0.00124765
 -0.00237314
 -0.00403741
 -0.00237314
  0.00124765
  0.00383986
  0.00326638
 2.79537e-12
 -0.00326638
 -0.00383986
 -0.00124765
  0.00237314
  0.00403741
  0.00237314
 -0.00124765
 -0.00383986
 -0.00326638
-2.79707e-12
  0.00326638
  0.00383986
  0.00124765
 -0.00237314
  -0.0070819
 -0.00416266
  0.00218845
  0.00673534
  0.00572943
 4.89641e-12
 -0.00572943
 -0.00673534
 -0.00218845
  0.00416266
   0.0070819
  0.00416266
 -0.00218845
 -0.00673534
 -0.00572943
-4.90128e-12
  0.00572943
  0.00673534
  0.00218845
 -0.00416266
  -0.0070819
 -0.00416266
  0.00218845
  0.00673534
  0.00572943
 4.90374e-12
 -0.00572943
 -0.00673534
 -0.00218845
  0.00416266
   0.0070819
  0.00416266
 -0.00218845
 -0.00673534
 -0.00572943
-4.90958e-12
  0.00572943
  0.00673534
  0.00218845
 -0.00416266
  -0.0116311
 -0.00683664
  0.00359421
   0.0110619
  0.00940983
 8.04553e-12
 -0.00940983
  -0.0110619
 -0.00359421
  0.00683664
   0.0116311
  0.00683664
 -0.00359421
  -0.0110619
 -0.00940983
-8.05038e-12
  0.00940983
   0.0110619
  0.00359421
 -0.00683664
  -0.0116311
 -0.00683664
  0.00359421
   0.0110619
  0.00940983
 8.05012e-12
 -0.00940983
  -0.0110619
 -0.00359421
  0.00683664
   0.0116311
  0.00683664
 -0.00359421
  -0.0110619
 -0.00940983
-8.05688e-12
  0.00940983
   0.0110619
  0.00359421
 -0.00683664
  -0.0169523
  -0.0099644
  0.00523851
   0.0161226
   0.0137148
 1.17291e-11
  -0.0137148
  -0.0161226
 -0.00523851
   0.0099644
   0.0169523
   0.0099644
 -0.00523851
  -0.0161226
  -0.0137148
-1.17317e-11
   0.0137148
   0.0161226
  0.00523851
  -0.0099644
  -0.0169523
  -0.0099644
  0.00523851
   0.0161226
   0.0137148
 1.17281e-11
  -0.0137148
  -0.0161226
 -0.00523851
   0.0099644
   0.0169523
   0.0099644
 -0.00523851
  -0.0161226
  -0.0137148
 -1.1726e-11
   0.0137148
   0.0161226
  0.00523851
  -0.0099644
  -0.0192923
  -0.0113399
  0.00596157
   0.0183481
   0.0156079
 1.33458e-11
  -0.0156079
  -0.0183481
 -0.00596157
   0.0113399
   0.0192923
   0.0113399
 -0.00596157
  -0.0183481
  -0.0156079
 -1.3348e-11
   0.0156079
   0.0183481
  0.00596157
  -0.0113399
  -0.0192923
  -0.0113399
  0.00596157
   0.0183481
   0.0156079
 1.33506e-11
  -0.0156079
  -0.0183481
 -0.00596157
   0.0113399
   0.0192923
   0.0113399
 -0.00596157
  -0.0183481
  -0.0156079
-1.33399e-11
   0.0156079
   0.0183481
  0.00596157
  -0.0113399
  -0.0092725
  -0.0054504
  0.00286522
  0.00881858
  0.00750161
 6.42848e-12
 -0.00750161
 -0.00881858
 -0.00286522
   0.0054504
   0.0092725
   0.0054504
 -0.00286522
 -0.00881858
 -0.00750161
 -6.4112e-12
  0.00750161
  0.00881858
  0.00286522
  -0.0054504
  -0.0092725
  -0.0054504
  0.00286522
  0.00881858
  0.00750161
 6.41085e-12
 -0.00750161
 -0.00881858
 -0.00286522
   0.0054504
   0.0092725
   0.0054504
 -0.00286522
 -0.00881858
 -0.00750161
-6.41623e-12
  0.00750161
  0.00881858
  0.00286522
  -0.0054504
   0.0258964
   0.0152216
 -0.00800261
  -0.0246293
  -0.0209509
-1.79209e-11
   0.0209509
   0.0246293
  0.00800261
  -0.0152216
  -0.0258964
  -0.0152216
  0.00800261
   0.0246293
   0.0209509
 1.79259e-11
  -0.0209509
  -0.0246293
 -0.00800261
   0.0152216
   0.0258964
   0.0152216
 -0.00800261
  -0.0246293
  -0.0209509
-1.79119e-11
   0.0209509
   0.0246293
  0.00800261
  -0.0152216
  -0.0258964
  -0.0152216
  0.00800261
   0.0246293
   0.0209509
 1.79329e-11
  -0.0209509
  -0.0246293
 -0.00800261
   0.0152216
     0.08328
   0.0489512
   -0.025735
  -0.0792046
  -0.0673756
-5.76287e-11
   0.0673756
   0.0792046
    0.025735
  -0.0489512
    -0.08328
  -0.0489512
    0.025735
   0.0792046
   0.0673756
 5.76198e-11
  -0.0673756
  -0.0792046
   -0.025735
   0.0489512
     0.08328
   0.0489512
   -0.025735
  -0.0792046
  -0.0673756
-5.76309e-11
   0.0673756
   0.0792046
    0.025735
  -0.0489512
    -0.08328
  -0.0489512
    0.025735
   0.0792046
   0.0673756
 5.76305e-11
  -0.0673756
  -0.0792046
   -0.025735
   0.0489512
    0.114742
   0.0674444
  -0.0354572
   -0.109127
  -0.0928291
-7.93953e-11
   0.0928291
    0.109127
   0.0354572
  -0.0674444
   -0.114742
  -0.0674444
   0.0354572
    0.109127
   0.0928291
  7.9397e-11
  -0.0928291
   -0.109127
  -0.0354572
   0.0674444
    0.114742
   0.0674444
  -0.0354572
   -0.109127
  -0.0928291
-7.94016e-11
   0.0928291
    0.109127
   0.0354572
  -0.0674444
   -0.114742
  -0.0674444
   0.0354572
    0.109127
   0.0928291
 7.93963e-11
  -0.0928291
   -0.109127
  -0.0354572
   0.0674444
   0.0572201
   0.0336336
   -0.017682
  -0.0544199
  -0.0462925
-3.95867e-11
   0.0462925
   0.0544199
    0.017682
  -0.0336336
  -0.0572201
  -0.0336336
    0.017682
   0.0544199
   0.0462925
  3.9587e-11
  -0.0462925
  -0.0544199
   -0.017682
   0.0336336
   0.0572201
   0.0336336
   -0.017682
  -0.0544199
  -0.0462925
 -3.9593e-11
   0.0462925
   0.0544199
    0.017682
  -0.0336336
  -0.0572201
  -0.0336336
    0.017682
   0.0544199
   0.0462925
 3.95835e-11
  -0.0462925
  -0.0544199
   -0.017682
   0.0336336
  -0.0572201
  -0.0336336
    0.017682
   0.0544199
   0.0462925
 3.95914e-11
  -0.0462925
  -0.0544199
   -0.017682
   0.0336336
   0.0572201
   0.0336336
   -0.017682
  -0.0544199
  -0.0462925
-3.96005e-11
   0.0462925
   0.0544199
    0.017682
  -0.0336336
  -0.0572201
  -0.0336336
    0.017682
   0.0544199
   0.0462925
 3.95905e-11
  -0.0462925
  -0.0544199
   -0.017682
   0.0336336
   0.0572201
   0.0336336
   -0.017682
  -0.0544199
  -0.0462925
 -3.9599e-11
   0.0462925
   0.0544199
    0.017682
  -0.0336336
   -0.114742
  -0.0674444
   0.0354572
    0.109127
   0.0928291
 7.93939e-11
  -0.0928291
   -0.109127
  -0.0354572
   0.0674444
    0.114742
   0.0674444
  -0.0354572
   -0.109127
  -0.0928291
-7.93933e-11
   0.0928291
    0.109127
   0.0354572
  -0.0674444
   -0.114742
  -0.0674444
   0.0354572
    0.109127
   0.0928291
 7.93849e-11
  -0.0928291
   -0.109127
  -0.0354572
   0.0674444
    0.114742
   0.0674444
  -0.0354572
   -0.109127
  -0.0928291
-7.93955e-11
   0.0928291
    0.109127
   0.0354572
  -0.0674444
    -0.08328
  -0.0489512
    0.025735
   0.0792046
   0.0673756
 5.76204e-11
  -0.0673756
  -0.0792046
   -0.025735
   0.0489512
     0.08328
   0.0489512
   -0.025735
  -0.0792046
  -0.0673756
 -5.7615e-11
   0.0673756
   0.0792046
    0.025735
  -0.0489512
    -0.08328
  -0.0489512
    0.025735
   0.0792046
   0.0673756
 5.76221e-11
  -0.0673756
  -0.0792046
   -0.025735
   0.0489512
     0.08328
   0.0489512
   -0.025735
  -0.0792046
  -0.0673756
  -5.762e-11
   0.0673756
   0.0792046
    0.025735
  -0.0489512
  -0.0258964
  -0.0152216
  0.00800261
   0.0246293
   0.0209509
 1.79111e-11
  -0.0209509
  -0.0246293
 -0.00800261
   0.0152216
   0.0258964
   0.0152216
 -0.00800261
  -0.0246293
  -0.0209509
-1.79077e-11
   0.0209509
   0.0246293
  0.00800261
  -0.0152216
  -0.0258964
  -0.0152216
  0.00800261
   0.0246293
   0.0209509
 1.79093e-11
  -0.0209509
  -0.0246293
 -0.00800261
   0.0152216
   0.0258964
   0.0152216
 -0.00800261
  -0.0246293
  -0.0209509
-1.79254e-11
   0.0209509
   0.0246293
  0.00800261
  -0.0152216
   0.0092725
   0.0054504
 -0.00286522
 -0.00881858
 -0.00750161
-6.43338e-12
  0.00750161
  0.00881858
  0.00286522
  -0.0054504
  -0.0092725
  -0.0054504
  0.00286522
  0.00881858
  0.00750161
 6.42494e-12
 -0.00750161
 -0.00881858
 -0.00286522
   0.0054504
   0.0092725
   0.0054504
 -0.00286522
 -0.00881858
 -0.00750161
-6.41256e-12
  0.00750161
  0.00881858
  0.00286522
  -0.0054504
  -0.0092725
  -0.0054504
  0.00286522
  0.00881858
  0.00750161
 6.42467e-12
 -0.00750161
 -0.00881858
 -0.00286522
   0.0054504
   0.0192923
   0.0113399
 -0.00596157
  -0.0183481
  -0.0156079
-1.33494e-11
   0.0156079
   0.0183481
  0.00596157
  -0.0113399
  -0.0192923
  -0.0113399
  0.00596157
   0.0183481
   0.0156079
 1.33516e-11
  -0.0156079
  -0.0183481
 -0.00596157
   0.0113399
   0.0192923
   0.0113399
 -0.00596157
  -0.0183481
  -0.0156079
-1.33454e-11
   0.0156079
   0.0183481
  0.00596157
  -0.0113399
  -0.0192923
  -0.0113399
  0.00596157
   0.0183481
   0.0156079
 1.33306e-11
  -0.0156079
  -0.0183481
 -0.00596157
   0.0113399
   0.0169523
   0.0099644
 -0.00523851
  -0.0161226
  -0.0137148
-1.17253e-11
   0.0137148
   0.0161226
  0.00523851
  -0.0099644
  -0.0169523
  -0.0099644
  0.00523851
   0.0161226
   0.0137148
 1.17382e-11
  -0.0137148
  -0.0161226
 -0.00523851
   0.0099644
   0.0169523
   0.0099644
 -0.00523851
  -0.0161226
  -0.0137148
-1.17398e-11
   0.0137148
   0.0161226
  0.00523851
  -0.0099644
  -0.0169523
  -0.0099644
  0.00523851
   0.0161226
   0.0137148
 1.17343e-11
  -0.0137148
  -0.0161226
 -0.00523851
   0.0099644
   0.0116311
  0.00683664
 -0.00359421
  -0.0110619
 -0.00940983
-8.04941e-12
  0.00940983
   0.0110619
  0.00359421
 -0.00683664
  -0.0116311
 -0.00683664
  0.00359421
   0.0110619
  0.00940983
 8.04755e-12
 -0.00940983
  -0.0110619
 -0.00359421
  0.00683664
   0.0116311
  0.00683664
 -0.00359421
  -0.0110619
 -0.00940983
-8.04805e-12
  0.00940983
   0.0110619
  0.00359421
 -0.00683664
  -0.0116311
 -0.00683664
  0.00359421
   0.0110619
  0.00940983
 8.05642e-12
 -0.00940983
  -0.0110619
 -0.00359421
  0.00683664
   0.0070819
  0.00416266
 -0.00218845
 -0.00673534
 -0.00572943
-4.90242e-12
  0.00572943
  0.00673534
  0.00218845
 -0.00416266
  -0.0070819
 -0.00416266
  0.00218845
  0.00673534
  0.00572943
  4.8937e-12
 -0.00572943
 -0.00673534
 -0.00218845
  0.00416266
   0.0070819
  0.00416266
 -0.00218845
 -0.00673534
 -0.00572943
-4.89471e-12
  0.00572943
  0.00673534
  0.00218845
 -0.00416266
  -0.0070819
 -0.00416266
  0.00218845
  0.00673534
  0.00572943
 4.89995e-12
 -0.00572943
 -0.00673534
 -0.00218845
  0.00416266
  0.00403741
  0.00237314
 -0.00124765
 -0.00383986
 -0.00326638
-2.79155e-12
  0.00326638
  0.00383986
  0.00124765
 -0.00237314
 -0.00403741
 -0.00237314
  0.00124765
  0.00383986
  0.00326638
 2.78787e-12
 -0.00326638
 -0.00383986
 -0.00124765
  0.00237314
  0.00403741
  0.00237314
 -0.00124765
 -0.00383986
 -0.00326638
-2.79091e-12
  0.00326638
  0.00383986
  0.00124765
 -0.00237314
 -0.00403741
 -0.00237314
  0.00124765
  0.00383986
  0.00326638
 2.78936e-12
 -0.00326638
 -0.00383986
 -0.00124765
  0.00237314
  0.00221748
   0.0013034
-0.000685262
 -0.00210899
 -0.00179401
-1.52914e-12
  0.00179401
  0.00210899
 0.000685262
  -0.0013034
 -0.00221748
  -0.0013034
 0.000685262
  0.00210899
  0.00179401
 1.53139e-12
 -0.00179401
 -0.00210899
-0.000685262
   0.0013034
  0.00221748
   0.0013034
-0.000685262
 -0.00210899
 -0.00179401
-1.53519e-12
  0.00179401
  0.00210899
 0.000685262
  -0.0013034
 -0.00221748
  -0.0013034
 0.000685262
  0.00210899
  0.00179401
 1.53082e-12
 -0.00179401
 -0.00210899
-0.000685262
   0.0013034
  0.00119344
 0.000701481
-0.000368811
 -0.00113506
-0.000965534
-8.20135e-13
 0.000965534
  0.00113506
 0.000368811
-0.000701481
 -0.00119344
-0.000701481
 0.000368811
  0.00113506
 0.000965534
 8.24352e-13
-0.000965534
 -0.00113506
-0.000368811
 0.000701481
  0.00119344
 0.000701481
-0.000368811
 -0.00113506
-0.000965534
 -8.2765e-13
 0.000965534
  0.00113506
 0.000368811
-0.000701481
 -0.00119344
-0.000701481
 0.000368811
  0.00113506
 0.000965534
 8.23987e-13
-0.000965534
 -0.00113506
-0.000368811
 0.000701481
