 8.25462e-13
-0.000965536
 -0.00113506
-0.000368822
 0.000701463
  0.00119343
 0.000701463
-0.000368822
 -0.00113506
-0.000965536
-8.31264e-13
 0.000965536
  0.00113506
 0.000368822
-0.000701463
 -0.00119343
-0.000701463
 0.000368822
  0.00113506
 0.000965536
  8.2691e-13
-0.000965536
 -0.00113506
-0.000368822
 0.000701463
  0.00119343
 0.000701463
-0.000368822
 -0.00113506
-0.000965536
-8.29163e-13
 0.000965536
  0.00113506
 0.000368822
-0.000701463
 -0.00119343
-0.000701463
 0.000368822
  0.00113506
 0.000965536
 1.53562e-12
 -0.00179402
   -0.002109
-0.000685276
  0.00130338
  0.00221748
  0.00130338
-0.000685276
   -0.002109
 -0.00179402
-1.53996e-12
  0.00179402
    0.002109
 0.000685276
 -0.00130338
 -0.00221748
 -0.00130338
 0.000685276
    0.002109
  0.00179402
 1.53846e-12
 -0.00179402
   -0.002109
-0.000685276
  0.00130338
  0.00221748
  0.00130338
-0.000685276
   -0.002109
 -0.00179402
-1.53613e-12
  0.00179402
    0.002109
 0.000685276
 -0.00130338
 -0.00221748
 -0.00130338
 0.000685276
    0.002109
  0.00179402
 2.79524e-12
 -0.00326638
 -0.00383987
 -0.00124767
   0.0023731
  0.00403742
   0.0023731
 -0.00124767
 -0.00383987
 -0.00326638
-2.79761e-12
  0.00326638
  0.00383987
  0.00124767
  -0.0023731
 -0.00403742
  -0.0023731
  0.00124767
  0.00383987
  0.00326638
  2.8011e-12
 -0.00326638
 -0.00383987
 -0.00124767
   0.0023731
  0.00403742
   0.0023731
 -0.00124767
 -0.00383987
 -0.00326638
-2.79257e-12
  0.00326638
  0.00383987
  0.00124767
  -0.0023731
 -0.00403742
  -0.0023731
  0.00124767
  0.00383987
  0.00326638
 4.90018e-12
 -0.00572944
 -0.00673535
 -0.00218847
  0.00416261
  0.00708193
  0.00416261
 -0.00218847
 -0.00673535
 -0.00572944
 -4.9019e-12
  0.00572944
  0.00673535
  0.00218847
 -0.00416261
 -0.00708193
 -0.00416261
  0.00218847
  0.00673535
  0.00572944
 4.91077e-12
 -0.00572944
 -0.00673535
 -0.00218847
  0.00416261
  0.00708193
  0.00416261
 -0.00218847
 -0.00673535
 -0.00572944
-4.89798e-12
  0.00572944
  0.00673535
  0.00218847
 -0.00416261
 -0.00708193
 -0.00416261
  0.00218847
  0.00673535
  0.00572944
 8.04677e-12
 -0.00940983
  -0.0110619
 -0.00359423
  0.00683657
   0.0116312
  0.00683657
 -0.00359423
  -0.0110619
 -0.00940983
-8.04957e-12
  0.00940983
   0.0110619
  0.00359423
 -0.00683657
  -0.0116312
 -0.00683657
  0.00359423
   0.0110619
  0.00940983
 8.05772e-12
 -0.00940983
  -0.0110619
 -0.00359423
  0.00683657
   0.0116312
  0.00683657
 -0.00359423
  -0.0110619
 -0.00940983
-8.04948e-12
  0.00940983
   0.0110619
  0.00359423
 -0.00683657
  -0.0116312
 -0.00683657
  0.00359423
   0.0110619
  0.00940983
  1.1735e-11
  -0.0137148
  -0.0161226
 -0.00523853
  0.00996431
   0.0169524
  0.00996431
 -0.00523853
  -0.0161226
  -0.0137148
-1.17314e-11
   0.0137148
   0.0161226
  0.00523853
 -0.00996431
  -0.0169524
 -0.00996431
  0.00523853
   0.0161226
   0.0137148
 1.17317e-11
  -0.0137148
  -0.0161226
 -0.00523853
  0.00996431
   0.0169524
  0.00996431
 -0.00523853
  -0.0161226
  -0.0137148
-1.17353e-11
   0.0137148
   0.0161226
  0.00523853
 -0.00996431
  -0.0169524
 -0.00996431
  0.00523853
   0.0161226
   0.0137148
 1.33564e-11
  -0.0156079
   -0.018348
 -0.00596158
   0.0113398
   0.0192926
   0.0113398
 -0.00596158
   -0.018348
  -0.0156079
-1.33435e-11
   0.0156079
    0.018348
  0.00596158
  -0.0113398
  -0.0192926
  -0.0113398
  0.00596158
    0.018348
   0.0156079
 1.33485e-11
  -0.0156079
   -0.018348
 -0.00596158
   0.0113398
   0.0192926
   0.0113398
 -0.00596158
   -0.018348
  -0.0156079
 -1.3345e-11
   0.0156079
    0.018348
  0.00596158
  -0.0113398
  -0.0192926
  -0.0113398
  0.00596158
    0.018348
   0.0156079
 6.40844e-12
 -0.00750163
 -0.00881843
  -0.0028652
  0.00545039
  0.00927279
  0.00545039
  -0.0028652
 -0.00881843
 -0.00750163
-6.41796e-12
  0.00750163
  0.00881843
   0.0028652
 -0.00545039
 -0.00927279
 -0.00545039
   0.0028652
  0.00881843
  0.00750163
 6.40536e-12
 -0.00750163
 -0.00881843
  -0.0028652
  0.00545039
  0.00927279
  0.00545039
  -0.0028652
 -0.00881843
 -0.00750163
-6.41099e-12
  0.00750163
  0.00881843
   0.0028652
 -0.00545039
 -0.00927279
 -0.00545039
   0.0028652
  0.00881843
  0.00750163
-1.79161e-11
   0.0209509
   0.0246294
  0.00800271
  -0.0152213
  -0.0258964
  -0.0152213
  0.00800271
   0.0246294
   0.0209509
 1.79285e-11
  -0.0209509
  -0.0246294
 -0.00800271
   0.0152213
   0.0258964
   0.0152213
 -0.00800271
  -0.0246294
  -0.0209509
-1.79299e-11
   0.0209509
   0.0246294
  0.00800271
  -0.0152213
  -0.0258964
  -0.0152213
  0.00800271
   0.0246294
   0.0209509
 1.79178e-11
  -0.0209509
  -0.0246294
 -0.00800271
   0.0152213
   0.0258964
   0.0152213
 -0.00800271
  -0.0246294
  -0.0209509
-5.76178e-11
   0.0673757
   0.0792044
   0.0257353
  -0.0489506
  -0.0832807
  -0.0489506
   0.0257353
   0.0792044
   0.0673757
  5.7624e-11
  -0.0673757
  -0.0792044
  -0.0257353
   0.0489506
   0.0832807
   0.0489506
  -0.0257353
  -0.0792044
  -0.0673757
 -5.7629e-11
   0.0673757
   0.0792044
   0.0257353
  -0.0489506
  -0.0832807
  -0.0489506
   0.0257353
   0.0792044
   0.0673757
 5.76232e-11
  -0.0673757
  -0.0792044
  -0.0257353
   0.0489506
   0.0832807
   0.0489506
  -0.0257353
  -0.0792044
  -0.0673757
-7.93926e-11
   0.0928293
    0.109126
   0.0354575
  -0.0674436
   -0.114743
  -0.0674436
   0.0354575
    0.109126
   0.0928293
 7.93895e-11
  -0.0928293
   -0.109126
  -0.0354575
   0.0674436
    0.114743
   0.0674436
  -0.0354575
   -0.109126
  -0.0928293
-7.93912e-11
   0.0928293
    0.109126
   0.0354575
  -0.0674436
   -0.114743
  -0.0674436
   0.0354575
    0.109126
   0.0928293
 7.93922e-11
  -0.0928293
   -0.109126
  -0.0354575
   0.0674436
    0.114743
   0.0674436
  -0.0354575
   -0.109126
  -0.0928293
-3.95975e-11
   0.0462926
   0.0544197
   0.0176821
  -0.0336332
  -0.0572208
  -0.0336332
   0.0176821
   0.0544197
   0.0462926
 3.95921e-11
  -0.0462926
  -0.0544197
  -0.0176821
   0.0336332
   0.0572208
   0.0336332
  -0.0176821
  -0.0544197
  -0.0462926
-3.95982e-11
   0.0462926
   0.0544197
   0.0176821
  -0.0336332
  -0.0572208
  -0.0336332
   0.0176821
   0.0544197
   0.0462926
 3.95956e-11
  -0.0462926
  -0.0544197
  -0.0176821
   0.0336332
   0.0572208
   0.0336332
  -0.0176821
  -0.0544197
  -0.0462926
 3.95945e-11
  -0.0462926
  -0.0544197
  -0.0176821
   0.0336332
   0.0572208
   0.0336332
  -0.0176821
  -0.0544197
  -0.0462926
 -3.9592e-11
   0.0462926
   0.0544197
   0.0176821
  -0.0336332
  -0.0572208
  -0.0336332
   0.0176821
   0.0544197
   0.0462926
 3.95938e-11
  -0.0462926
  -0.0544197
  -0.0176821
   0.0336332
   0.0572208
   0.0336332
  -0.0176821
  -0.0544197
  -0.0462926
-3.96022e-11
   0.0462926
   0.0544197
   0.0176821
  -0.0336332
  -0.0572208
  -0.0336332
   0.0176821
   0.0544197
   0.0462926
 7.93958e-11
  -0.0928293
   -0.109126
  -0.0354575
   0.0674436
    0.114743
   0.0674436
  -0.0354575
   -0.109126
  -0.0928293
 -7.9399e-11
   0.0928293
    0.109126
   0.0354575
  -0.0674436
   -0.114743
  -0.0674436
   0.0354575
    0.109126
   0.0928293
 7.94032e-11
  -0.0928293
   -0.109126
  -0.0354575
   0.0674436
    0.114743
   0.0674436
  -0.0354575
   -0.109126
  -0.0928293
-7.93875e-11
   0.0928293
    0.109126
   0.0354575
  -0.0674436
   -0.114743
  -0.0674436
   0.0354575
    0.109126
   0.0928293
 5.76233e-11
  -0.0673757
  -0.0792044
  -0.0257353
   0.0489506
   0.0832807
   0.0489506
  -0.0257353
  -0.0792044
  -0.0673757
-5.76265e-11
   0.0673757
   0.0792044
   0.0257353
  -0.0489506
  -0.0832807
  -0.0489506
   0.0257353
   0.0792044
   0.0673757
 5.76119e-11
  -0.0673757
  -0.0792044
  -0.0257353
   0.0489506
   0.0832807
   0.0489506
  -0.0257353
  -0.0792044
  -0.0673757
-5.76141e-11
   0.0673757
   0.0792044
   0.0257353
  -0.0489506
  -0.0832807
  -0.0489506
   0.0257353
   0.0792044
   0.0673757
 1.79181e-11
  -0.0209509
  -0.0246294
 -0.00800271
   0.0152213
   0.0258964
   0.0152213
 -0.00800271
  -0.0246294
  -0.0209509
-1.79171e-11
   0.0209509
   0.0246294
  0.00800271
  -0.0152213
  -0.0258964
  -0.0152213
  0.00800271
   0.0246294
   0.0209509
 1.79102e-11
  -0.0209509
  -0.0246294
 -0.00800271
   0.0152213
   0.0258964
   0.0152213
 -0.00800271
  -0.0246294
  -0.0209509
 -1.7915e-11
   0.0209509
   0.0246294
  0.00800271
  -0.0152213
  -0.0258964
  -0.0152213
  0.00800271
   0.0246294
   0.0209509
-6.41443e-12
  0.00750163
  0.00881843
   0.0028652
 -0.00545039
 -0.00927279
 -0.00545039
   0.0028652
  0.00881843
  0.00750163
 6.43096e-12
 -0.00750163
 -0.00881843
  -0.0028652
  0.00545039
  0.00927279
  0.00545039
  -0.0028652
 -0.00881843
 -0.00750163
-6.43181e-12
  0.00750163
  0.00881843
   0.0028652
 -0.00545039
 -0.00927279
 -0.00545039
   0.0028652
  0.00881843
  0.00750163
 6.41901e-12
 -0.00750163
 -0.00881843
  -0.0028652
  0.00545039
  0.00927279
  0.00545039
  -0.0028652
 -0.00881843
 -0.00750163
-1.33536e-11
   0.0156079
    0.018348
  0.00596158
  -0.0113398
  -0.0192926
  -0.0113398
  0.00596158
    0.018348
   0.0156079
 1.33581e-11
  -0.0156079
   -0.018348
 -0.00596158
   0.0113398
   0.0192926
   0.0113398
 -0.00596158
   -0.018348
  -0.0156079
 -1.3339e-11
   0.0156079
    0.018348
  0.00596158
  -0.0113398
  -0.0192926
  -0.0113398
  0.00596158
    0.018348
   0.0156079
 1.33559e-11
  -0.0156079
   -0.018348
 -0.00596158
   0.0113398
   0.0192926
   0.0113398
 -0.00596158
   -0.018348
  -0.0156079
-1.17296e-11
   0.0137148
   0.0161226
  0.00523853
 -0.00996431
  -0.0169524
 -0.00996431
  0.00523853
   0.0161226
   0.0137148
  1.1731e-11
  -0.0137148
  -0.0161226
 -0.00523853
  0.00996431
   0.0169524
  0.00996431
 -0.00523853
  -0.0161226
  -0.0137148
-1.17396e-11
   0.0137148
   0.0161226
  0.00523853
 -0.00996431
  -0.0169524
 -0.00996431
  0.00523853
   0.0161226
   0.0137148
 1.17358e-11
  -0.0137148
  -0.0161226
 -0.00523853
  0.00996431
   0.0169524
  0.00996431
 -0.00523853
  -0.0161226
  -0.0137148
-8.04702e-12
  0.00940983
   0.0110619
  0.00359423
 -0.00683657
  -0.0116312
 -0.00683657
  0.00359423
   0.0110619
  0.00940983
 8.04482e-12
 -0.00940983
  -0.0110619
 -0.00359423
  0.00683657
   0.0116312
  0.00683657
 -0.00359423
  -0.0110619
 -0.00940983
-8.05037e-12
  0.00940983
   0.0110619
  0.00359423
 -0.00683657
  -0.0116312
 -0.00683657
  0.00359423
   0.0110619
  0.00940983
 8.04083e-12
 -0.00940983
  -0.0110619
 -0.00359423
  0.00683657
   0.0116312
  0.00683657
 -0.00359423
  -0.0110619
 -0.00940983
-4.90017e-12
  0.00572944
  0.00673535
  0.00218847
 -0.00416261
 -0.00708193
 -0.00416261
  0.00218847
  0.00673535
  0.00572944
 4.89243e-12
 -0.00572944
 -0.00673535
 -0.00218847
  0.00416261
  0.00708193
  0.00416261
 -0.00218847
 -0.00673535
 -0.00572944
-4.89589e-12
  0.00572944
  0.00673535
  0.00218847
 -0.00416261
 -0.00708193
 -0.00416261
  0.00218847
  0.00673535
  0.00572944
 4.89077e-12
 -0.00572944
 -0.00673535
 -0.00218847
  0.00416261
  0.00708193
  0.00416261
 -0.00218847
 -0.00673535
 -0.00572944
-2.79338e-12
  0.00326638
  0.00383987
  0.00124767
  -0.0023731
 -0.00403742
  -0.0023731
  0.00124767
  0.00383987
  0.00326638
 2.78631e-12
 -0.00326638
 -0.00383987
 -0.00124767
   0.0023731
  0.00403742
   0.0023731
 -0.00124767
 -0.00383987
 -0.00326638
-2.78919e-12
  0.00326638
  0.00383987
  0.00124767
  -0.0023731
 -0.00403742
  -0.0023731
  0.00124767
  0.00383987
  0.00326638
  2.7879e-12
 -0.00326638
 -0.00383987
 -0.00124767
   0.0023731
  0.00403742
   0.0023731
 -0.00124767
 -0.00383987
 -0.00326638
-1.53343e-12
  0.00179402
    0.002109
 0.000685276
 -0.00130338
 -0.00221748
 -0.00130338
 0.000685276
    0.002109
  0.00179402
  1.5318e-12
 -0.00179402
   -0.002109
-0.000685276
  0.00130338
  0.00221748
  0.00130338
-0.000685276
   -0.002109
 -0.00179402
-1.53073e-12
  0.00179402
    0.002109
 0.000685276
 -0.00130338
 -0.00221748
 -0.00130338
 0.000685276
    0.002109
  0.00179402
  1.5319e-12
 -0.00179402
   -0.002109
-0.000685276
  0.00130338
  0.00221748
  0.00130338
-0.000685276
   -0.002109
 -0.00179402
-8.24413e-13
 0.000965536
  0.00113506
 0.000368822
-0.000701463
 -0.00119343
-0.000701463
 0.000368822
  0.00113506
 0.000965536
 8.28031e-13
-0.000965536
 -0.00113506
-0.000368822
 0.000701463
  0.00119343
 0.000701463
-0.000368822
 -0.00113506
-0.000965536
-8.22454e-13
 0.000965536
  0.00113506
 0.000368822
-0.000701463
 -0.00119343
-0.000701463
 0.000368822
  0.00113506
 0.000965536
  8.2488e-13
-0.000965536
 -0.00113506
-0.000368822
 0.000701463
  0.00119343
 0.000701463
-0.000368822
 -0.00113506
-0.000965536
