-1.73735e-13
 -0.00033737
-0.000208518
 0.000208482
 0.000337348
-1.67927e-13
-0.000337348
-0.000208482
 0.000208518
  0.00033737
 -1.6903e-13
 -0.00033737
-0.000208518
 0.000208482
 0.000337348
-1.69116e-13
-0.000337348
-0.000208482
 0.000208518
  0.00033737
-1.67845e-13
 -0.00033737
-0.000208518
 0.000208482
 0.000337348
-1.71979e-13
-0.000337348
-0.000208482
 0.000208518
  0.00033737
-1.69405e-13
 -0.00033737
-0.000208518
 0.000208482
 0.000337348
-1.75599e-13
-0.000337348
-0.000208482
 0.000208518
  0.00033737
-3.86801e-13
 -0.00075906
-0.000469143
 0.000469089
 0.000759027
-3.78078e-13
-0.000759027
-0.000469089
 0.000469143
  0.00075906
-3.81416e-13
 -0.00075906
-0.000469143
 0.000469089
 0.000759027
 -3.8321e-13
-0.000759027
-0.000469089
 0.000469143
  0.00075906
 -3.8253e-13
 -0.00075906
-0.000469143
 0.000469089
 0.000759027
-3.84584e-13
-0.000759027
-0.000469089
 0.000469143
  0.00075906
-3.83053e-13
 -0.00075906
-0.000469143
 0.000469089
 0.000759027
-3.87101e-13
-0.000759027
-0.000469089
 0.000469143
  0.00075906
-8.59339e-13
 -0.00169687
 -0.00104875
  0.00104867
  0.00169682
-8.50411e-13
 -0.00169682
 -0.00104867
  0.00104875
  0.00169687
-8.55144e-13
 -0.00169687
 -0.00104875
  0.00104867
  0.00169682
-8.61772e-13
 -0.00169682
 -0.00104867
  0.00104875
  0.00169687
-8.61579e-13
 -0.00169687
 -0.00104875
  0.00104867
  0.00169682
-8.58863e-13
 -0.00169682
 -0.00104867
  0.00104875
  0.00169687
-8.60488e-13
 -0.00169687
 -0.00104875
  0.00104867
  0.00169682
 -8.5742e-13
 -0.00169682
 -0.00104867
  0.00104875
  0.00169687
-1.88343e-12
 -0.00372679
 -0.00230332
  0.00230321
  0.00372672
-1.88216e-12
 -0.00372672
 -0.00230321
  0.00230332
  0.00372679
 -1.8848e-12
 -0.00372679
 -0.00230332
  0.00230321
  0.00372672
-1.89649e-12
 -0.00372672
 -0.00230321
  0.00230332
  0.00372679
-1.89772e-12
 -0.00372679
 -0.00230332
  0.00230321
  0.00372672
  -1.887e-12
 -0.00372672
 -0.00230321
  0.00230332
  0.00372679
-1.89178e-12
 -0.00372679
 -0.00230332
  0.00230321
  0.00372672
-1.88118e-12
 -0.00372672
 -0.00230321
  0.00230332
  0.00372679
-4.00142e-12
 -0.00790845
 -0.00488774
  0.00488759
  0.00790835
-4.01364e-12
 -0.00790835
 -0.00488759
  0.00488774
  0.00790845
 -4.0097e-12
 -0.00790845
 -0.00488774
  0.00488759
  0.00790835
-4.01494e-12
 -0.00790835
 -0.00488759
  0.00488774
  0.00790845
-4.02083e-12
 -0.00790845
 -0.00488774
  0.00488759
  0.00790835
-4.00572e-12
 -0.00790835
 -0.00488759
  0.00488774
  0.00790845
-4.00872e-12
 -0.00790845
 -0.00488774
  0.00488759
  0.00790835
-4.00344e-12
 -0.00790835
 -0.00488759
  0.00488774
  0.00790845
-8.01436e-12
  -0.0158103
 -0.00977135
  0.00977118
   0.0158102
-8.02526e-12
  -0.0158102
 -0.00977118
  0.00977135
   0.0158103
-8.02248e-12
  -0.0158103
 -0.00977135
  0.00977118
   0.0158102
-8.00547e-12
  -0.0158102
 -0.00977118
  0.00977135
   0.0158103
 -8.0144e-12
  -0.0158103
 -0.00977135
  0.00977118
   0.0158102
-8.00691e-12
  -0.0158102
 -0.00977118
  0.00977135
   0.0158103
-8.01069e-12
  -0.0158103
 -0.00977135
  0.00977118
   0.0158102
-8.01949e-12
  -0.0158102
 -0.00977118
  0.00977135
   0.0158103
-1.45011e-11
  -0.0285994
  -0.0176754
   0.0176753
   0.0285993
 -1.4494e-11
  -0.0285993
  -0.0176753
   0.0176754
   0.0285994
-1.45003e-11
  -0.0285994
  -0.0176754
   0.0176753
   0.0285993
-1.44901e-11
  -0.0285993
  -0.0176753
   0.0176754
   0.0285994
-1.44947e-11
  -0.0285994
  -0.0176754
   0.0176753
   0.0285993
-1.44888e-11
  -0.0285993
  -0.0176753
   0.0176754
   0.0285994
-1.45032e-11
  -0.0285994
  -0.0176754
   0.0176753
   0.0285993
-1.44959e-11
  -0.0285993
  -0.0176753
   0.0176754
   0.0285994
-2.21211e-11
  -0.0436326
  -0.0269663
   0.0269663
   0.0436324
-2.21308e-11
  -0.0436324
  -0.0269663
   0.0269663
   0.0436326
-2.21165e-11
  -0.0436326
  -0.0269663
   0.0269663
   0.0436324
-2.21251e-11
  -0.0436324
  -0.0269663
   0.0269663
   0.0436326
-2.21231e-11
  -0.0436326
  -0.0269663
   0.0269663
   0.0436324
-2.21224e-11
  -0.0436324
  -0.0269663
   0.0269663
   0.0436326
-2.21092e-11
  -0.0436326
  -0.0269663
   0.0269663
   0.0436324
-2.21093e-11
  -0.0436324
  -0.0269663
   0.0269663
   0.0436326
-2.44571e-11
   -0.048238
  -0.0298124
   0.0298126
   0.0482379
-2.44491e-11
  -0.0482379
  -0.0298126
   0.0298124
    0.048238
-2.44607e-11
   -0.048238
  -0.0298124
   0.0298126
   0.0482379
 -2.4452e-11
  -0.0482379
  -0.0298126
   0.0298124
    0.048238
-2.44467e-11
   -0.048238
  -0.0298124
   0.0298126
   0.0482379
-2.44564e-11
  -0.0482379
  -0.0298126
   0.0298124
    0.048238
-2.44462e-11
   -0.048238
  -0.0298124
   0.0298126
   0.0482379
-2.44524e-11
  -0.0482379
  -0.0298126
   0.0298124
    0.048238
 -9.8435e-12
  -0.0194225
  -0.0120035
   0.0120038
   0.0194225
 -9.8514e-12
  -0.0194225
  -0.0120038
   0.0120035
   0.0194225
-9.84018e-12
  -0.0194225
  -0.0120035
   0.0120038
   0.0194225
 -9.8408e-12
  -0.0194225
  -0.0120038
   0.0120035
   0.0194225
-9.84918e-12
  -0.0194225
  -0.0120035
   0.0120038
   0.0194225
-9.84989e-12
  -0.0194225
  -0.0120038
   0.0120035
   0.0194225
-9.84304e-12
  -0.0194225
  -0.0120035
   0.0120038
   0.0194225
-9.85246e-12
  -0.0194225
  -0.0120038
   0.0120035
   0.0194225
 2.58599e-11
   0.0510128
   0.0315276
  -0.0315273
  -0.0510125
 2.58637e-11
   0.0510125
   0.0315273
  -0.0315276
  -0.0510128
   2.587e-11
   0.0510128
   0.0315276
  -0.0315273
  -0.0510125
 2.58563e-11
   0.0510125
   0.0315273
  -0.0315276
  -0.0510128
 2.58655e-11
   0.0510128
   0.0315276
  -0.0315273
  -0.0510125
 2.58632e-11
   0.0510125
   0.0315273
  -0.0315276
  -0.0510128
  2.5863e-11
   0.0510128
   0.0315276
  -0.0315273
  -0.0510125
  2.5859e-11
   0.0510125
   0.0315273
  -0.0315276
  -0.0510128
 6.05211e-11
    0.119393
   0.0737885
  -0.0737886
   -0.119393
 6.05219e-11
    0.119393
   0.0737886
  -0.0737885
   -0.119393
 6.05168e-11
    0.119393
   0.0737885
  -0.0737886
   -0.119393
 6.05249e-11
    0.119393
   0.0737886
  -0.0737885
   -0.119393
 6.05282e-11
    0.119393
   0.0737885
  -0.0737886
   -0.119393
 6.05215e-11
    0.119393
   0.0737886
  -0.0737885
   -0.119393
 6.05202e-11
    0.119393
   0.0737885
  -0.0737886
   -0.119393
 6.05155e-11
    0.119393
   0.0737886
  -0.0737885
   -0.119393
  6.0523e-11
    0.119393
   0.0737885
  -0.0737886
   -0.119393
 6.05149e-11
    0.119393
   0.0737886
  -0.0737885
   -0.119393
 6.05146e-11
    0.119393
   0.0737885
  -0.0737886
   -0.119393
 6.05256e-11
    0.119393
   0.0737886
  -0.0737885
   -0.119393
 6.05152e-11
    0.119393
   0.0737885
  -0.0737886
   -0.119393
 6.05245e-11
    0.119393
   0.0737886
  -0.0737885
   -0.119393
 6.05161e-11
    0.119393
   0.0737885
  -0.0737886
   -0.119393
 6.05255e-11
    0.119393
   0.0737886
  -0.0737885
   -0.119393
 2.58474e-11
   0.0510128
   0.0315276
  -0.0315273
  -0.0510125
 2.58662e-11
   0.0510125
   0.0315273
  -0.0315276
  -0.0510128
 2.58465e-11
   0.0510128
   0.0315276
  -0.0315273
  -0.0510125
 2.58516e-11
   0.0510125
   0.0315273
  -0.0315276
  -0.0510128
 2.58549e-11
   0.0510128
   0.0315276
  -0.0315273
  -0.0510125
 2.58694e-11
   0.0510125
   0.0315273
  -0.0315276
  -0.0510128
 2.58615e-11
   0.0510128
   0.0315276
  -0.0315273
  -0.0510125
  2.5869e-11
   0.0510125
   0.0315273
  -0.0315276
  -0.0510128
-9.84989e-12
  -0.0194225
  -0.0120035
   0.0120038
   0.0194225
-9.84302e-12
  -0.0194225
  -0.0120038
   0.0120035
   0.0194225
-9.84336e-12
  -0.0194225
  -0.0120035
   0.0120038
   0.0194225
-9.84536e-12
  -0.0194225
  -0.0120038
   0.0120035
   0.0194225
 -9.8505e-12
  -0.0194225
  -0.0120035
   0.0120038
   0.0194225
-9.84299e-12
  -0.0194225
  -0.0120038
   0.0120035
   0.0194225
-9.83779e-12
  -0.0194225
  -0.0120035
   0.0120038
   0.0194225
-9.85277e-12
  -0.0194225
  -0.0120038
   0.0120035
   0.0194225
-2.44438e-11
   -0.048238
  -0.0298124
   0.0298126
   0.0482379
-2.44499e-11
  -0.0482379
  -0.0298126
   0.0298124
    0.048238
-2.44489e-11
   -0.048238
  -0.0298124
   0.0298126
   0.0482379
-2.44582e-11
  -0.0482379
  -0.0298126
   0.0298124
    0.048238
-2.44535e-11
   -0.048238
  -0.0298124
   0.0298126
   0.0482379
-2.44544e-11
  -0.0482379
  -0.0298126
   0.0298124
    0.048238
-2.44466e-11
   -0.048238
  -0.0298124
   0.0298126
   0.0482379
-2.44504e-11
  -0.0482379
  -0.0298126
   0.0298124
    0.048238
-2.21272e-11
  -0.0436326
  -0.0269663
   0.0269663
   0.0436324
-2.21166e-11
  -0.0436324
  -0.0269663
   0.0269663
   0.0436326
-2.21078e-11
  -0.0436326
  -0.0269663
   0.0269663
   0.0436324
-2.21168e-11
  -0.0436324
  -0.0269663
   0.0269663
   0.0436326
-2.21136e-11
  -0.0436326
  -0.0269663
   0.0269663
   0.0436324
-2.21191e-11
  -0.0436324
  -0.0269663
   0.0269663
   0.0436326
-2.21131e-11
  -0.0436326
  -0.0269663
   0.0269663
   0.0436324
-2.21157e-11
  -0.0436324
  -0.0269663
   0.0269663
   0.0436326
-1.44997e-11
  -0.0285994
  -0.0176754
   0.0176753
   0.0285993
-1.44914e-11
  -0.0285993
  -0.0176753
   0.0176754
   0.0285994
-1.45069e-11
  -0.0285994
  -0.0176754
   0.0176753
   0.0285993
-1.44979e-11
  -0.0285993
  -0.0176753
   0.0176754
   0.0285994
-1.45057e-11
  -0.0285994
  -0.0176754
   0.0176753
   0.0285993
-1.45045e-11
  -0.0285993
  -0.0176753
   0.0176754
   0.0285994
-1.44977e-11
  -0.0285994
  -0.0176754
   0.0176753
   0.0285993
-1.44957e-11
  -0.0285993
  -0.0176753
   0.0176754
   0.0285994
-8.01305e-12
  -0.0158103
 -0.00977135
  0.00977118
   0.0158102
-8.01714e-12
  -0.0158102
 -0.00977118
  0.00977135
   0.0158103
-8.01446e-12
  -0.0158103
 -0.00977135
  0.00977118
   0.0158102
-8.02065e-12
  -0.0158102
 -0.00977118
  0.00977135
   0.0158103
-8.00356e-12
  -0.0158103
 -0.00977135
  0.00977118
   0.0158102
-8.01386e-12
  -0.0158102
 -0.00977118
  0.00977135
   0.0158103
 -8.0214e-12
  -0.0158103
 -0.00977135
  0.00977118
   0.0158102
-8.02148e-12
  -0.0158102
 -0.00977118
  0.00977135
   0.0158103
-4.00562e-12
 -0.00790845
 -0.00488774
  0.00488759
  0.00790835
-4.01152e-12
 -0.00790835
 -0.00488759
  0.00488774
  0.00790845
-4.00109e-12
 -0.00790845
 -0.00488774
  0.00488759
  0.00790835
-4.01023e-12
 -0.00790835
 -0.00488759
  0.00488774
  0.00790845
 -4.0061e-12
 -0.00790845
 -0.00488774
  0.00488759
  0.00790835
-4.00807e-12
 -0.00790835
 -0.00488759
  0.00488774
  0.00790845
-4.01959e-12
 -0.00790845
 -0.00488774
  0.00488759
  0.00790835
 -4.0129e-12
 -0.00790835
 -0.00488759
  0.00488774
  0.00790845
-1.88709e-12
 -0.00372679
 -0.00230332
  0.00230321
  0.00372672
-1.88863e-12
 -0.00372672
 -0.00230321
  0.00230332
  0.00372679
-1.88383e-12
 -0.00372679
 -0.00230332
  0.00230321
  0.00372672
 -1.8856e-12
 -0.00372672
 -0.00230321
  0.00230332
  0.00372679
-1.89501e-12
 -0.00372679
 -0.00230332
  0.00230321
  0.00372672
-1.88957e-12
 -0.00372672
 -0.00230321
  0.00230332
  0.00372679
  -1.899e-12
 -0.00372679
 -0.00230332
  0.00230321
  0.00372672
-1.88745e-12
 -0.00372672
 -0.00230321
  0.00230332
  0.00372679
-8.58229e-13
 -0.00169687
 -0.00104875
  0.00104867
  0.00169682
-8.60156e-13
 -0.00169682
 -0.00104867
  0.00104875
  0.00169687
-8.60502e-13
 -0.00169687
 -0.00104875
  0.00104867
  0.00169682
-8.56455e-13
 -0.00169682
 -0.00104867
  0.00104875
  0.00169687
 -8.6623e-13
 -0.00169687
 -0.00104875
  0.00104867
  0.00169682
-8.60637e-13
 -0.00169682
 -0.00104867
  0.00104875
  0.00169687
-8.65255e-13
 -0.00169687
 -0.00104875
  0.00104867
  0.00169682
-8.57397e-13
 -0.00169682
 -0.00104867
  0.00104875
  0.00169687
-3.82068e-13
 -0.00075906
-0.000469143
 0.000469089
 0.000759027
-3.85851e-13
-0.000759027
-0.000469089
 0.000469143
  0.00075906
-3.88485e-13
 -0.00075906
-0.000469143
 0.000469089
 0.000759027
-3.83504e-13
-0.000759027
-0.000469089
 0.000469143
  0.00075906
 -3.8778e-13
 -0.00075906
-0.000469143
 0.000469089
 0.000759027
-3.85674e-13
-0.000759027
-0.000469089
 0.000469143
  0.00075906
-3.84905e-13
 -0.00075906
-0.000469143
 0.000469089
 0.000759027
-3.82652e-13
-0.000759027
-0.000469089
 0.000469143
  0.00075906
-1.68402e-13
 -0.00033737
-0.000208518
 0.000208482
 0.000337348
-1.72612e-13
-0.000337348
-0.000208482
 0.000208518
  0.00033737
-1.76132e-13
 -0.00033737
-0.000208518
 0.000208482
 0.000337348
-1.71815e-13
-0.000337348
-0.000208482
 0.000208518
  0.00033737
-1.71664e-13
 -0.00033737
-0.000208518
 0.000208482
 0.000337348
-1.72475e-13
-0.000337348
-0.000208482
 0.000208518
  0.00033737
-1.68557e-13
 -0.00033737
-0.000208518
 0.000208482
 0.000337348
-1.69068e-13
-0.000337348
-0.000208482
 0.000208518
  0.00033737
