-0.000354725
-0.000109621
 0.000286968
 0.000286965
-0.000109626
-0.000354735
-0.000109626
 0.000286965
 0.000286968
-0.000109621
-0.000354725
-0.000109621
 0.000286968
 0.000286965
-0.000109626
-0.000354735
-0.000109626
 0.000286965
 0.000286968
-0.000109621
-0.000354725
-0.000109621
 0.000286968
 0.000286965
-0.000109626
-0.000354735
-0.000109626
 0.000286965
 0.000286968
-0.000109621
-0.000354725
-0.000109621
 0.000286968
 0.000286965
-0.000109626
-0.000354735
-0.000109626
 0.000286965
 0.000286968
-0.000109621
-0.000798093
-0.000246618
 0.000645692
 0.000645687
-0.000246625
 -0.00079811
-0.000246625
 0.000645687
 0.000645692
-0.000246618
-0.000798093
-0.000246618
 0.000645692
 0.000645687
-0.000246625
 -0.00079811
-0.000246625
 0.000645687
 0.000645692
-0.000246618
-0.000798093
-0.000246618
 0.000645692
 0.000645687
-0.000246625
 -0.00079811
-0.000246625
 0.000645687
 0.000645692
-0.000246618
-0.000798093
-0.000246618
 0.000645692
 0.000645687
-0.000246625
 -0.00079811
-0.000246625
 0.000645687
 0.000645692
-0.000246618
 -0.00178413
-0.000551306
  0.00144346
  0.00144346
-0.000551312
 -0.00178416
-0.000551312
  0.00144346
  0.00144346
-0.000551306
 -0.00178413
-0.000551306
  0.00144346
  0.00144346
-0.000551312
 -0.00178416
-0.000551312
  0.00144346
  0.00144346
-0.000551306
 -0.00178413
-0.000551306
  0.00144346
  0.00144346
-0.000551312
 -0.00178416
-0.000551312
  0.00144346
  0.00144346
-0.000551306
 -0.00178413
-0.000551306
  0.00144346
  0.00144346
-0.000551312
 -0.00178416
-0.000551312
  0.00144346
  0.00144346
-0.000551306
 -0.00391847
 -0.00121084
  0.00317024
  0.00317023
 -0.00121083
 -0.00391852
 -0.00121083
  0.00317023
  0.00317024
 -0.00121084
 -0.00391847
 -0.00121084
  0.00317024
  0.00317023
 -0.00121083
 -0.00391852
 -0.00121083
  0.00317023
  0.00317024
 -0.00121084
 -0.00391847
 -0.00121084
  0.00317024
  0.00317023
 -0.00121083
 -0.00391852
 -0.00121083
  0.00317023
  0.00317024
 -0.00121084
 -0.00391847
 -0.00121084
  0.00317024
  0.00317023
 -0.00121083
 -0.00391852
 -0.00121083
  0.00317023
  0.00317024
 -0.00121084
 -0.00831526
  -0.0025695
   0.0067274
   0.0067274
 -0.00256948
 -0.00831535
 -0.00256948
   0.0067274
   0.0067274
  -0.0025695
 -0.00831526
  -0.0025695
   0.0067274
   0.0067274
 -0.00256948
 -0.00831535
 -0.00256948
   0.0067274
   0.0067274
  -0.0025695
 -0.00831526
  -0.0025695
   0.0067274
   0.0067274
 -0.00256948
 -0.00831535
 -0.00256948
   0.0067274
   0.0067274
  -0.0025695
 -0.00831526
  -0.0025695
   0.0067274
   0.0067274
 -0.00256948
 -0.00831535
 -0.00256948
   0.0067274
   0.0067274
  -0.0025695
  -0.0166237
 -0.00513695
   0.0134492
   0.0134492
 -0.00513687
  -0.0166238
 -0.00513687
   0.0134492
   0.0134492
 -0.00513695
  -0.0166237
 -0.00513695
   0.0134492
   0.0134492
 -0.00513687
  -0.0166238
 -0.00513687
   0.0134492
   0.0134492
 -0.00513695
  -0.0166237
 -0.00513695
   0.0134492
   0.0134492
 -0.00513687
  -0.0166238
 -0.00513687
   0.0134492
   0.0134492
 -0.00513695
  -0.0166237
 -0.00513695
   0.0134492
   0.0134492
 -0.00513687
  -0.0166238
 -0.00513687
   0.0134492
   0.0134492
 -0.00513695
  -0.0300708
 -0.00929239
   0.0243282
   0.0243283
 -0.00929221
  -0.0300711
 -0.00929221
   0.0243283
   0.0243282
 -0.00929239
  -0.0300708
 -0.00929239
   0.0243282
   0.0243283
 -0.00929221
  -0.0300711
 -0.00929221
   0.0243283
   0.0243282
 -0.00929239
  -0.0300708
 -0.00929239
   0.0243282
   0.0243283
 -0.00929221
  -0.0300711
 -0.00929221
   0.0243283
   0.0243282
 -0.00929239
  -0.0300708
 -0.00929239
   0.0243282
   0.0243283
 -0.00929221
  -0.0300711
 -0.00929221
   0.0243283
   0.0243282
 -0.00929239
  -0.0458776
   -0.014177
   0.0371161
   0.0371162
  -0.0141767
  -0.0458781
  -0.0141767
   0.0371162
   0.0371161
   -0.014177
  -0.0458776
   -0.014177
   0.0371161
   0.0371162
  -0.0141767
  -0.0458781
  -0.0141767
   0.0371162
   0.0371161
   -0.014177
  -0.0458776
   -0.014177
   0.0371161
   0.0371162
  -0.0141767
  -0.0458781
  -0.0141767
   0.0371162
   0.0371161
   -0.014177
  -0.0458776
   -0.014177
   0.0371161
   0.0371162
  -0.0141767
  -0.0458781
  -0.0141767
   0.0371162
   0.0371161
   -0.014177
    -0.05072
  -0.0156735
   0.0410335
   0.0410337
  -0.0156731
  -0.0507206
  -0.0156731
   0.0410337
   0.0410335
  -0.0156735
    -0.05072
  -0.0156735
   0.0410335
   0.0410337
  -0.0156731
  -0.0507206
  -0.0156731
   0.0410337
   0.0410335
  -0.0156735
    -0.05072
  -0.0156735
   0.0410335
   0.0410337
  -0.0156731
  -0.0507206
  -0.0156731
   0.0410337
   0.0410335
  -0.0156735
    -0.05072
  -0.0156735
   0.0410335
   0.0410337
  -0.0156731
  -0.0507206
  -0.0156731
   0.0410337
   0.0410335
  -0.0156735
  -0.0204218
 -0.00631083
   0.0165215
   0.0165217
  -0.0063106
  -0.0204222
  -0.0063106
   0.0165217
   0.0165215
 -0.00631083
  -0.0204218
 -0.00631083
   0.0165215
   0.0165217
  -0.0063106
  -0.0204222
  -0.0063106
   0.0165217
   0.0165215
 -0.00631083
  -0.0204218
 -0.00631083
   0.0165215
   0.0165217
  -0.0063106
  -0.0204222
  -0.0063106
   0.0165217
   0.0165215
 -0.00631083
  -0.0204218
 -0.00631083
   0.0165215
   0.0165217
  -0.0063106
  -0.0204222
  -0.0063106
   0.0165217
   0.0165215
 -0.00631083
   0.0536375
    0.016575
  -0.0433939
   -0.043394
   0.0165747
   0.0536381
   0.0165747
   -0.043394
  -0.0433939
    0.016575
   0.0536375
    0.016575
  -0.0433939
   -0.043394
   0.0165747
   0.0536381
   0.0165747
   -0.043394
  -0.0433939
    0.016575
   0.0536375
    0.016575
  -0.0433939
   -0.043394
   0.0165747
   0.0536381
   0.0165747
   -0.043394
  -0.0433939
    0.016575
   0.0536375
    0.016575
  -0.0433939
   -0.043394
   0.0165747
   0.0536381
   0.0165747
   -0.043394
  -0.0433939
    0.016575
    0.125536
   0.0387933
   -0.101561
   -0.101562
   0.0387924
    0.125538
   0.0387924
   -0.101562
   -0.101561
   0.0387933
    0.125536
   0.0387933
   -0.101561
   -0.101562
   0.0387924
    0.125538
   0.0387924
   -0.101562
   -0.101561
   0.0387933
    0.125536
   0.0387933
   -0.101561
   -0.101562
   0.0387924
    0.125538
   0.0387924
   -0.101562
   -0.101561
   0.0387933
    0.125536
   0.0387933
   -0.101561
   -0.101562
   0.0387924
    0.125538
   0.0387924
   -0.101562
   -0.101561
   0.0387933
    0.125536
   0.0387933
   -0.101561
   -0.101562
   0.0387924
    0.125538
   0.0387924
   -0.101562
   -0.101561
   0.0387933
    0.125536
   0.0387933
   -0.101561
   -0.101562
   0.0387924
    0.125538
   0.0387924
   -0.101562
   -0.101561
   0.0387933
    0.125536
   0.0387933
   -0.101561
   -0.101562
   0.0387924
    0.125538
   0.0387924
   -0.101562
   -0.101561
   0.0387933
    0.125536
   0.0387933
   -0.101561
   -0.101562
   0.0387924
    0.125538
   0.0387924
   -0.101562
   -0.101561
   0.0387933
   0.0536375
    0.016575
  -0.0433939
   -0.043394
   0.0165747
   0.0536381
   0.0165747
   -0.043394
  -0.0433939
    0.016575
   0.0536375
    0.016575
  -0.0433939
   -0.043394
   0.0165747
   0.0536381
   0.0165747
   -0.043394
  -0.0433939
    0.016575
   0.0536375
    0.016575
  -0.0433939
   -0.043394
   0.0165747
   0.0536381
   0.0165747
   -0.043394
  -0.0433939
    0.016575
   0.0536375
    0.016575
  -0.0433939
   -0.043394
   0.0165747
   0.0536381
   0.0165747
   -0.043394
  -0.0433939
    0.016575
  -0.0204218
 -0.00631083
   0.0165215
   0.0165217
  -0.0063106
  -0.0204222
  -0.0063106
   0.0165217
   0.0165215
 -0.00631083
  -0.0204218
 -0.00631083
   0.0165215
   0.0165217
  -0.0063106
  -0.0204222
  -0.0063106
   0.0165217
   0.0165215
 -0.00631083
  -0.0204218
 -0.00631083
   0.0165215
   0.0165217
  -0.0063106
  -0.0204222
  -0.0063106
   0.0165217
   0.0165215
 -0.00631083
  -0.0204218
 -0.00631083
   0.0165215
   0.0165217
  -0.0063106
  -0.0204222
  -0.0063106
   0.0165217
   0.0165215
 -0.00631083
    -0.05072
  -0.0156735
   0.0410335
   0.0410337
  -0.0156731
  -0.0507206
  -0.0156731
   0.0410337
   0.0410335
  -0.0156735
    -0.05072
  -0.0156735
   0.0410335
   0.0410337
  -0.0156731
  -0.0507206
  -0.0156731
   0.0410337
   0.0410335
  -0.0156735
    -0.05072
  -0.0156735
   0.0410335
   0.0410337
  -0.0156731
  -0.0507206
  -0.0156731
   0.0410337
   0.0410335
  -0.0156735
    -0.05072
  -0.0156735
   0.0410335
   0.0410337
  -0.0156731
  -0.0507206
  -0.0156731
   0.0410337
   0.0410335
  -0.0156735
  -0.0458776
   -0.014177
   0.0371161
   0.0371162
  -0.0141767
  -0.0458781
  -0.0141767
   0.0371162
   0.0371161
   -0.014177
  -0.0458776
   -0.014177
   0.0371161
   0.0371162
  -0.0141767
  -0.0458781
  -0.0141767
   0.0371162
   0.0371161
   -0.014177
  -0.0458776
   -0.014177
   0.0371161
   0.0371162
  -0.0141767
  -0.0458781
  -0.0141767
   0.0371162
   0.0371161
   -0.014177
  -0.0458776
   -0.014177
   0.0371161
   0.0371162
  -0.0141767
  -0.0458781
  -0.0141767
   0.0371162
   0.0371161
   -0.014177
  -0.0300708
 -0.00929239
   0.0243282
   0.0243283
 -0.00929221
  -0.0300711
 -0.00929221
   0.0243283
   0.0243282
 -0.00929239
  -0.0300708
 -0.00929239
   0.0243282
   0.0243283
 -0.00929221
  -0.0300711
 -0.00929221
   0.0243283
   0.0243282
 -0.00929239
  -0.0300708
 -0.00929239
   0.0243282
   0.0243283
 -0.00929221
  -0.0300711
 -0.00929221
   0.0243283
   0.0243282
 -0.00929239
  -0.0300708
 -0.00929239
   0.0243282
   0.0243283
 -0.00929221
  -0.0300711
 -0.00929221
   0.0243283
   0.0243282
 -0.00929239
  -0.0166237
 -0.00513695
   0.0134492
   0.0134492
 -0.00513687
  -0.0166238
 -0.00513687
   0.0134492
   0.0134492
 -0.00513695
  -0.0166237
 -0.00513695
   0.0134492
   0.0134492
 -0.00513687
  -0.0166238
 -0.00513687
   0.0134492
   0.0134492
 -0.00513695
  -0.0166237
 -0.00513695
   0.0134492
   0.0134492
 -0.00513687
  -0.0166238
 -0.00513687
   0.0134492
   0.0134492
 -0.00513695
  -0.0166237
 -0.00513695
   0.0134492
   0.0134492
 -0.00513687
  -0.0166238
 -0.00513687
   0.0134492
   0.0134492
 -0.00513695
 -0.00831526
  -0.0025695
   0.0067274
   0.0067274
 -0.00256948
 -0.00831535
 -0.00256948
   0.0067274
   0.0067274
  -0.0025695
 -0.00831526
  -0.0025695
   0.0067274
   0.0067274
 -0.00256948
 -0.00831535
 -0.00256948
   0.0067274
   0.0067274
  -0.0025695
 -0.00831526
  -0.0025695
   0.0067274
   0.0067274
 -0.00256948
 -0.00831535
 -0.00256948
   0.0067274
   0.0067274
  -0.0025695
 -0.00831526
  -0.0025695
   0.0067274
   0.0067274
 -0.00256948
 -0.00831535
 -0.00256948
   0.0067274
   0.0067274
  -0.0025695
 -0.00391847
 -0.00121084
  0.00317024
  0.00317023
 -0.00121083
 -0.00391852
 -0.00121083
  0.00317023
  0.00317024
 -0.00121084
 -0.00391847
 -0.00121084
  0.00317024
  0.00317023
 -0.00121083
 -0.00391852
 -0.00121083
  0.00317023
  0.00317024
 -0.00121084
 -0.00391847
 -0.00121084
  0.00317024
  0.00317023
 -0.00121083
 -0.00391852
 -0.00121083
  0.00317023
  0.00317024
 -0.00121084
 -0.00391847
 -0.00121084
  0.00317024
  0.00317023
 -0.00121083
 -0.00391852
 -0.00121083
  0.00317023
  0.00317024
 -0.00121084
 -0.00178413
-0.000551306
  0.00144346
  0.00144346
-0.000551312
 -0.00178416
-0.000551312
  0.00144346
  0.00144346
-0.000551306
 -0.00178413
-0.000551306
  0.00144346
  0.00144346
-0.000551312
 -0.00178416
-0.000551312
  0.00144346
  0.00144346
-0.000551306
 -0.00178413
-0.000551306
  0.00144346
  0.00144346
-0.000551312
 -0.00178416
-0.000551312
  0.00144346
  0.00144346
-0.000551306
 -0.00178413
-0.000551306
  0.00144346
  0.00144346
-0.000551312
 -0.00178416
-0.000551312
  0.00144346
  0.00144346
-0.000551306
-0.000798093
-0.000246618
 0.000645692
 0.000645687
-0.000246625
 -0.00079811
-0.000246625
 0.000645687
 0.000645692
-0.000246618
-0.000798093
-0.000246618
 0.000645692
 0.000645687
-0.000246625
 -0.00079811
-0.000246625
 0.000645687
 0.000645692
-0.000246618
-0.000798093
-0.000246618
 0.000645692
 0.000645687
-0.000246625
 -0.00079811
-0.000246625
 0.000645687
 0.000645692
-0.000246618
-0.000798093
-0.000246618
 0.000645692
 0.000645687
-0.000246625
 -0.00079811
-0.000246625
 0.000645687
 0.000645692
-0.000246618
-0.000354725
-0.000109621
 0.000286968
 0.000286965
-0.000109626
-0.000354735
-0.000109626
 0.000286965
 0.000286968
-0.000109621
-0.000354725
-0.000109621
 0.000286968
 0.000286965
-0.000109626
-0.000354735
-0.000109626
 0.000286965
 0.000286968
-0.000109621
-0.000354725
-0.000109621
 0.000286968
 0.000286965
-0.000109626
-0.000354735
-0.000109626
 0.000286965
 0.000286968
-0.000109621
-0.000354725
-0.000109621
 0.000286968
 0.000286965
-0.000109626
-0.000354735
-0.000109626
 0.000286965
 0.000286968
-0.000109621
