  -0.0134716
  -0.0128005
 -0.00933901
 -0.00384178
  0.00249287
  0.00828416
   0.0122696
   0.0135804
   0.0119308
  0.00768054
  0.00175599
 -0.00455133
 -0.00986653
   -0.013031
  -0.0133548
  -0.0107675
 -0.00583295
 0.000373046
  0.00649777
   0.0112061
   0.0134716
   0.0128005
  0.00933901
  0.00384178
 -0.00249287
 -0.00828416
  -0.0122696
  -0.0135804
  -0.0119308
 -0.00768054
 -0.00175599
  0.00455133
  0.00986653
    0.013031
   0.0133548
   0.0107675
  0.00583295
-0.000373046
 -0.00649777
  -0.0112061
  -0.0183191
  -0.0174066
  -0.0126995
 -0.00522419
   0.0033899
   0.0112651
   0.0166846
   0.0184671
    0.016224
   0.0104443
  0.00238786
 -0.00618907
  -0.0134169
    -0.01772
  -0.0181604
  -0.0146421
 -0.00793188
 0.000507274
   0.0088359
   0.0152385
   0.0183191
   0.0174066
   0.0126995
  0.00522419
  -0.0033899
  -0.0112651
  -0.0166846
  -0.0184671
   -0.016224
  -0.0104443
 -0.00238786
  0.00618907
   0.0134169
     0.01772
   0.0181604
   0.0146421
  0.00793188
-0.000507274
  -0.0088359
  -0.0152385
  -0.0240122
  -0.0228161
  -0.0166462
 -0.00684771
   0.0044434
    0.014766
   0.0218698
   0.0242062
   0.0212659
   0.0136901
  0.00312994
 -0.00811247
  -0.0175865
  -0.0232269
  -0.0238042
  -0.0191924
  -0.0103969
 0.000664912
   0.0115819
   0.0199742
   0.0240122
   0.0228161
   0.0166462
  0.00684771
  -0.0044434
   -0.014766
  -0.0218698
  -0.0242062
  -0.0212659
  -0.0136901
 -0.00312994
  0.00811247
   0.0175865
   0.0232269
   0.0238042
   0.0191924
   0.0103969
-0.000664912
  -0.0115819
  -0.0199742
  -0.0295495
  -0.0280776
  -0.0204848
 -0.00842681
  0.00546808
   0.0181712
    0.026913
   0.0297882
   0.0261699
   0.0168471
  0.00385171
 -0.00998324
  -0.0216419
  -0.0285831
  -0.0292935
  -0.0236183
  -0.0127945
 0.000818231
   0.0142527
   0.0245803
   0.0295495
   0.0280776
   0.0204848
  0.00842681
 -0.00546808
  -0.0181712
   -0.026913
  -0.0297882
  -0.0261699
  -0.0168471
 -0.00385171
  0.00998324
   0.0216419
   0.0285831
   0.0292935
   0.0236183
   0.0127945
-0.000818231
  -0.0142527
  -0.0245803
  -0.0323894
   -0.030776
  -0.0224535
 -0.00923667
  0.00599363
   0.0199176
   0.0294996
    0.032651
    0.028685
   0.0184662
  0.00422189
  -0.0109427
  -0.0237218
  -0.0313302
  -0.0321088
  -0.0258883
  -0.0140242
 0.000896854
   0.0156224
   0.0269426
   0.0323894
    0.030776
   0.0224535
  0.00923667
 -0.00599363
  -0.0199176
  -0.0294996
   -0.032651
   -0.028685
  -0.0184662
 -0.00422189
   0.0109427
   0.0237218
   0.0313302
   0.0321088
   0.0258883
   0.0140242
-0.000896854
  -0.0156224
  -0.0269426
  -0.0275609
  -0.0261881
  -0.0191062
 -0.00785968
  0.00510017
   0.0169484
    0.025102
   0.0277836
   0.0244087
   0.0157133
  0.00359251
 -0.00931141
  -0.0201855
  -0.0266596
  -0.0273223
   -0.022029
  -0.0119336
 0.000763133
   0.0132935
   0.0229262
   0.0275609
   0.0261881
   0.0191062
  0.00785968
 -0.00510017
  -0.0169484
   -0.025102
  -0.0277836
  -0.0244087
  -0.0157133
 -0.00359251
  0.00931141
   0.0201855
   0.0266596
   0.0273223
    0.022029
   0.0119336
-0.000763133
  -0.0132935
  -0.0229262
 -0.00782931
 -0.00743942
 -0.00542753
 -0.00223269
  0.00144893
  0.00481475
  0.00713087
  0.00789257
  0.00693376
  0.00446375
  0.00102053
 -0.00264511
 -0.00573406
 -0.00757329
 -0.00776164
 -0.00625807
 -0.00339013
 0.000216744
  0.00377631
   0.0065128
  0.00782931
  0.00743942
  0.00542753
  0.00223269
 -0.00144893
 -0.00481475
 -0.00713087
 -0.00789257
 -0.00693376
 -0.00446375
 -0.00102053
  0.00264511
  0.00573406
  0.00757329
  0.00776164
  0.00625807
  0.00339013
-0.000216744
 -0.00377631
  -0.0065128
   0.0316816
   0.0301034
   0.0219629
   0.0090349
 -0.00586246
  -0.0194821
  -0.0288548
  -0.0319376
  -0.0280583
  -0.0180627
 -0.00412963
   0.0107036
   0.0232036
   0.0306455
    0.031407
   0.0253222
   0.0137175
-0.000877326
   -0.015281
  -0.0263538
  -0.0316816
  -0.0301034
  -0.0219629
  -0.0090349
  0.00586246
   0.0194821
   0.0288548
   0.0319376
   0.0280583
   0.0180627
  0.00412963
  -0.0107036
  -0.0232036
  -0.0306455
   -0.031407
  -0.0253222
  -0.0137175
 0.000877326
    0.015281
   0.0263538
   0.0799021
   0.0759221
   0.0553911
   0.0227862
  -0.0147856
  -0.0491349
  -0.0727731
  -0.0805476
  -0.0707636
  -0.0455548
  -0.0104151
   0.0269949
     0.05852
   0.0772891
   0.0792099
   0.0638641
   0.0345963
 -0.00221254
  -0.0385392
  -0.0664654
  -0.0799021
  -0.0759221
  -0.0553911
  -0.0227862
   0.0147856
   0.0491349
   0.0727731
   0.0805476
   0.0707636
   0.0455548
   0.0104151
  -0.0269949
    -0.05852
  -0.0772891
  -0.0792099
  -0.0638641
  -0.0345963
  0.00221254
   0.0385392
   0.0664654
   0.0953435
   0.0905945
   0.0660955
   0.0271897
  -0.0176431
  -0.0586306
  -0.0868369
  -0.0961137
  -0.0844388
  -0.0543584
  -0.0124278
   0.0322117
   0.0698291
   0.0922255
   0.0945177
   0.0762063
   0.0412823
 -0.00264008
   -0.045987
  -0.0793102
  -0.0953435
  -0.0905945
  -0.0660955
  -0.0271897
   0.0176431
   0.0586306
   0.0868369
   0.0961137
   0.0844388
   0.0543584
   0.0124278
  -0.0322117
  -0.0698291
  -0.0922255
  -0.0945177
  -0.0762063
  -0.0412823
  0.00264008
    0.045987
   0.0793102
   0.0349453
   0.0332047
   0.0242254
  0.00996553
  -0.0064667
  -0.0214894
  -0.0318275
  -0.0352275
  -0.0309484
  -0.0199234
 -0.00455505
   0.0118061
   0.0255936
   0.0338024
   0.0346427
   0.0279313
   0.0151309
-0.000967625
  -0.0168553
  -0.0290688
  -0.0349453
  -0.0332047
  -0.0242254
 -0.00996553
   0.0064667
   0.0214894
   0.0318275
   0.0352275
   0.0309484
   0.0199234
  0.00455505
  -0.0118061
  -0.0255936
  -0.0338024
  -0.0346427
  -0.0279313
  -0.0151309
 0.000967625
   0.0168553
   0.0290688
  -0.0551892
  -0.0524405
  -0.0382589
  -0.0157387
   0.0102124
   0.0339381
   0.0502653
   0.0556353
   0.0488772
   0.0314655
   0.0071938
  -0.0186459
  -0.0404204
  -0.0533846
  -0.0547113
  -0.0441117
  -0.0238959
  0.00152821
   0.0266192
   0.0459086
   0.0551892
   0.0524405
   0.0382589
   0.0157387
  -0.0102124
  -0.0339381
  -0.0502653
  -0.0556353
  -0.0488772
  -0.0314655
  -0.0071938
   0.0186459
   0.0404204
   0.0533846
   0.0547113
   0.0441117
   0.0238959
 -0.00152821
  -0.0266192
  -0.0459086
  -0.0551892
  -0.0524405
  -0.0382589
  -0.0157387
   0.0102124
   0.0339381
   0.0502653
   0.0556353
   0.0488772
   0.0314655
   0.0071938
  -0.0186459
  -0.0404204
  -0.0533846
  -0.0547113
  -0.0441117
  -0.0238959
  0.00152821
   0.0266192
   0.0459086
   0.0551892
   0.0524405
   0.0382589
   0.0157387
  -0.0102124
  -0.0339381
  -0.0502653
  -0.0556353
  -0.0488772
  -0.0314655
  -0.0071938
   0.0186459
   0.0404204
   0.0533846
   0.0547113
   0.0441117
   0.0238959
 -0.00152821
  -0.0266192
  -0.0459086
   0.0349453
   0.0332047
   0.0242254
  0.00996553
  -0.0064667
  -0.0214894
  -0.0318275
  -0.0352275
  -0.0309484
  -0.0199234
 -0.00455505
   0.0118061
   0.0255936
   0.0338024
   0.0346427
   0.0279313
   0.0151309
-0.000967625
  -0.0168553
  -0.0290688
  -0.0349453
  -0.0332047
  -0.0242254
 -0.00996553
   0.0064667
   0.0214894
   0.0318275
   0.0352275
   0.0309484
   0.0199234
  0.00455505
  -0.0118061
  -0.0255936
  -0.0338024
  -0.0346427
  -0.0279313
  -0.0151309
 0.000967625
   0.0168553
   0.0290688
   0.0953435
   0.0905945
   0.0660955
   0.0271897
  -0.0176431
  -0.0586306
  -0.0868369
  -0.0961137
  -0.0844388
  -0.0543584
  -0.0124278
   0.0322117
   0.0698291
   0.0922255
   0.0945177
   0.0762063
   0.0412823
 -0.00264008
   -0.045987
  -0.0793102
  -0.0953435
  -0.0905945
  -0.0660955
  -0.0271897
   0.0176431
   0.0586306
   0.0868369
   0.0961137
   0.0844388
   0.0543584
   0.0124278
  -0.0322117
  -0.0698291
  -0.0922255
  -0.0945177
  -0.0762063
  -0.0412823
  0.00264008
    0.045987
   0.0793102
   0.0799021
   0.0759221
   0.0553911
   0.0227862
  -0.0147856
  -0.0491349
  -0.0727731
  -0.0805476
  -0.0707636
  -0.0455548
  -0.0104151
   0.0269949
     0.05852
   0.0772891
   0.0792099
   0.0638641
   0.0345963
 -0.00221254
  -0.0385392
  -0.0664654
  -0.0799021
  -0.0759221
  -0.0553911
  -0.0227862
   0.0147856
   0.0491349
   0.0727731
   0.0805476
   0.0707636
   0.0455548
   0.0104151
  -0.0269949
    -0.05852
  -0.0772891
  -0.0792099
  -0.0638641
  -0.0345963
  0.00221254
   0.0385392
   0.0664654
   0.0316816
   0.0301034
   0.0219629
   0.0090349
 -0.00586246
  -0.0194821
  -0.0288548
  -0.0319376
  -0.0280583
  -0.0180627
 -0.00412963
   0.0107036
   0.0232036
   0.0306455
    0.031407
   0.0253222
   0.0137175
-0.000877326
   -0.015281
  -0.0263538
  -0.0316816
  -0.0301034
  -0.0219629
  -0.0090349
  0.00586246
   0.0194821
   0.0288548
   0.0319376
   0.0280583
   0.0180627
  0.00412963
  -0.0107036
  -0.0232036
  -0.0306455
   -0.031407
  -0.0253222
  -0.0137175
 0.000877326
    0.015281
   0.0263538
 -0.00782931
 -0.00743942
 -0.00542753
 -0.00223269
  0.00144893
  0.00481475
  0.00713087
  0.00789257
  0.00693376
  0.00446375
  0.00102053
 -0.00264511
 -0.00573406
 -0.00757329
 -0.00776164
 -0.00625807
 -0.00339013
 0.000216744
  0.00377631
   0.0065128
  0.00782931
  0.00743942
  0.00542753
  0.00223269
 -0.00144893
 -0.00481475
 -0.00713087
 -0.00789257
 -0.00693376
 -0.00446375
 -0.00102053
  0.00264511
  0.00573406
  0.00757329
  0.00776164
  0.00625807
  0.00339013
-0.000216744
 -0.00377631
  -0.0065128
  -0.0275609
  -0.0261881
  -0.0191062
 -0.00785968
  0.00510017
   0.0169484
    0.025102
   0.0277836
   0.0244087
   0.0157133
  0.00359251
 -0.00931141
  -0.0201855
  -0.0266596
  -0.0273223
   -0.022029
  -0.0119336
 0.000763133
   0.0132935
   0.0229262
   0.0275609
   0.0261881
   0.0191062
  0.00785968
 -0.00510017
  -0.0169484
   -0.025102
  -0.0277836
  -0.0244087
  -0.0157133
 -0.00359251
  0.00931141
   0.0201855
   0.0266596
   0.0273223
    0.022029
   0.0119336
-0.000763133
  -0.0132935
  -0.0229262
  -0.0323894
   -0.030776
  -0.0224535
 -0.00923667
  0.00599363
   0.0199176
   0.0294996
    0.032651
    0.028685
   0.0184662
  0.00422189
  -0.0109427
  -0.0237218
  -0.0313302
  -0.0321088
  -0.0258883
  -0.0140242
 0.000896854
   0.0156224
   0.0269426
   0.0323894
    0.030776
   0.0224535
  0.00923667
 -0.00599363
  -0.0199176
  -0.0294996
   -0.032651
   -0.028685
  -0.0184662
 -0.00422189
   0.0109427
   0.0237218
   0.0313302
   0.0321088
   0.0258883
   0.0140242
-0.000896854
  -0.0156224
  -0.0269426
  -0.0295495
  -0.0280776
  -0.0204848
 -0.00842681
  0.00546808
   0.0181712
    0.026913
   0.0297882
   0.0261699
   0.0168471
  0.00385171
 -0.00998324
  -0.0216419
  -0.0285831
  -0.0292935
  -0.0236183
  -0.0127945
 0.000818231
   0.0142527
   0.0245803
   0.0295495
   0.0280776
   0.0204848
  0.00842681
 -0.00546808
  -0.0181712
   -0.026913
  -0.0297882
  -0.0261699
  -0.0168471
 -0.00385171
  0.00998324
   0.0216419
   0.0285831
   0.0292935
   0.0236183
   0.0127945
-0.000818231
  -0.0142527
  -0.0245803
  -0.0240122
  -0.0228161
  -0.0166462
 -0.00684771
   0.0044434
    0.014766
   0.0218698
   0.0242062
   0.0212659
   0.0136901
  0.00312994
 -0.00811247
  -0.0175865
  -0.0232269
  -0.0238042
  -0.0191924
  -0.0103969
 0.000664912
   0.0115819
   0.0199742
   0.0240122
   0.0228161
   0.0166462
  0.00684771
  -0.0044434
   -0.014766
  -0.0218698
  -0.0242062
  -0.0212659
  -0.0136901
 -0.00312994
  0.00811247
   0.0175865
   0.0232269
   0.0238042
   0.0191924
   0.0103969
-0.000664912
  -0.0115819
  -0.0199742
  -0.0183191
  -0.0174066
  -0.0126995
 -0.00522419
   0.0033899
   0.0112651
   0.0166846
   0.0184671
    0.016224
   0.0104443
  0.00238786
 -0.00618907
  -0.0134169
    -0.01772
  -0.0181604
  -0.0146421
 -0.00793188
 0.000507274
   0.0088359
   0.0152385
   0.0183191
   0.0174066
   0.0126995
  0.00522419
  -0.0033899
  -0.0112651
  -0.0166846
  -0.0184671
   -0.016224
  -0.0104443
 -0.00238786
  0.00618907
   0.0134169
     0.01772
   0.0181604
   0.0146421
  0.00793188
-0.000507274
  -0.0088359
  -0.0152385
  -0.0134716
  -0.0128005
 -0.00933901
 -0.00384178
  0.00249287
  0.00828416
   0.0122696
   0.0135804
   0.0119308
  0.00768054
  0.00175599
 -0.00455133
 -0.00986653
   -0.013031
  -0.0133548
  -0.0107675
 -0.00583295
 0.000373046
  0.00649777
   0.0112061
   0.0134716
   0.0128005
  0.00933901
  0.00384178
 -0.00249287
 -0.00828416
  -0.0122696
  -0.0135804
  -0.0119308
 -0.00768054
 -0.00175599
  0.00455133
  0.00986653
    0.013031
   0.0133548
   0.0107675
  0.00583295
-0.000373046
 -0.00649777
  -0.0112061
