  0.00063563
  0.00011049
-0.000535353
-0.000596623
-6.41637e-06
 0.000590756
 0.000542764
-9.79743e-05
-0.000631764
-0.000475685
 0.000199827
 0.000657112
 0.000396817
-0.000296804
-0.000666292
-0.000308159
 0.000386514
  0.00065913
 0.000211992
-0.000466614
 -0.00063563
 -0.00011049
 0.000535353
 0.000596623
 6.41637e-06
-0.000590756
-0.000542764
 9.79743e-05
 0.000631764
 0.000475685
-0.000199827
-0.000657112
-0.000396817
 0.000296804
 0.000666292
 0.000308159
-0.000386514
 -0.00065913
-0.000211992
 0.000466614
  0.00129955
 0.000225938
 -0.00109445
 -0.00121971
-1.30694e-05
  0.00120781
  0.00110969
-0.000200263
 -0.00129157
-0.000972485
 0.000408548
  0.00134343
 0.000811262
-0.000606812
 -0.00136221
-0.000630037
 0.000790177
  0.00134752
 0.000433367
-0.000954006
 -0.00129955
-0.000225938
  0.00109445
  0.00121971
 1.30694e-05
 -0.00120781
 -0.00110969
 0.000200263
  0.00129157
 0.000972485
-0.000408548
 -0.00134343
-0.000811262
 0.000606812
  0.00136221
 0.000630037
-0.000790177
 -0.00134752
-0.000433367
 0.000954006
  0.00260905
 0.000453648
 -0.00219717
 -0.00244865
-2.61871e-05
  0.00242487
  0.00222788
-0.000402005
 -0.00259293
 -0.00195235
  0.00082022
  0.00269709
  0.00162869
 -0.00121826
 -0.00273482
  -0.0012649
  0.00158634
  0.00270526
 0.000869994
 -0.00191532
 -0.00260905
-0.000453648
  0.00219717
  0.00244865
 2.61871e-05
 -0.00242487
 -0.00222788
 0.000402005
  0.00259293
  0.00195235
 -0.00082022
 -0.00269709
 -0.00162869
  0.00121826
  0.00273482
   0.0012649
 -0.00158634
 -0.00270526
-0.000869994
  0.00191532
   0.0050592
 0.000879713
 -0.00426044
 -0.00474808
 -5.0729e-05
  0.00470208
   0.0043201
-0.000779474
 -0.00502786
 -0.00378573
  0.00159049
  0.00522989
  0.00315815
 -0.00236233
 -0.00530307
 -0.00245277
  0.00307602
  0.00524569
  0.00168695
   -0.003714
  -0.0050592
-0.000879713
  0.00426044
  0.00474808
  5.0729e-05
 -0.00470208
  -0.0043201
 0.000779474
  0.00502786
  0.00378573
 -0.00159049
 -0.00522989
 -0.00315815
  0.00236233
  0.00530307
  0.00245277
 -0.00307602
 -0.00524569
 -0.00168695
    0.003714
  0.00922349
  0.00160386
 -0.00776716
 -0.00865621
-9.24398e-05
  0.00857243
  0.00787604
 -0.00142102
 -0.00916627
 -0.00690176
  0.00289964
  0.00953463
  0.00575761
 -0.00430679
 -0.00966808
 -0.00447168
  0.00560789
  0.00956343
  0.00307546
 -0.00677106
 -0.00922349
 -0.00160386
  0.00776716
  0.00865621
 9.24398e-05
 -0.00857243
 -0.00787604
  0.00142102
  0.00916627
  0.00690176
 -0.00289964
 -0.00953463
 -0.00575761
  0.00430679
  0.00966808
  0.00447168
 -0.00560789
 -0.00956343
 -0.00307546
  0.00677106
   0.0150667
  0.00261997
  -0.0126877
    -0.01414
-0.000150962
   0.0140032
   0.0128657
  -0.0023212
  -0.0149731
  -0.0112741
  0.00473661
   0.0155749
  0.00940509
 -0.00703523
   -0.015793
 -0.00730457
  0.00916054
    0.015622
  0.00502377
  -0.0110607
  -0.0150667
 -0.00261997
   0.0126877
     0.01414
 0.000150962
  -0.0140032
  -0.0128657
   0.0023212
   0.0149731
   0.0112741
 -0.00473661
  -0.0155749
 -0.00940509
  0.00703523
    0.015793
  0.00730457
 -0.00916054
   -0.015622
 -0.00502377
   0.0110607
   0.0198714
  0.00345553
  -0.0167336
   -0.018649
-0.000199047
   0.0184688
   0.0169685
 -0.00306133
  -0.0197478
  -0.0148693
  0.00624708
   0.0205417
   0.0124042
 -0.00927873
  -0.0208292
 -0.00963397
   0.0120817
   0.0206036
  0.00662574
  -0.0145879
  -0.0198714
 -0.00345553
   0.0167336
    0.018649
 0.000199047
  -0.0184688
  -0.0169685
  0.00306133
   0.0197478
   0.0148693
 -0.00624708
  -0.0205417
  -0.0124042
  0.00927873
   0.0208292
  0.00963397
  -0.0120817
  -0.0206036
 -0.00662574
   0.0145879
   0.0146286
    0.002544
  -0.0123183
  -0.0137284
-0.000146369
   0.0135962
   0.0124916
 -0.00225345
  -0.0145373
   -0.010946
  0.00459887
   0.0151219
  0.00913136
 -0.00683068
  -0.0153337
 -0.00709223
  0.00889397
   0.0151674
  0.00487744
  -0.0107391
  -0.0146286
   -0.002544
   0.0123183
   0.0137284
 0.000146369
  -0.0135962
  -0.0124916
  0.00225345
   0.0145373
    0.010946
 -0.00459887
  -0.0151219
 -0.00913136
  0.00683068
   0.0153337
  0.00709223
 -0.00889397
  -0.0151674
 -0.00487744
   0.0107391
   -0.015935
 -0.00277047
     0.01342
   0.0149559
 0.000160195
  -0.0148101
   -0.013607
  0.00245552
    0.015837
   0.0119244
 -0.00500958
  -0.0164729
 -0.00994757
  0.00744071
   0.0167034
  0.00772545
 -0.00968903
  -0.0165231
  -0.0053139
   0.0116979
    0.015935
  0.00277047
    -0.01342
  -0.0149559
-0.000160195
   0.0148101
    0.013607
 -0.00245552
   -0.015837
  -0.0119244
  0.00500958
   0.0164729
  0.00994757
 -0.00744071
  -0.0167034
 -0.00772545
  0.00968903
   0.0165231
   0.0053139
  -0.0116979
  -0.0742249
  -0.0129062
   0.0625067
   0.0696613
 0.000744719
  -0.0689857
  -0.0633815
   0.0114361
   0.0737655
   0.0555421
  -0.0233345
  -0.0767296
   -0.046334
   0.0346587
   0.0778034
   0.0359854
  -0.0451298
  -0.0769619
  -0.0247503
   0.0544892
   0.0742249
   0.0129062
  -0.0625067
  -0.0696613
-0.000744719
   0.0689857
   0.0633815
  -0.0114361
  -0.0737655
  -0.0555421
   0.0233345
   0.0767296
    0.046334
  -0.0346587
  -0.0778034
  -0.0359854
   0.0451298
   0.0769619
   0.0247503
  -0.0544892
   -0.112454
  -0.0195538
   0.0946995
    0.105539
  0.00112797
   -0.104517
  -0.0960259
   0.0173258
    0.111757
   0.0841483
  -0.0353528
   -0.116248
  -0.0701976
   0.0525094
    0.117875
   0.0545195
  -0.0683733
     -0.1166
  -0.0374973
   0.0825537
    0.112454
   0.0195538
  -0.0946995
   -0.105539
 -0.00112797
    0.104517
   0.0960259
  -0.0173258
   -0.111757
  -0.0841483
   0.0353528
    0.116248
   0.0701976
  -0.0525094
   -0.117875
  -0.0545195
   0.0683733
      0.1166
   0.0374973
  -0.0825537
  -0.0581943
  -0.0101191
   0.0490064
   0.0546159
 0.000583671
  -0.0540868
  -0.0496929
  0.00896595
   0.0578336
   0.0435463
  -0.0182949
   -0.060158
  -0.0363268
   0.0271734
   0.0609999
   0.0282136
  -0.0353828
  -0.0603399
  -0.0194046
   0.0427212
   0.0581943
   0.0101191
  -0.0490064
  -0.0546159
-0.000583671
   0.0540868
   0.0496929
 -0.00896595
  -0.0578336
  -0.0435463
   0.0182949
    0.060158
   0.0363268
  -0.0271734
  -0.0609999
  -0.0282136
   0.0353828
   0.0603399
   0.0194046
  -0.0427212
   0.0581943
   0.0101191
  -0.0490064
  -0.0546159
-0.000583671
   0.0540868
   0.0496929
 -0.00896595
  -0.0578336
  -0.0435463
   0.0182949
    0.060158
   0.0363268
  -0.0271734
  -0.0609999
  -0.0282136
   0.0353828
   0.0603399
   0.0194046
  -0.0427212
  -0.0581943
  -0.0101191
   0.0490064
   0.0546159
 0.000583671
  -0.0540868
  -0.0496929
  0.00896595
   0.0578336
   0.0435463
  -0.0182949
   -0.060158
  -0.0363268
   0.0271734
   0.0609999
   0.0282136
  -0.0353828
  -0.0603399
  -0.0194046
   0.0427212
    0.112454
   0.0195538
  -0.0946995
   -0.105539
 -0.00112797
    0.104517
   0.0960259
  -0.0173258
   -0.111757
  -0.0841483
   0.0353528
    0.116248
   0.0701976
  -0.0525094
   -0.117875
  -0.0545195
   0.0683733
      0.1166
   0.0374973
  -0.0825537
   -0.112454
  -0.0195538
   0.0946995
    0.105539
  0.00112797
   -0.104517
  -0.0960259
   0.0173258
    0.111757
   0.0841483
  -0.0353528
   -0.116248
  -0.0701976
   0.0525094
    0.117875
   0.0545195
  -0.0683733
     -0.1166
  -0.0374973
   0.0825537
   0.0742249
   0.0129062
  -0.0625067
  -0.0696613
-0.000744719
   0.0689857
   0.0633815
  -0.0114361
  -0.0737655
  -0.0555421
   0.0233345
   0.0767296
    0.046334
  -0.0346587
  -0.0778034
  -0.0359854
   0.0451298
   0.0769619
   0.0247503
  -0.0544892
  -0.0742249
  -0.0129062
   0.0625067
   0.0696613
 0.000744719
  -0.0689857
  -0.0633815
   0.0114361
   0.0737655
   0.0555421
  -0.0233345
  -0.0767296
   -0.046334
   0.0346587
   0.0778034
   0.0359854
  -0.0451298
  -0.0769619
  -0.0247503
   0.0544892
    0.015935
  0.00277047
    -0.01342
  -0.0149559
-0.000160195
   0.0148101
    0.013607
 -0.00245552
   -0.015837
  -0.0119244
  0.00500958
   0.0164729
  0.00994757
 -0.00744071
  -0.0167034
 -0.00772545
  0.00968903
   0.0165231
   0.0053139
  -0.0116979
   -0.015935
 -0.00277047
     0.01342
   0.0149559
 0.000160195
  -0.0148101
   -0.013607
  0.00245552
    0.015837
   0.0119244
 -0.00500958
  -0.0164729
 -0.00994757
  0.00744071
   0.0167034
  0.00772545
 -0.00968903
  -0.0165231
  -0.0053139
   0.0116979
  -0.0146286
   -0.002544
   0.0123183
   0.0137284
 0.000146369
  -0.0135962
  -0.0124916
  0.00225345
   0.0145373
    0.010946
 -0.00459887
  -0.0151219
 -0.00913136
  0.00683068
   0.0153337
  0.00709223
 -0.00889397
  -0.0151674
 -0.00487744
   0.0107391
   0.0146286
    0.002544
  -0.0123183
  -0.0137284
-0.000146369
   0.0135962
   0.0124916
 -0.00225345
  -0.0145373
   -0.010946
  0.00459887
   0.0151219
  0.00913136
 -0.00683068
  -0.0153337
 -0.00709223
  0.00889397
   0.0151674
  0.00487744
  -0.0107391
  -0.0198714
 -0.00345553
   0.0167336
    0.018649
 0.000199047
  -0.0184688
  -0.0169685
  0.00306133
   0.0197478
   0.0148693
 -0.00624708
  -0.0205417
  -0.0124042
  0.00927873
   0.0208292
  0.00963397
  -0.0120817
  -0.0206036
 -0.00662574
   0.0145879
   0.0198714
  0.00345553
  -0.0167336
   -0.018649
-0.000199047
   0.0184688
   0.0169685
 -0.00306133
  -0.0197478
  -0.0148693
  0.00624708
   0.0205417
   0.0124042
 -0.00927873
  -0.0208292
 -0.00963397
   0.0120817
   0.0206036
  0.00662574
  -0.0145879
  -0.0150667
 -0.00261997
   0.0126877
     0.01414
 0.000150962
  -0.0140032
  -0.0128657
   0.0023212
   0.0149731
   0.0112741
 -0.00473661
  -0.0155749
 -0.00940509
  0.00703523
    0.015793
  0.00730457
 -0.00916054
   -0.015622
 -0.00502377
   0.0110607
   0.0150667
  0.00261997
  -0.0126877
    -0.01414
-0.000150962
   0.0140032
   0.0128657
  -0.0023212
  -0.0149731
  -0.0112741
  0.00473661
   0.0155749
  0.00940509
 -0.00703523
   -0.015793
 -0.00730457
  0.00916054
    0.015622
  0.00502377
  -0.0110607
 -0.00922349
 -0.00160386
  0.00776716
  0.00865621
 9.24398e-05
 -0.00857243
 -0.00787604
  0.00142102
  0.00916627
  0.00690176
 -0.00289964
 -0.00953463
 -0.00575761
  0.00430679
  0.00966808
  0.00447168
 -0.00560789
 -0.00956343
 -0.00307546
  0.00677106
  0.00922349
  0.00160386
 -0.00776716
 -0.00865621
-9.24398e-05
  0.00857243
  0.00787604
 -0.00142102
 -0.00916627
 -0.00690176
  0.00289964
  0.00953463
  0.00575761
 -0.00430679
 -0.00966808
 -0.00447168
  0.00560789
  0.00956343
  0.00307546
 -0.00677106
  -0.0050592
-0.000879713
  0.00426044
  0.00474808
  5.0729e-05
 -0.00470208
  -0.0043201
 0.000779474
  0.00502786
  0.00378573
 -0.00159049
 -0.00522989
 -0.00315815
  0.00236233
  0.00530307
  0.00245277
 -0.00307602
 -0.00524569
 -0.00168695
    0.003714
   0.0050592
 0.000879713
 -0.00426044
 -0.00474808
 -5.0729e-05
  0.00470208
   0.0043201
-0.000779474
 -0.00502786
 -0.00378573
  0.00159049
  0.00522989
  0.00315815
 -0.00236233
 -0.00530307
 -0.00245277
  0.00307602
  0.00524569
  0.00168695
   -0.003714
 -0.00260905
-0.000453648
  0.00219717
  0.00244865
 2.61871e-05
 -0.00242487
 -0.00222788
 0.000402005
  0.00259293
  0.00195235
 -0.00082022
 -0.00269709
 -0.00162869
  0.00121826
  0.00273482
   0.0012649
 -0.00158634
 -0.00270526
-0.000869994
  0.00191532
  0.00260905
 0.000453648
 -0.00219717
 -0.00244865
-2.61871e-05
  0.00242487
  0.00222788
-0.000402005
 -0.00259293
 -0.00195235
  0.00082022
  0.00269709
  0.00162869
 -0.00121826
 -0.00273482
  -0.0012649
  0.00158634
  0.00270526
 0.000869994
 -0.00191532
 -0.00129955
-0.000225938
  0.00109445
  0.00121971
 1.30694e-05
 -0.00120781
 -0.00110969
 0.000200263
  0.00129157
 0.000972485
-0.000408548
 -0.00134343
-0.000811262
 0.000606812
  0.00136221
 0.000630037
-0.000790177
 -0.00134752
-0.000433367
 0.000954006
  0.00129955
 0.000225938
 -0.00109445
 -0.00121971
-1.30694e-05
  0.00120781
  0.00110969
-0.000200263
 -0.00129157
-0.000972485
 0.000408548
  0.00134343
 0.000811262
-0.000606812
 -0.00136221
-0.000630037
 0.000790177
  0.00134752
 0.000433367
-0.000954006
 -0.00063563
 -0.00011049
 0.000535353
 0.000596623
 6.41637e-06
-0.000590756
-0.000542764
 9.79743e-05
 0.000631764
 0.000475685
-0.000199827
-0.000657112
-0.000396817
 0.000296804
 0.000666292
 0.000308159
-0.000386514
 -0.00065913
-0.000211992
 0.000466614
  0.00063563
  0.00011049
-0.000535353
-0.000596623
-6.41637e-06
 0.000590756
 0.000542764
-9.79743e-05
-0.000631764
-0.000475685
 0.000199827
 0.000657112
 0.000396817
-0.000296804
-0.000666292
-0.000308159
 0.000386514
  0.00065913
 0.000211992
-0.000466614
