-0.00243164
-0.00243162
-0.00243164
-0.00243163
-0.00243162
-0.00243161
-0.00243162
-0.00243163
-0.00243164
-0.00243162
-0.00243164
-0.00243162
-0.00243164
-0.00243163
-0.00243162
-0.00243161
-0.00243162
-0.00243163
-0.00243164
-0.00243162
-0.00243164
-0.00243162
-0.00243164
-0.00243163
-0.00243162
-0.00243161
-0.00243162
-0.00243163
-0.00243164
-0.00243162
-0.00243164
-0.00243162
-0.00243164
-0.00243163
-0.00243162
-0.00243161
-0.00243162
-0.00243163
-0.00243164
-0.00243162
-0.00573095
-0.00573093
-0.00573095
-0.00573093
-0.00573093
-0.00573092
-0.00573093
-0.00573093
-0.00573095
-0.00573093
-0.00573095
-0.00573093
-0.00573095
-0.00573093
-0.00573093
-0.00573092
-0.00573093
-0.00573093
-0.00573095
-0.00573093
-0.00573095
-0.00573093
-0.00573095
-0.00573093
-0.00573093
-0.00573092
-0.00573093
-0.00573093
-0.00573095
-0.00573093
-0.00573095
-0.00573093
-0.00573095
-0.00573093
-0.00573093
-0.00573092
-0.00573093
-0.00573093
-0.00573095
-0.00573093
  -0.010667
  -0.010667
  -0.010667
  -0.010667
  -0.010667
  -0.010667
  -0.010667
  -0.010667
  -0.010667
  -0.010667
  -0.010667
  -0.010667
  -0.010667
  -0.010667
  -0.010667
  -0.010667
  -0.010667
  -0.010667
  -0.010667
  -0.010667
  -0.010667
  -0.010667
  -0.010667
  -0.010667
  -0.010667
  -0.010667
  -0.010667
  -0.010667
  -0.010667
  -0.010667
  -0.010667
  -0.010667
  -0.010667
  -0.010667
  -0.010667
  -0.010667
  -0.010667
  -0.010667
  -0.010667
  -0.010667
 -0.0177667
 -0.0177667
 -0.0177667
 -0.0177667
 -0.0177667
 -0.0177667
 -0.0177667
 -0.0177667
 -0.0177667
 -0.0177667
 -0.0177667
 -0.0177667
 -0.0177667
 -0.0177667
 -0.0177667
 -0.0177667
 -0.0177667
 -0.0177667
 -0.0177667
 -0.0177667
 -0.0177667
 -0.0177667
 -0.0177667
 -0.0177667
 -0.0177667
 -0.0177667
 -0.0177667
 -0.0177667
 -0.0177667
 -0.0177667
 -0.0177667
 -0.0177667
 -0.0177667
 -0.0177667
 -0.0177667
 -0.0177667
 -0.0177667
 -0.0177667
 -0.0177667
 -0.0177667
 -0.0273522
 -0.0273522
 -0.0273522
 -0.0273522
 -0.0273522
 -0.0273522
 -0.0273522
 -0.0273522
 -0.0273522
 -0.0273522
 -0.0273522
 -0.0273522
 -0.0273522
 -0.0273522
 -0.0273522
 -0.0273522
 -0.0273522
 -0.0273522
 -0.0273522
 -0.0273522
 -0.0273522
 -0.0273522
 -0.0273522
 -0.0273522
 -0.0273522
 -0.0273522
 -0.0273522
 -0.0273522
 -0.0273522
 -0.0273522
 -0.0273522
 -0.0273522
 -0.0273522
 -0.0273522
 -0.0273522
 -0.0273522
 -0.0273522
 -0.0273522
 -0.0273522
 -0.0273522
 -0.0388024
 -0.0388025
 -0.0388023
 -0.0388023
 -0.0388024
 -0.0388025
 -0.0388024
 -0.0388023
 -0.0388023
 -0.0388025
 -0.0388024
 -0.0388025
 -0.0388023
 -0.0388023
 -0.0388024
 -0.0388025
 -0.0388024
 -0.0388023
 -0.0388023
 -0.0388025
 -0.0388024
 -0.0388025
 -0.0388023
 -0.0388023
 -0.0388024
 -0.0388025
 -0.0388024
 -0.0388023
 -0.0388023
 -0.0388025
 -0.0388024
 -0.0388025
 -0.0388023
 -0.0388023
 -0.0388024
 -0.0388025
 -0.0388024
 -0.0388023
 -0.0388023
 -0.0388025
 -0.0489303
 -0.0489305
 -0.0489301
 -0.0489303
 -0.0489304
 -0.0489305
 -0.0489304
 -0.0489303
 -0.0489301
 -0.0489305
 -0.0489303
 -0.0489305
 -0.0489301
 -0.0489303
 -0.0489304
 -0.0489305
 -0.0489304
 -0.0489303
 -0.0489301
 -0.0489305
 -0.0489303
 -0.0489305
 -0.0489301
 -0.0489303
 -0.0489304
 -0.0489305
 -0.0489304
 -0.0489303
 -0.0489301
 -0.0489305
 -0.0489303
 -0.0489305
 -0.0489301
 -0.0489303
 -0.0489304
 -0.0489305
 -0.0489304
 -0.0489303
 -0.0489301
 -0.0489305
 -0.0497096
 -0.0497099
 -0.0497094
 -0.0497096
 -0.0497098
   -0.04971
 -0.0497098
 -0.0497096
 -0.0497094
 -0.0497099
 -0.0497096
 -0.0497099
 -0.0497094
 -0.0497096
 -0.0497098
   -0.04971
 -0.0497098
 -0.0497096
 -0.0497094
 -0.0497099
 -0.0497096
 -0.0497099
 -0.0497094
 -0.0497096
 -0.0497098
   -0.04971
 -0.0497098
 -0.0497096
 -0.0497094
 -0.0497099
 -0.0497096
 -0.0497099
 -0.0497094
 -0.0497096
 -0.0497098
   -0.04971
 -0.0497098
 -0.0497096
 -0.0497094
 -0.0497099
 -0.0289829
 -0.0289831
 -0.0289829
  -0.028983
 -0.0289831
 -0.0289832
 -0.0289831
  -0.028983
 -0.0289829
 -0.0289831
 -0.0289829
 -0.0289831
 -0.0289829
  -0.028983
 -0.0289831
 -0.0289832
 -0.0289831
  -0.028983
 -0.0289829
 -0.0289831
 -0.0289829
 -0.0289831
 -0.0289829
  -0.028983
 -0.0289831
 -0.0289832
 -0.0289831
  -0.028983
 -0.0289829
 -0.0289831
 -0.0289829
 -0.0289831
 -0.0289829
  -0.028983
 -0.0289831
 -0.0289832
 -0.0289831
  -0.028983
 -0.0289829
 -0.0289831
  0.0160335
  0.0160335
  0.0160331
  0.0160331
  0.0160333
  0.0160335
  0.0160333
  0.0160331
  0.0160331
  0.0160335
  0.0160335
  0.0160335
  0.0160331
  0.0160331
  0.0160333
  0.0160335
  0.0160333
  0.0160331
  0.0160331
  0.0160335
  0.0160335
  0.0160335
  0.0160331
  0.0160331
  0.0160333
  0.0160335
  0.0160333
  0.0160331
  0.0160331
  0.0160335
  0.0160335
  0.0160335
  0.0160331
  0.0160331
  0.0160333
  0.0160335
  0.0160333
  0.0160331
  0.0160331
  0.0160335
  0.0531711
  0.0531714
  0.0531702
  0.0531706
   0.053171
  0.0531715
   0.053171
  0.0531706
  0.0531702
  0.0531714
  0.0531711
  0.0531714
  0.0531702
  0.0531706
   0.053171
  0.0531715
   0.053171
  0.0531706
  0.0531702
  0.0531714
  0.0531711
  0.0531714
  0.0531702
  0.0531706
   0.053171
  0.0531715
   0.053171
  0.0531706
  0.0531702
  0.0531714
  0.0531711
  0.0531714
  0.0531702
  0.0531706
   0.053171
  0.0531715
   0.053171
  0.0531706
  0.0531702
  0.0531714
  0.0314417
  0.0314419
  0.0314412
  0.0314414
  0.0314417
   0.031442
  0.0314417
  0.0314414
  0.0314412
  0.0314419
  0.0314417
  0.0314419
  0.0314412
  0.0314414
  0.0314417
   0.031442
  0.0314417
  0.0314414
  0.0314412
  0.0314419
  0.0314417
  0.0314419
  0.0314412
  0.0314414
  0.0314417
   0.031442
  0.0314417
  0.0314414
  0.0314412
  0.0314419
  0.0314417
  0.0314419
  0.0314412
  0.0314414
  0.0314417
   0.031442
  0.0314417
  0.0314414
  0.0314412
  0.0314419
 -0.0314417
 -0.0314419
 -0.0314412
 -0.0314414
 -0.0314417
  -0.031442
 -0.0314417
 -0.0314414
 -0.0314412
 -0.0314419
 -0.0314417
 -0.0314419
 -0.0314412
 -0.0314414
 -0.0314417
  -0.031442
 -0.0314417
 -0.0314414
 -0.0314412
 -0.0314419
 -0.0314417
 -0.0314419
 -0.0314412
 -0.0314414
 -0.0314417
  -0.031442
 -0.0314417
 -0.0314414
 -0.0314412
 -0.0314419
 -0.0314417
 -0.0314419
 -0.0314412
 -0.0314414
 -0.0314417
  -0.031442
 -0.0314417
 -0.0314414
 -0.0314412
 -0.0314419
 -0.0531711
 -0.0531714
 -0.0531702
 -0.0531706
  -0.053171
 -0.0531715
  -0.053171
 -0.0531706
 -0.0531702
 -0.0531714
 -0.0531711
 -0.0531714
 -0.0531702
 -0.0531706
  -0.053171
 -0.0531715
  -0.053171
 -0.0531706
 -0.0531702
 -0.0531714
 -0.0531711
 -0.0531714
 -0.0531702
 -0.0531706
  -0.053171
 -0.0531715
  -0.053171
 -0.0531706
 -0.0531702
 -0.0531714
 -0.0531711
 -0.0531714
 -0.0531702
 -0.0531706
  -0.053171
 -0.0531715
  -0.053171
 -0.0531706
 -0.0531702
 -0.0531714
 -0.0160335
 -0.0160335
 -0.0160331
 -0.0160331
 -0.0160333
 -0.0160335
 -0.0160333
 -0.0160331
 -0.0160331
 -0.0160335
 -0.0160335
 -0.0160335
 -0.0160331
 -0.0160331
 -0.0160333
 -0.0160335
 -0.0160333
 -0.0160331
 -0.0160331
 -0.0160335
 -0.0160335
 -0.0160335
 -0.0160331
 -0.0160331
 -0.0160333
 -0.0160335
 -0.0160333
 -0.0160331
 -0.0160331
 -0.0160335
 -0.0160335
 -0.0160335
 -0.0160331
 -0.0160331
 -0.0160333
 -0.0160335
 -0.0160333
 -0.0160331
 -0.0160331
 -0.0160335
  0.0289829
  0.0289831
  0.0289829
   0.028983
  0.0289831
  0.0289832
  0.0289831
   0.028983
  0.0289829
  0.0289831
  0.0289829
  0.0289831
  0.0289829
   0.028983
  0.0289831
  0.0289832
  0.0289831
   0.028983
  0.0289829
  0.0289831
  0.0289829
  0.0289831
  0.0289829
   0.028983
  0.0289831
  0.0289832
  0.0289831
   0.028983
  0.0289829
  0.0289831
  0.0289829
  0.0289831
  0.0289829
   0.028983
  0.0289831
  0.0289832
  0.0289831
   0.028983
  0.0289829
  0.0289831
  0.0497096
  0.0497099
  0.0497094
  0.0497096
  0.0497098
    0.04971
  0.0497098
  0.0497096
  0.0497094
  0.0497099
  0.0497096
  0.0497099
  0.0497094
  0.0497096
  0.0497098
    0.04971
  0.0497098
  0.0497096
  0.0497094
  0.0497099
  0.0497096
  0.0497099
  0.0497094
  0.0497096
  0.0497098
    0.04971
  0.0497098
  0.0497096
  0.0497094
  0.0497099
  0.0497096
  0.0497099
  0.0497094
  0.0497096
  0.0497098
    0.04971
  0.0497098
  0.0497096
  0.0497094
  0.0497099
  0.0489303
  0.0489305
  0.0489301
  0.0489303
  0.0489304
  0.0489305
  0.0489304
  0.0489303
  0.0489301
  0.0489305
  0.0489303
  0.0489305
  0.0489301
  0.0489303
  0.0489304
  0.0489305
  0.0489304
  0.0489303
  0.0489301
  0.0489305
  0.0489303
  0.0489305
  0.0489301
  0.0489303
  0.0489304
  0.0489305
  0.0489304
  0.0489303
  0.0489301
  0.0489305
  0.0489303
  0.0489305
  0.0489301
  0.0489303
  0.0489304
  0.0489305
  0.0489304
  0.0489303
  0.0489301
  0.0489305
  0.0388024
  0.0388025
  0.0388023
  0.0388023
  0.0388024
  0.0388025
  0.0388024
  0.0388023
  0.0388023
  0.0388025
  0.0388024
  0.0388025
  0.0388023
  0.0388023
  0.0388024
  0.0388025
  0.0388024
  0.0388023
  0.0388023
  0.0388025
  0.0388024
  0.0388025
  0.0388023
  0.0388023
  0.0388024
  0.0388025
  0.0388024
  0.0388023
  0.0388023
  0.0388025
  0.0388024
  0.0388025
  0.0388023
  0.0388023
  0.0388024
  0.0388025
  0.0388024
  0.0388023
  0.0388023
  0.0388025
  0.0273522
  0.0273522
  0.0273522
  0.0273522
  0.0273522
  0.0273522
  0.0273522
  0.0273522
  0.0273522
  0.0273522
  0.0273522
  0.0273522
  0.0273522
  0.0273522
  0.0273522
  0.0273522
  0.0273522
  0.0273522
  0.0273522
  0.0273522
  0.0273522
  0.0273522
  0.0273522
  0.0273522
  0.0273522
  0.0273522
  0.0273522
  0.0273522
  0.0273522
  0.0273522
  0.0273522
  0.0273522
  0.0273522
  0.0273522
  0.0273522
  0.0273522
  0.0273522
  0.0273522
  0.0273522
  0.0273522
  0.0177667
  0.0177667
  0.0177667
  0.0177667
  0.0177667
  0.0177667
  0.0177667
  0.0177667
  0.0177667
  0.0177667
  0.0177667
  0.0177667
  0.0177667
  0.0177667
  0.0177667
  0.0177667
  0.0177667
  0.0177667
  0.0177667
  0.0177667
  0.0177667
  0.0177667
  0.0177667
  0.0177667
  0.0177667
  0.0177667
  0.0177667
  0.0177667
  0.0177667
  0.0177667
  0.0177667
  0.0177667
  0.0177667
  0.0177667
  0.0177667
  0.0177667
  0.0177667
  0.0177667
  0.0177667
  0.0177667
   0.010667
   0.010667
   0.010667
   0.010667
   0.010667
   0.010667
   0.010667
   0.010667
   0.010667
   0.010667
   0.010667
   0.010667
   0.010667
   0.010667
   0.010667
   0.010667
   0.010667
   0.010667
   0.010667
   0.010667
   0.010667
   0.010667
   0.010667
   0.010667
   0.010667
   0.010667
   0.010667
   0.010667
   0.010667
   0.010667
   0.010667
   0.010667
   0.010667
   0.010667
   0.010667
   0.010667
   0.010667
   0.010667
   0.010667
   0.010667
 0.00573095
 0.00573093
 0.00573095
 0.00573093
 0.00573093
 0.00573092
 0.00573093
 0.00573093
 0.00573095
 0.00573093
 0.00573095
 0.00573093
 0.00573095
 0.00573093
 0.00573093
 0.00573092
 0.00573093
 0.00573093
 0.00573095
 0.00573093
 0.00573095
 0.00573093
 0.00573095
 0.00573093
 0.00573093
 0.00573092
 0.00573093
 0.00573093
 0.00573095
 0.00573093
 0.00573095
 0.00573093
 0.00573095
 0.00573093
 0.00573093
 0.00573092
 0.00573093
 0.00573093
 0.00573095
 0.00573093
 0.00243164
 0.00243162
 0.00243164
 0.00243163
 0.00243162
 0.00243161
 0.00243162
 0.00243163
 0.00243164
 0.00243162
 0.00243164
 0.00243162
 0.00243164
 0.00243163
 0.00243162
 0.00243161
 0.00243162
 0.00243163
 0.00243164
 0.00243162
 0.00243164
 0.00243162
 0.00243164
 0.00243163
 0.00243162
 0.00243161
 0.00243162
 0.00243163
 0.00243164
 0.00243162
 0.00243164
 0.00243162
 0.00243164
 0.00243163
 0.00243162
 0.00243161
 0.00243162
 0.00243163
 0.00243164
 0.00243162
