   0.0121412
    0.011547
  0.00982244
  0.00713642
  0.00375185
-6.82602e-12
 -0.00375185
 -0.00713642
 -0.00982244
   -0.011547
  -0.0121412
   -0.011547
 -0.00982244
 -0.00713642
 -0.00375185
   6.826e-12
  0.00375185
  0.00713642
  0.00982244
    0.011547
   0.0121412
    0.011547
  0.00982244
  0.00713642
  0.00375185
-6.82601e-12
 -0.00375185
 -0.00713642
 -0.00982244
   -0.011547
  -0.0121412
   -0.011547
 -0.00982244
 -0.00713642
 -0.00375185
 6.82597e-12
  0.00375185
  0.00713642
  0.00982244
    0.011547
    0.015559
   0.0147975
   0.0125874
  0.00914532
    0.004808
-8.74747e-12
   -0.004808
 -0.00914532
  -0.0125874
  -0.0147975
   -0.015559
  -0.0147975
  -0.0125874
 -0.00914532
   -0.004808
 8.74757e-12
    0.004808
  0.00914532
   0.0125874
   0.0147975
    0.015559
   0.0147975
   0.0125874
  0.00914532
    0.004808
-8.74749e-12
   -0.004808
 -0.00914532
  -0.0125874
  -0.0147975
   -0.015559
  -0.0147975
  -0.0125874
 -0.00914532
   -0.004808
 8.74748e-12
    0.004808
  0.00914532
   0.0125874
   0.0147975
   0.0196683
   0.0187057
    0.015912
   0.0115607
  0.00607787
-1.10577e-11
 -0.00607787
  -0.0115607
   -0.015912
  -0.0187057
  -0.0196683
  -0.0187057
   -0.015912
  -0.0115607
 -0.00607787
 1.10579e-11
  0.00607787
   0.0115607
    0.015912
   0.0187057
   0.0196683
   0.0187057
    0.015912
   0.0115607
  0.00607787
-1.10579e-11
 -0.00607787
  -0.0115607
   -0.015912
  -0.0187057
  -0.0196683
  -0.0187057
   -0.015912
  -0.0115607
 -0.00607787
 1.10579e-11
  0.00607787
   0.0115607
    0.015912
   0.0187057
   0.0242936
   0.0231047
   0.0196539
   0.0142794
  0.00750717
-1.36582e-11
 -0.00750717
  -0.0142794
  -0.0196539
  -0.0231047
  -0.0242936
  -0.0231047
  -0.0196539
  -0.0142794
 -0.00750717
 1.36585e-11
  0.00750717
   0.0142794
   0.0196539
   0.0231047
   0.0242936
   0.0231047
   0.0196539
   0.0142794
  0.00750717
-1.36583e-11
 -0.00750717
  -0.0142794
  -0.0196539
  -0.0231047
  -0.0242936
  -0.0231047
  -0.0196539
  -0.0142794
 -0.00750717
 1.36582e-11
  0.00750717
   0.0142794
   0.0196539
   0.0231047
    0.028856
   0.0274438
    0.023345
   0.0169611
  0.00891705
-1.62235e-11
 -0.00891705
  -0.0169611
   -0.023345
  -0.0274438
   -0.028856
  -0.0274438
   -0.023345
  -0.0169611
 -0.00891705
 1.62235e-11
  0.00891705
   0.0169611
    0.023345
   0.0274438
    0.028856
   0.0274438
    0.023345
   0.0169611
  0.00891705
-1.62233e-11
 -0.00891705
  -0.0169611
   -0.023345
  -0.0274438
   -0.028856
  -0.0274438
   -0.023345
  -0.0169611
 -0.00891705
 1.62233e-11
  0.00891705
   0.0169611
    0.023345
   0.0274438
    0.032016
   0.0304491
   0.0259014
   0.0188185
  0.00989353
-1.80004e-11
 -0.00989353
  -0.0188185
  -0.0259014
  -0.0304491
   -0.032016
  -0.0304491
  -0.0259014
  -0.0188185
 -0.00989353
     1.8e-11
  0.00989353
   0.0188185
   0.0259014
   0.0304491
    0.032016
   0.0304491
   0.0259014
   0.0188185
  0.00989353
-1.79998e-11
 -0.00989353
  -0.0188185
  -0.0259014
  -0.0304491
   -0.032016
  -0.0304491
  -0.0259014
  -0.0188185
 -0.00989353
 1.79998e-11
  0.00989353
   0.0188185
   0.0259014
   0.0304491
   0.0311891
   0.0296628
   0.0252325
   0.0183325
  0.00963803
-1.75354e-11
 -0.00963803
  -0.0183325
  -0.0252325
  -0.0296628
  -0.0311891
  -0.0296628
  -0.0252325
  -0.0183325
 -0.00963803
 1.75352e-11
  0.00963803
   0.0183325
   0.0252325
   0.0296628
   0.0311891
   0.0296628
   0.0252325
   0.0183325
  0.00963803
 -1.7535e-11
 -0.00963803
  -0.0183325
  -0.0252325
  -0.0296628
  -0.0311891
  -0.0296628
  -0.0252325
  -0.0183325
 -0.00963803
 1.75351e-11
  0.00963803
   0.0183325
   0.0252325
   0.0296628
   0.0222332
   0.0211452
   0.0179869
   0.0130683
  0.00687048
-1.24999e-11
 -0.00687048
  -0.0130683
  -0.0179869
  -0.0211452
  -0.0222332
  -0.0211452
  -0.0179869
  -0.0130683
 -0.00687048
 1.25003e-11
  0.00687048
   0.0130683
   0.0179869
   0.0211452
   0.0222332
   0.0211452
   0.0179869
   0.0130683
  0.00687048
-1.25001e-11
 -0.00687048
  -0.0130683
  -0.0179869
  -0.0211452
  -0.0222332
  -0.0211452
  -0.0179869
  -0.0130683
 -0.00687048
 1.25003e-11
  0.00687048
   0.0130683
   0.0179869
   0.0211452
 0.000287376
 0.000273422
 0.000232445
 0.000168933
 8.88246e-05
-1.61972e-13
-8.88246e-05
-0.000168933
-0.000232445
-0.000273422
-0.000287376
-0.000273422
-0.000232445
-0.000168933
-8.88246e-05
 1.61511e-13
 8.88246e-05
 0.000168933
 0.000232445
 0.000273422
 0.000287376
 0.000273422
 0.000232445
 0.000168933
 8.88246e-05
-1.61864e-13
-8.88246e-05
-0.000168933
-0.000232445
-0.000273422
-0.000287376
-0.000273422
-0.000232445
-0.000168933
-8.88246e-05
  1.6132e-13
 8.88246e-05
 0.000168933
 0.000232445
 0.000273422
  -0.0365034
  -0.0347169
  -0.0295319
  -0.0214561
  -0.0112802
 2.05229e-11
   0.0112802
   0.0214561
   0.0295319
   0.0347169
   0.0365034
   0.0347169
   0.0295319
   0.0214561
   0.0112802
-2.05229e-11
  -0.0112802
  -0.0214561
  -0.0295319
  -0.0347169
  -0.0365034
  -0.0347169
  -0.0295319
  -0.0214561
  -0.0112802
 2.05228e-11
   0.0112802
   0.0214561
   0.0295319
   0.0347169
   0.0365034
   0.0347169
   0.0295319
   0.0214561
   0.0112802
-2.05227e-11
  -0.0112802
  -0.0214561
  -0.0295319
  -0.0347169
  -0.0804033
  -0.0764684
  -0.0650475
  -0.0472598
  -0.0248461
 4.52044e-11
   0.0248461
   0.0472598
   0.0650475
   0.0764684
   0.0804033
   0.0764684
   0.0650475
   0.0472598
   0.0248461
-4.52049e-11
  -0.0248461
  -0.0472598
  -0.0650475
  -0.0764684
  -0.0804033
  -0.0764684
  -0.0650475
  -0.0472598
  -0.0248461
 4.52042e-11
   0.0248461
   0.0472598
   0.0650475
   0.0764684
   0.0804033
   0.0764684
   0.0650475
   0.0472598
   0.0248461
-4.52042e-11
  -0.0248461
  -0.0472598
  -0.0650475
  -0.0764684
   -0.111854
    -0.10638
  -0.0904919
  -0.0657463
  -0.0345651
 6.28871e-11
   0.0345651
   0.0657463
   0.0904919
     0.10638
    0.111854
     0.10638
   0.0904919
   0.0657463
   0.0345651
-6.28872e-11
  -0.0345651
  -0.0657463
  -0.0904919
    -0.10638
   -0.111854
    -0.10638
  -0.0904919
  -0.0657463
  -0.0345651
 6.28866e-11
   0.0345651
   0.0657463
   0.0904919
     0.10638
    0.111854
     0.10638
   0.0904919
   0.0657463
   0.0345651
-6.28865e-11
  -0.0345651
  -0.0657463
  -0.0904919
    -0.10638
   -0.111854
    -0.10638
  -0.0904919
  -0.0657463
  -0.0345651
 6.28868e-11
   0.0345651
   0.0657463
   0.0904919
     0.10638
    0.111854
     0.10638
   0.0904919
   0.0657463
   0.0345651
-6.28873e-11
  -0.0345651
  -0.0657463
  -0.0904919
    -0.10638
   -0.111854
    -0.10638
  -0.0904919
  -0.0657463
  -0.0345651
 6.28863e-11
   0.0345651
   0.0657463
   0.0904919
     0.10638
    0.111854
     0.10638
   0.0904919
   0.0657463
   0.0345651
-6.28864e-11
  -0.0345651
  -0.0657463
  -0.0904919
    -0.10638
  -0.0804033
  -0.0764684
  -0.0650475
  -0.0472598
  -0.0248461
 4.52046e-11
   0.0248461
   0.0472598
   0.0650475
   0.0764684
   0.0804033
   0.0764684
   0.0650475
   0.0472598
   0.0248461
-4.52045e-11
  -0.0248461
  -0.0472598
  -0.0650475
  -0.0764684
  -0.0804033
  -0.0764684
  -0.0650475
  -0.0472598
  -0.0248461
 4.52042e-11
   0.0248461
   0.0472598
   0.0650475
   0.0764684
   0.0804033
   0.0764684
   0.0650475
   0.0472598
   0.0248461
-4.52038e-11
  -0.0248461
  -0.0472598
  -0.0650475
  -0.0764684
  -0.0365034
  -0.0347169
  -0.0295319
  -0.0214561
  -0.0112802
 2.05233e-11
   0.0112802
   0.0214561
   0.0295319
   0.0347169
   0.0365034
   0.0347169
   0.0295319
   0.0214561
   0.0112802
-2.05231e-11
  -0.0112802
  -0.0214561
  -0.0295319
  -0.0347169
  -0.0365034
  -0.0347169
  -0.0295319
  -0.0214561
  -0.0112802
 2.05227e-11
   0.0112802
   0.0214561
   0.0295319
   0.0347169
   0.0365034
   0.0347169
   0.0295319
   0.0214561
   0.0112802
-2.05226e-11
  -0.0112802
  -0.0214561
  -0.0295319
  -0.0347169
 0.000287376
 0.000273422
 0.000232445
 0.000168933
 8.88246e-05
-1.61419e-13
-8.88246e-05
-0.000168933
-0.000232445
-0.000273422
-0.000287376
-0.000273422
-0.000232445
-0.000168933
-8.88246e-05
 1.61904e-13
 8.88246e-05
 0.000168933
 0.000232445
 0.000273422
 0.000287376
 0.000273422
 0.000232445
 0.000168933
 8.88246e-05
-1.61367e-13
-8.88246e-05
-0.000168933
-0.000232445
-0.000273422
-0.000287376
-0.000273422
-0.000232445
-0.000168933
-8.88246e-05
 1.61903e-13
 8.88246e-05
 0.000168933
 0.000232445
 0.000273422
   0.0222332
   0.0211452
   0.0179869
   0.0130683
  0.00687048
-1.24996e-11
 -0.00687048
  -0.0130683
  -0.0179869
  -0.0211452
  -0.0222332
  -0.0211452
  -0.0179869
  -0.0130683
 -0.00687048
 1.25001e-11
  0.00687048
   0.0130683
   0.0179869
   0.0211452
   0.0222332
   0.0211452
   0.0179869
   0.0130683
  0.00687048
-1.25002e-11
 -0.00687048
  -0.0130683
  -0.0179869
  -0.0211452
  -0.0222332
  -0.0211452
  -0.0179869
  -0.0130683
 -0.00687048
 1.24997e-11
  0.00687048
   0.0130683
   0.0179869
   0.0211452
   0.0311891
   0.0296628
   0.0252325
   0.0183325
  0.00963803
-1.75354e-11
 -0.00963803
  -0.0183325
  -0.0252325
  -0.0296628
  -0.0311891
  -0.0296628
  -0.0252325
  -0.0183325
 -0.00963803
 1.75354e-11
  0.00963803
   0.0183325
   0.0252325
   0.0296628
   0.0311891
   0.0296628
   0.0252325
   0.0183325
  0.00963803
 -1.7535e-11
 -0.00963803
  -0.0183325
  -0.0252325
  -0.0296628
  -0.0311891
  -0.0296628
  -0.0252325
  -0.0183325
 -0.00963803
  1.7535e-11
  0.00963803
   0.0183325
   0.0252325
   0.0296628
    0.032016
   0.0304491
   0.0259014
   0.0188185
  0.00989353
-1.80004e-11
 -0.00989353
  -0.0188185
  -0.0259014
  -0.0304491
   -0.032016
  -0.0304491
  -0.0259014
  -0.0188185
 -0.00989353
 1.80002e-11
  0.00989353
   0.0188185
   0.0259014
   0.0304491
    0.032016
   0.0304491
   0.0259014
   0.0188185
  0.00989353
-1.79996e-11
 -0.00989353
  -0.0188185
  -0.0259014
  -0.0304491
   -0.032016
  -0.0304491
  -0.0259014
  -0.0188185
 -0.00989353
 1.79999e-11
  0.00989353
   0.0188185
   0.0259014
   0.0304491
    0.028856
   0.0274438
    0.023345
   0.0169611
  0.00891705
-1.62235e-11
 -0.00891705
  -0.0169611
   -0.023345
  -0.0274438
   -0.028856
  -0.0274438
   -0.023345
  -0.0169611
 -0.00891705
 1.62235e-11
  0.00891705
   0.0169611
    0.023345
   0.0274438
    0.028856
   0.0274438
    0.023345
   0.0169611
  0.00891705
-1.62233e-11
 -0.00891705
  -0.0169611
   -0.023345
  -0.0274438
   -0.028856
  -0.0274438
   -0.023345
  -0.0169611
 -0.00891705
 1.62234e-11
  0.00891705
   0.0169611
    0.023345
   0.0274438
   0.0242936
   0.0231047
   0.0196539
   0.0142794
  0.00750717
-1.36584e-11
 -0.00750717
  -0.0142794
  -0.0196539
  -0.0231047
  -0.0242936
  -0.0231047
  -0.0196539
  -0.0142794
 -0.00750717
 1.36583e-11
  0.00750717
   0.0142794
   0.0196539
   0.0231047
   0.0242936
   0.0231047
   0.0196539
   0.0142794
  0.00750717
-1.36584e-11
 -0.00750717
  -0.0142794
  -0.0196539
  -0.0231047
  -0.0242936
  -0.0231047
  -0.0196539
  -0.0142794
 -0.00750717
 1.36583e-11
  0.00750717
   0.0142794
   0.0196539
   0.0231047
   0.0196683
   0.0187057
    0.015912
   0.0115607
  0.00607787
-1.10579e-11
 -0.00607787
  -0.0115607
   -0.015912
  -0.0187057
  -0.0196683
  -0.0187057
   -0.015912
  -0.0115607
 -0.00607787
 1.10579e-11
  0.00607787
   0.0115607
    0.015912
   0.0187057
   0.0196683
   0.0187057
    0.015912
   0.0115607
  0.00607787
-1.10579e-11
 -0.00607787
  -0.0115607
   -0.015912
  -0.0187057
  -0.0196683
  -0.0187057
   -0.015912
  -0.0115607
 -0.00607787
 1.10579e-11
  0.00607787
   0.0115607
    0.015912
   0.0187057
    0.015559
   0.0147975
   0.0125874
  0.00914532
    0.004808
-8.74755e-12
   -0.004808
 -0.00914532
  -0.0125874
  -0.0147975
   -0.015559
  -0.0147975
  -0.0125874
 -0.00914532
   -0.004808
 8.74752e-12
    0.004808
  0.00914532
   0.0125874
   0.0147975
    0.015559
   0.0147975
   0.0125874
  0.00914532
    0.004808
-8.74752e-12
   -0.004808
 -0.00914532
  -0.0125874
  -0.0147975
   -0.015559
  -0.0147975
  -0.0125874
 -0.00914532
   -0.004808
 8.74755e-12
    0.004808
  0.00914532
   0.0125874
   0.0147975
   0.0121412
    0.011547
  0.00982244
  0.00713642
  0.00375185
-6.82603e-12
 -0.00375185
 -0.00713642
 -0.00982244
   -0.011547
  -0.0121412
   -0.011547
 -0.00982244
 -0.00713642
 -0.00375185
 6.82602e-12
  0.00375185
  0.00713642
  0.00982244
    0.011547
   0.0121412
    0.011547
  0.00982244
  0.00713642
  0.00375185
-6.82596e-12
 -0.00375185
 -0.00713642
 -0.00982244
   -0.011547
  -0.0121412
   -0.011547
 -0.00982244
 -0.00713642
 -0.00375185
 6.82599e-12
  0.00375185
  0.00713642
  0.00982244
    0.011547
