 -0.00494689
 -0.00406194
 -0.00307691
 -0.00201615
-0.000905756
 0.000226954
  0.00135407
  0.00244784
  0.00348134
  0.00442916
  0.00526785
  0.00597688
  0.00653867
  0.00693954
  0.00716952
  0.00722297
  0.00709851
  0.00679928
   0.0063326
  0.00571008
  0.00494689
  0.00406194
  0.00307691
  0.00201615
 0.000905756
-0.000226954
 -0.00135407
 -0.00244784
 -0.00348134
 -0.00442916
 -0.00526785
 -0.00597688
 -0.00653867
 -0.00693954
 -0.00716952
 -0.00722297
 -0.00709851
 -0.00679928
  -0.0063326
 -0.00571008
 -0.00343843
 -0.00282334
 -0.00213866
 -0.00140136
-0.000629558
 0.000157749
  0.00094117
  0.00170141
  0.00241976
  0.00307858
  0.00366151
  0.00415435
  0.00454481
  0.00482346
  0.00498332
  0.00502049
  0.00493397
  0.00472596
  0.00440158
  0.00396891
  0.00343843
  0.00282334
  0.00213866
  0.00140136
 0.000629558
-0.000157749
 -0.00094117
 -0.00170141
 -0.00241976
 -0.00307858
 -0.00366151
 -0.00415435
 -0.00454481
 -0.00482346
 -0.00498332
 -0.00502049
 -0.00493397
 -0.00472596
 -0.00440158
 -0.00396891
-0.000111714
-9.17655e-05
-6.94733e-05
-4.55176e-05
-2.04405e-05
 5.12787e-06
 3.05674e-05
 5.52667e-05
 7.86037e-05
  0.00010006
 0.000118962
 0.000134999
 0.000147617
 0.000156718
 0.000161949
 0.000163198
 0.000160347
 0.000153552
 0.000142964
 0.000128972
 0.000111714
 9.17655e-05
 6.94733e-05
 4.55176e-05
 2.04405e-05
-5.12787e-06
-3.05674e-05
-5.52667e-05
-7.86037e-05
 -0.00010006
-0.000118962
-0.000134999
-0.000147617
-0.000156718
-0.000161949
-0.000163198
-0.000160347
-0.000153552
-0.000142964
-0.000128972
  0.00604506
  0.00496359
  0.00375998
  0.00246375
  0.00110686
-0.000277331
  -0.0016547
 -0.00299128
  -0.0042542
 -0.00541233
 -0.00643727
 -0.00730367
  -0.0079903
 -0.00848007
 -0.00876102
 -0.00882626
 -0.00867425
 -0.00830866
 -0.00773849
 -0.00697765
 -0.00604506
 -0.00496359
 -0.00375998
 -0.00246375
 -0.00110686
 0.000277331
   0.0016547
  0.00299128
   0.0042542
  0.00541233
  0.00643727
  0.00730367
   0.0079903
  0.00848007
  0.00876102
  0.00882626
  0.00867425
  0.00830866
  0.00773849
  0.00697765
   0.0161059
   0.0132246
   0.0100177
  0.00656419
    0.002949
-0.000738902
 -0.00440861
 -0.00796968
  -0.0113345
  -0.0144202
  -0.0171509
  -0.0194593
  -0.0212886
  -0.0225936
  -0.0233422
  -0.0235161
   -0.023111
  -0.0221369
  -0.0206177
  -0.0185907
  -0.0161059
  -0.0132246
  -0.0100177
 -0.00656419
   -0.002949
 0.000738902
  0.00440861
  0.00796968
   0.0113345
   0.0144202
   0.0171509
   0.0194593
   0.0212886
   0.0225936
   0.0233422
   0.0235161
    0.023111
   0.0221369
   0.0206177
   0.0185907
   0.0303818
   0.0249466
   0.0188972
   0.0123825
  0.00556291
 -0.00139385
 -0.00831629
  -0.0150338
   -0.021381
  -0.0272019
   -0.032353
  -0.0367076
  -0.0401581
  -0.0426199
  -0.0440322
  -0.0443603
  -0.0435961
  -0.0417585
  -0.0388926
  -0.0350691
  -0.0303818
  -0.0249466
  -0.0188972
  -0.0123825
 -0.00556291
  0.00139385
  0.00831629
   0.0150338
    0.021381
   0.0272019
    0.032353
   0.0367076
   0.0401581
   0.0426199
   0.0440322
   0.0443603
   0.0435961
   0.0417585
   0.0388926
   0.0350691
    0.046307
    0.038023
   0.0288024
    0.018873
   0.0084788
 -0.00212447
  -0.0126754
   -0.022914
  -0.0325883
  -0.0414604
  -0.0493114
  -0.0559487
  -0.0612077
    -0.06496
  -0.0671126
  -0.0676127
  -0.0664479
   -0.063647
  -0.0592788
  -0.0534512
   -0.046307
   -0.038023
  -0.0288024
   -0.018873
  -0.0084788
  0.00212447
   0.0126754
    0.022914
   0.0325883
   0.0414604
   0.0493114
   0.0559487
   0.0612077
     0.06496
   0.0671126
   0.0676127
   0.0664479
    0.063647
   0.0592788
   0.0534512
   0.0549419
   0.0451132
   0.0341732
   0.0223923
   0.0100598
 -0.00252063
   -0.015039
  -0.0271868
   -0.038665
  -0.0491917
  -0.0585066
  -0.0663815
   -0.072621
  -0.0770731
  -0.0796272
  -0.0802207
  -0.0788385
  -0.0755153
  -0.0703324
  -0.0634184
  -0.0549419
  -0.0451132
  -0.0341732
  -0.0223923
  -0.0100598
  0.00252063
    0.015039
   0.0271868
    0.038665
   0.0491917
   0.0585066
   0.0663815
    0.072621
   0.0770731
   0.0796272
   0.0802207
   0.0788385
   0.0755153
   0.0703324
   0.0634184
   0.0402002
   0.0330088
    0.025004
   0.0163839
  0.00736043
 -0.00184431
  -0.0110036
   -0.019892
  -0.0282906
   -0.035993
  -0.0428084
  -0.0485702
  -0.0531354
  -0.0563931
  -0.0582621
  -0.0586965
  -0.0576851
  -0.0552533
  -0.0514608
  -0.0464021
  -0.0402002
  -0.0330088
   -0.025004
  -0.0163839
 -0.00736043
  0.00184431
   0.0110036
    0.019892
   0.0282906
    0.035993
   0.0428084
   0.0485702
   0.0531354
   0.0563931
   0.0582621
   0.0586965
   0.0576851
   0.0552533
   0.0514608
   0.0464021
 -0.00613623
 -0.00503825
 -0.00381663
 -0.00250136
 -0.00112405
 0.000281512
  0.00168016
  0.00303686
  0.00431835
  0.00549379
  0.00653435
  0.00741442
  0.00811146
  0.00860846
  0.00889324
  0.00895931
  0.00880512
  0.00843444
  0.00785585
  0.00708349
  0.00613623
  0.00503825
  0.00381663
  0.00250136
  0.00112405
-0.000281512
 -0.00168016
 -0.00303686
 -0.00431835
 -0.00549379
 -0.00653435
 -0.00741442
 -0.00811146
 -0.00860846
 -0.00889324
 -0.00895931
 -0.00880512
 -0.00843444
 -0.00785585
 -0.00708349
  -0.0508404
  -0.0417452
   -0.031622
  -0.0207213
 -0.00930956
  0.00233246
    0.013917
   0.0251579
   0.0357785
   0.0455193
   0.0541389
    0.061427
   0.0672006
   0.0713202
   0.0736831
   0.0742322
   0.0729533
   0.0698786
   0.0650828
    0.058685
   0.0508404
   0.0417452
    0.031622
   0.0207213
  0.00930956
 -0.00233246
   -0.013917
  -0.0251579
  -0.0357785
  -0.0455193
  -0.0541389
   -0.061427
  -0.0672006
  -0.0713202
  -0.0736831
  -0.0742322
  -0.0729533
  -0.0698786
  -0.0650828
   -0.058685
  -0.0325333
  -0.0267133
  -0.0202353
  -0.0132597
  -0.0059572
  0.00149257
  0.00890558
   0.0160987
   0.0228951
   0.0291284
   0.0346441
   0.0393078
   0.0430023
   0.0456385
   0.0471507
   0.0475021
   0.0466837
   0.0447161
   0.0416471
   0.0375532
   0.0325333
   0.0267133
   0.0202353
   0.0132597
   0.0059572
 -0.00149257
 -0.00890558
  -0.0160987
  -0.0228951
  -0.0291284
  -0.0346441
  -0.0393078
  -0.0430023
  -0.0456385
  -0.0471507
  -0.0475021
  -0.0466837
  -0.0447161
  -0.0416471
  -0.0375532
   0.0325333
   0.0267133
   0.0202353
   0.0132597
   0.0059572
 -0.00149257
 -0.00890558
  -0.0160987
  -0.0228951
  -0.0291284
  -0.0346441
  -0.0393078
  -0.0430023
  -0.0456385
  -0.0471507
  -0.0475021
  -0.0466837
  -0.0447161
  -0.0416471
  -0.0375532
  -0.0325333
  -0.0267133
  -0.0202353
  -0.0132597
  -0.0059572
  0.00149257
  0.00890558
   0.0160987
   0.0228951
   0.0291284
   0.0346441
   0.0393078
   0.0430023
   0.0456385
   0.0471507
   0.0475021
   0.0466837
   0.0447161
   0.0416471
   0.0375532
   0.0508404
   0.0417452
    0.031622
   0.0207213
  0.00930956
 -0.00233246
   -0.013917
  -0.0251579
  -0.0357785
  -0.0455193
  -0.0541389
   -0.061427
  -0.0672006
  -0.0713202
  -0.0736831
  -0.0742322
  -0.0729533
  -0.0698786
  -0.0650828
   -0.058685
  -0.0508404
  -0.0417452
   -0.031622
  -0.0207213
 -0.00930956
  0.00233246
    0.013917
   0.0251579
   0.0357785
   0.0455193
   0.0541389
    0.061427
   0.0672006
   0.0713202
   0.0736831
   0.0742322
   0.0729533
   0.0698786
   0.0650828
    0.058685
  0.00613623
  0.00503825
  0.00381663
  0.00250136
  0.00112405
-0.000281512
 -0.00168016
 -0.00303686
 -0.00431835
 -0.00549379
 -0.00653435
 -0.00741442
 -0.00811146
 -0.00860846
 -0.00889324
 -0.00895931
 -0.00880512
 -0.00843444
 -0.00785585
 -0.00708349
 -0.00613623
 -0.00503825
 -0.00381663
 -0.00250136
 -0.00112405
 0.000281512
  0.00168016
  0.00303686
  0.00431835
  0.00549379
  0.00653435
  0.00741442
  0.00811146
  0.00860846
  0.00889324
  0.00895931
  0.00880512
  0.00843444
  0.00785585
  0.00708349
  -0.0402002
  -0.0330088
   -0.025004
  -0.0163839
 -0.00736043
  0.00184431
   0.0110036
    0.019892
   0.0282906
    0.035993
   0.0428084
   0.0485702
   0.0531354
   0.0563931
   0.0582621
   0.0586965
   0.0576851
   0.0552533
   0.0514608
   0.0464021
   0.0402002
   0.0330088
    0.025004
   0.0163839
  0.00736043
 -0.00184431
  -0.0110036
   -0.019892
  -0.0282906
   -0.035993
  -0.0428084
  -0.0485702
  -0.0531354
  -0.0563931
  -0.0582621
  -0.0586965
  -0.0576851
  -0.0552533
  -0.0514608
  -0.0464021
  -0.0549419
  -0.0451132
  -0.0341732
  -0.0223923
  -0.0100598
  0.00252063
    0.015039
   0.0271868
    0.038665
   0.0491917
   0.0585066
   0.0663815
    0.072621
   0.0770731
   0.0796272
   0.0802207
   0.0788385
   0.0755153
   0.0703324
   0.0634184
   0.0549419
   0.0451132
   0.0341732
   0.0223923
   0.0100598
 -0.00252063
   -0.015039
  -0.0271868
   -0.038665
  -0.0491917
  -0.0585066
  -0.0663815
   -0.072621
  -0.0770731
  -0.0796272
  -0.0802207
  -0.0788385
  -0.0755153
  -0.0703324
  -0.0634184
   -0.046307
   -0.038023
  -0.0288024
   -0.018873
  -0.0084788
  0.00212447
   0.0126754
    0.022914
   0.0325883
   0.0414604
   0.0493114
   0.0559487
   0.0612077
     0.06496
   0.0671126
   0.0676127
   0.0664479
    0.063647
   0.0592788
   0.0534512
    0.046307
    0.038023
   0.0288024
    0.018873
   0.0084788
 -0.00212447
  -0.0126754
   -0.022914
  -0.0325883
  -0.0414604
  -0.0493114
  -0.0559487
  -0.0612077
    -0.06496
  -0.0671126
  -0.0676127
  -0.0664479
   -0.063647
  -0.0592788
  -0.0534512
  -0.0303818
  -0.0249466
  -0.0188972
  -0.0123825
 -0.00556291
  0.00139385
  0.00831629
   0.0150338
    0.021381
   0.0272019
    0.032353
   0.0367076
   0.0401581
   0.0426199
   0.0440322
   0.0443603
   0.0435961
   0.0417585
   0.0388926
   0.0350691
   0.0303818
   0.0249466
   0.0188972
   0.0123825
  0.00556291
 -0.00139385
 -0.00831629
  -0.0150338
   -0.021381
  -0.0272019
   -0.032353
  -0.0367076
  -0.0401581
  -0.0426199
  -0.0440322
  -0.0443603
  -0.0435961
  -0.0417585
  -0.0388926
  -0.0350691
  -0.0161059
  -0.0132246
  -0.0100177
 -0.00656419
   -0.002949
 0.000738902
  0.00440861
  0.00796968
   0.0113345
   0.0144202
   0.0171509
   0.0194593
   0.0212886
   0.0225936
   0.0233422
   0.0235161
    0.023111
   0.0221369
   0.0206177
   0.0185907
   0.0161059
   0.0132246
   0.0100177
  0.00656419
    0.002949
-0.000738902
 -0.00440861
 -0.00796968
  -0.0113345
  -0.0144202
  -0.0171509
  -0.0194593
  -0.0212886
  -0.0225936
  -0.0233422
  -0.0235161
   -0.023111
  -0.0221369
  -0.0206177
  -0.0185907
 -0.00604506
 -0.00496359
 -0.00375998
 -0.00246375
 -0.00110686
 0.000277331
   0.0016547
  0.00299128
   0.0042542
  0.00541233
  0.00643727
  0.00730367
   0.0079903
  0.00848007
  0.00876102
  0.00882626
  0.00867425
  0.00830866
  0.00773849
  0.00697765
  0.00604506
  0.00496359
  0.00375998
  0.00246375
  0.00110686
-0.000277331
  -0.0016547
 -0.00299128
  -0.0042542
 -0.00541233
 -0.00643727
 -0.00730367
  -0.0079903
 -0.00848007
 -0.00876102
 -0.00882626
 -0.00867425
 -0.00830866
 -0.00773849
 -0.00697765
 0.000111714
 9.17655e-05
 6.94733e-05
 4.55176e-05
 2.04405e-05
-5.12787e-06
-3.05674e-05
-5.52667e-05
-7.86037e-05
 -0.00010006
-0.000118962
-0.000134999
-0.000147617
-0.000156718
-0.000161949
-0.000163198
-0.000160347
-0.000153552
-0.000142964
-0.000128972
-0.000111714
-9.17655e-05
-6.94733e-05
-4.55176e-05
-2.04405e-05
 5.12787e-06
 3.05674e-05
 5.52667e-05
 7.86037e-05
  0.00010006
 0.000118962
 0.000134999
 0.000147617
 0.000156718
 0.000161949
 0.000163198
 0.000160347
 0.000153552
 0.000142964
 0.000128972
  0.00343843
  0.00282334
  0.00213866
  0.00140136
 0.000629558
-0.000157749
 -0.00094117
 -0.00170141
 -0.00241976
 -0.00307858
 -0.00366151
 -0.00415435
 -0.00454481
 -0.00482346
 -0.00498332
 -0.00502049
 -0.00493397
 -0.00472596
 -0.00440158
 -0.00396891
 -0.00343843
 -0.00282334
 -0.00213866
 -0.00140136
-0.000629558
 0.000157749
  0.00094117
  0.00170141
  0.00241976
  0.00307858
  0.00366151
  0.00415435
  0.00454481
  0.00482346
  0.00498332
  0.00502049
  0.00493397
  0.00472596
  0.00440158
  0.00396891
  0.00494689
  0.00406194
  0.00307691
  0.00201615
 0.000905756
-0.000226954
 -0.00135407
 -0.00244784
 -0.00348134
 -0.00442916
 -0.00526785
 -0.00597688
 -0.00653867
 -0.00693954
 -0.00716952
 -0.00722297
 -0.00709851
 -0.00679928
  -0.0063326
 -0.00571008
 -0.00494689
 -0.00406194
 -0.00307691
 -0.00201615
-0.000905756
 0.000226954
  0.00135407
  0.00244784
  0.00348134
  0.00442916
  0.00526785
  0.00597688
  0.00653867
  0.00693954
  0.00716952
  0.00722297
  0.00709851
  0.00679928
   0.0063326
  0.00571008
