 0.000166828
-3.91572e-05
-0.000179004
-1.67856e-05
 0.000173796
 7.11925e-05
-0.000151503
-0.000118583
 0.000114402
 0.000154362
-6.61307e-05
-0.000175085
 1.13147e-05
 0.000178586
 4.45183e-05
-0.000164701
-9.60934e-05
 0.000134583
  0.00013814
-9.14359e-05
-0.000166828
 3.91572e-05
 0.000179004
 1.67856e-05
-0.000173796
-7.11925e-05
 0.000151503
 0.000118583
-0.000114402
-0.000154362
 6.61307e-05
 0.000175085
-1.13147e-05
-0.000178586
-4.45183e-05
 0.000164701
 9.60934e-05
-0.000134583
 -0.00013814
 9.14359e-05
 0.000411901
-9.67654e-05
-0.000442101
-4.14941e-05
 0.000429154
 0.000175788
-0.000374142
-0.000292836
 0.000282522
 0.000381213
-0.000163278
-0.000432333
 2.79786e-05
 0.000441051
 0.000109979
-0.000406677
-0.000237248
 0.000332408
 0.000341199
-0.000225725
-0.000411901
 9.67654e-05
 0.000442101
 4.14941e-05
-0.000429154
-0.000175788
 0.000374142
 0.000292836
-0.000282522
-0.000381213
 0.000163278
 0.000432333
-2.79786e-05
-0.000441051
-0.000109979
 0.000406677
 0.000237248
-0.000332408
-0.000341199
 0.000225725
  0.00101134
-0.000237684
 -0.00108564
-0.000101931
  0.00105376
 0.000431629
-0.000918717
-0.000719059
 0.000693748
 0.000936096
-0.000400897
 -0.00106156
  6.8739e-05
  0.00108304
 0.000270095
-0.000998556
-0.000582516
 0.000816286
 0.000837885
-0.000554189
 -0.00101134
 0.000237684
  0.00108564
 0.000101931
 -0.00105376
-0.000431629
 0.000918717
 0.000719059
-0.000693748
-0.000936096
 0.000400897
  0.00106156
 -6.8739e-05
 -0.00108304
-0.000270095
 0.000998556
 0.000582516
-0.000816286
-0.000837885
 0.000554189
  0.00244006
-0.000573559
 -0.00261947
-0.000245971
  0.00254248
  0.00104141
 -0.00221667
 -0.00173493
  0.00167388
  0.00225863
 -0.00096724
 -0.00256128
 0.000165885
  0.00261317
 0.000651712
 -0.00240927
 -0.00140545
  0.00196957
   0.0020217
 -0.00133706
 -0.00244006
 0.000573559
  0.00261947
 0.000245971
 -0.00254248
 -0.00104141
  0.00221667
  0.00173493
 -0.00167388
 -0.00225863
  0.00096724
  0.00256128
-0.000165885
 -0.00261317
-0.000651712
  0.00240927
  0.00140545
 -0.00196957
  -0.0020217
  0.00133706
  0.00568454
 -0.00133631
 -0.00610264
-0.000573055
  0.00592325
  0.00242619
 -0.00516423
  -0.0040419
  0.00389966
  0.00526199
 -0.00225336
 -0.00596702
 0.000386486
  0.00608797
  0.00151832
  -0.0056129
 -0.00327428
  0.00458855
  0.00471002
 -0.00311488
 -0.00568454
  0.00133631
  0.00610264
 0.000573055
 -0.00592325
 -0.00242619
  0.00516423
   0.0040419
 -0.00389966
 -0.00526199
  0.00225336
  0.00596702
-0.000386486
 -0.00608797
 -0.00151832
   0.0056129
  0.00327428
 -0.00458855
 -0.00471002
  0.00311488
   0.0124564
 -0.00292831
  -0.0133727
 -0.00125571
   0.0129796
  0.00531651
  -0.0113164
   -0.008857
  0.00854531
   0.0115306
 -0.00493773
  -0.0130755
 0.000846905
   0.0133405
  0.00332707
  -0.0122995
 -0.00717494
   0.0100548
    0.010321
 -0.00682557
  -0.0124564
  0.00292831
   0.0133727
  0.00125571
  -0.0129796
 -0.00531651
   0.0113164
    0.008857
 -0.00854531
  -0.0115306
  0.00493773
   0.0130755
-0.000846905
  -0.0133405
 -0.00332707
   0.0122995
  0.00717494
  -0.0100548
   -0.010321
  0.00682557
   0.0246379
 -0.00579206
  -0.0264503
 -0.00248365
   0.0256729
   0.0105158
  -0.0223831
  -0.0175186
   0.0169021
   0.0228068
 -0.00976649
  -0.0258625
   0.0016751
   0.0263867
   0.0065807
  -0.0243278
  -0.0141917
   0.0198877
   0.0204143
  -0.0135005
  -0.0246379
  0.00579206
   0.0264503
  0.00248365
  -0.0256729
  -0.0105158
   0.0223831
   0.0175186
  -0.0169021
  -0.0228068
  0.00976649
   0.0258625
  -0.0016751
  -0.0263867
  -0.0065807
   0.0243278
   0.0141917
  -0.0198877
  -0.0204143
   0.0135005
   0.0410222
 -0.00964385
  -0.0440398
 -0.00413519
   0.0427457
   0.0175089
   -0.037268
  -0.0291687
    0.028142
   0.0379736
  -0.0162612
  -0.0430613
    0.002789
   0.0439339
   0.0109569
  -0.0405061
  -0.0236293
   0.0331131
   0.0339898
  -0.0224785
  -0.0410222
  0.00964385
   0.0440398
  0.00413519
  -0.0427457
  -0.0175089
    0.037268
   0.0291687
   -0.028142
  -0.0379736
   0.0162612
   0.0430613
   -0.002789
  -0.0439339
  -0.0109569
   0.0405061
   0.0236293
  -0.0331131
  -0.0339898
   0.0224785
   0.0498456
  -0.0117182
  -0.0535122
 -0.00502451
     0.05194
   0.0212749
   -0.045284
  -0.0354426
    0.034195
   0.0461415
  -0.0197588
  -0.0523234
  0.00338883
   0.0533836
   0.0133135
  -0.0492187
  -0.0287119
   0.0402353
   0.0413006
  -0.0273134
  -0.0498456
   0.0117182
   0.0535122
  0.00502451
    -0.05194
  -0.0212749
    0.045284
   0.0354426
   -0.034195
  -0.0461415
   0.0197588
   0.0523234
 -0.00338883
  -0.0533836
  -0.0133135
   0.0492187
   0.0287119
  -0.0402353
  -0.0413006
   0.0273134
   0.0255497
 -0.00600662
  -0.0274291
 -0.00257536
   0.0266235
   0.0109052
  -0.0232118
  -0.0181672
   0.0175276
   0.0236513
  -0.0101279
    -0.02682
  0.00173701
   0.0273633
  0.00682423
  -0.0252286
  -0.0147172
   0.0206237
   0.0211697
  -0.0140003
  -0.0255497
  0.00600662
   0.0274291
  0.00257536
  -0.0266235
  -0.0109052
   0.0232118
   0.0181672
  -0.0175276
  -0.0236513
   0.0101279
     0.02682
 -0.00173701
  -0.0273633
 -0.00682423
   0.0252286
   0.0147172
  -0.0206237
  -0.0211697
   0.0140003
   -0.045321
   0.0106542
   0.0486545
  0.00456847
  -0.0472249
  -0.0193436
   0.0411731
   0.0322251
  -0.0310909
  -0.0419527
   0.0179653
   0.0475736
 -0.00308119
  -0.0485376
  -0.0121049
   0.0447506
   0.0261054
  -0.0365829
  -0.0375514
   0.0248341
    0.045321
  -0.0106542
  -0.0486545
 -0.00456847
   0.0472249
   0.0193436
  -0.0411731
  -0.0322251
   0.0310909
   0.0419527
  -0.0179653
  -0.0475736
  0.00308119
   0.0485376
   0.0121049
  -0.0447506
  -0.0261054
   0.0365829
   0.0375514
  -0.0248341
   -0.118021
   0.0277452
    0.126702
   0.0118966
    -0.12298
  -0.0503733
     0.10722
   0.0839184
  -0.0809646
    -0.10925
   0.0467837
    0.123888
 -0.00802373
   -0.126398
  -0.0315227
    0.116537
    0.067982
  -0.0952662
  -0.0977884
   0.0646711
    0.118021
  -0.0277452
   -0.126702
  -0.0118966
     0.12298
   0.0503733
    -0.10722
  -0.0839184
   0.0809646
     0.10925
  -0.0467837
   -0.123888
  0.00802373
    0.126398
   0.0315227
   -0.116537
   -0.067982
   0.0952662
   0.0977884
  -0.0646711
   -0.118021
   0.0277452
    0.126702
   0.0118966
    -0.12298
  -0.0503733
     0.10722
   0.0839184
  -0.0809646
    -0.10925
   0.0467837
    0.123888
 -0.00802373
   -0.126398
  -0.0315227
    0.116537
    0.067982
  -0.0952662
  -0.0977884
   0.0646711
    0.118021
  -0.0277452
   -0.126702
  -0.0118966
     0.12298
   0.0503733
    -0.10722
  -0.0839184
   0.0809646
     0.10925
  -0.0467837
   -0.123888
  0.00802373
    0.126398
   0.0315227
   -0.116537
   -0.067982
   0.0952662
   0.0977884
  -0.0646711
   -0.045321
   0.0106542
   0.0486545
  0.00456847
  -0.0472249
  -0.0193436
   0.0411731
   0.0322251
  -0.0310909
  -0.0419527
   0.0179653
   0.0475736
 -0.00308119
  -0.0485376
  -0.0121049
   0.0447506
   0.0261054
  -0.0365829
  -0.0375514
   0.0248341
    0.045321
  -0.0106542
  -0.0486545
 -0.00456847
   0.0472249
   0.0193436
  -0.0411731
  -0.0322251
   0.0310909
   0.0419527
  -0.0179653
  -0.0475736
  0.00308119
   0.0485376
   0.0121049
  -0.0447506
  -0.0261054
   0.0365829
   0.0375514
  -0.0248341
   0.0255497
 -0.00600662
  -0.0274291
 -0.00257536
   0.0266235
   0.0109052
  -0.0232118
  -0.0181672
   0.0175276
   0.0236513
  -0.0101279
    -0.02682
  0.00173701
   0.0273633
  0.00682423
  -0.0252286
  -0.0147172
   0.0206237
   0.0211697
  -0.0140003
  -0.0255497
  0.00600662
   0.0274291
  0.00257536
  -0.0266235
  -0.0109052
   0.0232118
   0.0181672
  -0.0175276
  -0.0236513
   0.0101279
     0.02682
 -0.00173701
  -0.0273633
 -0.00682423
   0.0252286
   0.0147172
  -0.0206237
  -0.0211697
   0.0140003
   0.0498456
  -0.0117182
  -0.0535122
 -0.00502451
     0.05194
   0.0212749
   -0.045284
  -0.0354426
    0.034195
   0.0461415
  -0.0197588
  -0.0523234
  0.00338883
   0.0533836
   0.0133135
  -0.0492187
  -0.0287119
   0.0402353
   0.0413006
  -0.0273134
  -0.0498456
   0.0117182
   0.0535122
  0.00502451
    -0.05194
  -0.0212749
    0.045284
   0.0354426
   -0.034195
  -0.0461415
   0.0197588
   0.0523234
 -0.00338883
  -0.0533836
  -0.0133135
   0.0492187
   0.0287119
  -0.0402353
  -0.0413006
   0.0273134
   0.0410222
 -0.00964385
  -0.0440398
 -0.00413519
   0.0427457
   0.0175089
   -0.037268
  -0.0291687
    0.028142
   0.0379736
  -0.0162612
  -0.0430613
    0.002789
   0.0439339
   0.0109569
  -0.0405061
  -0.0236293
   0.0331131
   0.0339898
  -0.0224785
  -0.0410222
  0.00964385
   0.0440398
  0.00413519
  -0.0427457
  -0.0175089
    0.037268
   0.0291687
   -0.028142
  -0.0379736
   0.0162612
   0.0430613
   -0.002789
  -0.0439339
  -0.0109569
   0.0405061
   0.0236293
  -0.0331131
  -0.0339898
   0.0224785
   0.0246379
 -0.00579206
  -0.0264503
 -0.00248365
   0.0256729
   0.0105158
  -0.0223831
  -0.0175186
   0.0169021
   0.0228068
 -0.00976649
  -0.0258625
   0.0016751
   0.0263867
   0.0065807
  -0.0243278
  -0.0141917
   0.0198877
   0.0204143
  -0.0135005
  -0.0246379
  0.00579206
   0.0264503
  0.00248365
  -0.0256729
  -0.0105158
   0.0223831
   0.0175186
  -0.0169021
  -0.0228068
  0.00976649
   0.0258625
  -0.0016751
  -0.0263867
  -0.0065807
   0.0243278
   0.0141917
  -0.0198877
  -0.0204143
   0.0135005
   0.0124564
 -0.00292831
  -0.0133727
 -0.00125571
   0.0129796
  0.00531651
  -0.0113164
   -0.008857
  0.00854531
   0.0115306
 -0.00493773
  -0.0130755
 0.000846905
   0.0133405
  0.00332707
  -0.0122995
 -0.00717494
   0.0100548
    0.010321
 -0.00682557
  -0.0124564
  0.00292831
   0.0133727
  0.00125571
  -0.0129796
 -0.00531651
   0.0113164
    0.008857
 -0.00854531
  -0.0115306
  0.00493773
   0.0130755
-0.000846905
  -0.0133405
 -0.00332707
   0.0122995
  0.00717494
  -0.0100548
   -0.010321
  0.00682557
  0.00568454
 -0.00133631
 -0.00610264
-0.000573055
  0.00592325
  0.00242619
 -0.00516423
  -0.0040419
  0.00389966
  0.00526199
 -0.00225336
 -0.00596702
 0.000386486
  0.00608797
  0.00151832
  -0.0056129
 -0.00327428
  0.00458855
  0.00471002
 -0.00311488
 -0.00568454
  0.00133631
  0.00610264
 0.000573055
 -0.00592325
 -0.00242619
  0.00516423
   0.0040419
 -0.00389966
 -0.00526199
  0.00225336
  0.00596702
-0.000386486
 -0.00608797
 -0.00151832
   0.0056129
  0.00327428
 -0.00458855
 -0.00471002
  0.00311488
  0.00244006
-0.000573559
 -0.00261947
-0.000245971
  0.00254248
  0.00104141
 -0.00221667
 -0.00173493
  0.00167388
  0.00225863
 -0.00096724
 -0.00256128
 0.000165885
  0.00261317
 0.000651712
 -0.00240927
 -0.00140545
  0.00196957
   0.0020217
 -0.00133706
 -0.00244006
 0.000573559
  0.00261947
 0.000245971
 -0.00254248
 -0.00104141
  0.00221667
  0.00173493
 -0.00167388
 -0.00225863
  0.00096724
  0.00256128
-0.000165885
 -0.00261317
-0.000651712
  0.00240927
  0.00140545
 -0.00196957
  -0.0020217
  0.00133706
  0.00101134
-0.000237684
 -0.00108564
-0.000101931
  0.00105376
 0.000431629
-0.000918717
-0.000719059
 0.000693748
 0.000936096
-0.000400897
 -0.00106156
  6.8739e-05
  0.00108304
 0.000270095
-0.000998556
-0.000582516
 0.000816286
 0.000837885
-0.000554189
 -0.00101134
 0.000237684
  0.00108564
 0.000101931
 -0.00105376
-0.000431629
 0.000918717
 0.000719059
-0.000693748
-0.000936096
 0.000400897
  0.00106156
 -6.8739e-05
 -0.00108304
-0.000270095
 0.000998556
 0.000582516
-0.000816286
-0.000837885
 0.000554189
 0.000411901
-9.67654e-05
-0.000442101
-4.14941e-05
 0.000429154
 0.000175788
-0.000374142
-0.000292836
 0.000282522
 0.000381213
-0.000163278
-0.000432333
 2.79786e-05
 0.000441051
 0.000109979
-0.000406677
-0.000237248
 0.000332408
 0.000341199
-0.000225725
-0.000411901
 9.67654e-05
 0.000442101
 4.14941e-05
-0.000429154
-0.000175788
 0.000374142
 0.000292836
-0.000282522
-0.000381213
 0.000163278
 0.000432333
-2.79786e-05
-0.000441051
-0.000109979
 0.000406677
 0.000237248
-0.000332408
-0.000341199
 0.000225725
 0.000166828
-3.91572e-05
-0.000179004
-1.67856e-05
 0.000173796
 7.11925e-05
-0.000151503
-0.000118583
 0.000114402
 0.000154362
-6.61307e-05
-0.000175085
 1.13147e-05
 0.000178586
 4.45183e-05
-0.000164701
-9.60934e-05
 0.000134583
  0.00013814
-9.14359e-05
-0.000166828
 3.91572e-05
 0.000179004
 1.67856e-05
-0.000173796
-7.11925e-05
 0.000151503
 0.000118583
-0.000114402
-0.000154362
 6.61307e-05
 0.000175085
-1.13147e-05
-0.000178586
-4.45183e-05
 0.000164701
 9.60934e-05
-0.000134583
 -0.00013814
 9.14359e-05
