 0.00887307
 0.00717849
 0.00274194
-0.00274194
-0.00717846
-0.00887308
-0.00717846
-0.00274194
 0.00274194
 0.00717849
 0.00887307
 0.00717849
 0.00274194
-0.00274194
-0.00717846
-0.00887308
-0.00717846
-0.00274194
 0.00274194
 0.00717849
 0.00887307
 0.00717849
 0.00274194
-0.00274194
-0.00717846
-0.00887308
-0.00717846
-0.00274194
 0.00274194
 0.00717849
 0.00887307
 0.00717849
 0.00274194
-0.00274194
-0.00717846
-0.00887308
-0.00717846
-0.00274194
 0.00274194
 0.00717849
  0.0133948
  0.0108367
 0.00413922
 -0.0041393
 -0.0108367
 -0.0133949
 -0.0108367
 -0.0041393
 0.00413922
  0.0108367
  0.0133948
  0.0108367
 0.00413922
 -0.0041393
 -0.0108367
 -0.0133949
 -0.0108367
 -0.0041393
 0.00413922
  0.0108367
  0.0133948
  0.0108367
 0.00413922
 -0.0041393
 -0.0108367
 -0.0133949
 -0.0108367
 -0.0041393
 0.00413922
  0.0108367
  0.0133948
  0.0108367
 0.00413922
 -0.0041393
 -0.0108367
 -0.0133949
 -0.0108367
 -0.0041393
 0.00413922
  0.0108367
  0.0196074
  0.0158627
 0.00605896
-0.00605914
 -0.0158628
 -0.0196076
 -0.0158628
-0.00605914
 0.00605896
  0.0158627
  0.0196074
  0.0158627
 0.00605896
-0.00605914
 -0.0158628
 -0.0196076
 -0.0158628
-0.00605914
 0.00605896
  0.0158627
  0.0196074
  0.0158627
 0.00605896
-0.00605914
 -0.0158628
 -0.0196076
 -0.0158628
-0.00605914
 0.00605896
  0.0158627
  0.0196074
  0.0158627
 0.00605896
-0.00605914
 -0.0158628
 -0.0196076
 -0.0158628
-0.00605914
 0.00605896
  0.0158627
  0.0272224
  0.0220235
 0.00841208
-0.00841241
 -0.0220236
 -0.0272228
 -0.0220236
-0.00841241
 0.00841208
  0.0220235
  0.0272224
  0.0220235
 0.00841208
-0.00841241
 -0.0220236
 -0.0272228
 -0.0220236
-0.00841241
 0.00841208
  0.0220235
  0.0272224
  0.0220235
 0.00841208
-0.00841241
 -0.0220236
 -0.0272228
 -0.0220236
-0.00841241
 0.00841208
  0.0220235
  0.0272224
  0.0220235
 0.00841208
-0.00841241
 -0.0220236
 -0.0272228
 -0.0220236
-0.00841241
 0.00841208
  0.0220235
  0.0344306
   0.027855
  0.0106395
   -0.01064
 -0.0278553
 -0.0344312
 -0.0278553
   -0.01064
  0.0106395
   0.027855
  0.0344306
   0.027855
  0.0106395
   -0.01064
 -0.0278553
 -0.0344312
 -0.0278553
   -0.01064
  0.0106395
   0.027855
  0.0344306
   0.027855
  0.0106395
   -0.01064
 -0.0278553
 -0.0344312
 -0.0278553
   -0.01064
  0.0106395
   0.027855
  0.0344306
   0.027855
  0.0106395
   -0.01064
 -0.0278553
 -0.0344312
 -0.0278553
   -0.01064
  0.0106395
   0.027855
  0.0363128
  0.0293779
  0.0112211
 -0.0112217
 -0.0293782
 -0.0363136
 -0.0293782
 -0.0112217
  0.0112211
  0.0293779
  0.0363128
  0.0293779
  0.0112211
 -0.0112217
 -0.0293782
 -0.0363136
 -0.0293782
 -0.0112217
  0.0112211
  0.0293779
  0.0363128
  0.0293779
  0.0112211
 -0.0112217
 -0.0293782
 -0.0363136
 -0.0293782
 -0.0112217
  0.0112211
  0.0293779
  0.0363128
  0.0293779
  0.0112211
 -0.0112217
 -0.0293782
 -0.0363136
 -0.0293782
 -0.0112217
  0.0112211
  0.0293779
  0.0236149
   0.019105
  0.0072972
-0.00729782
 -0.0191054
 -0.0236157
 -0.0191054
-0.00729782
  0.0072972
   0.019105
  0.0236149
   0.019105
  0.0072972
-0.00729782
 -0.0191054
 -0.0236157
 -0.0191054
-0.00729782
  0.0072972
   0.019105
  0.0236149
   0.019105
  0.0072972
-0.00729782
 -0.0191054
 -0.0236157
 -0.0191054
-0.00729782
  0.0072972
   0.019105
  0.0236149
   0.019105
  0.0072972
-0.00729782
 -0.0191054
 -0.0236157
 -0.0191054
-0.00729782
  0.0072972
   0.019105
 -0.0138132
 -0.0111752
-0.00426866
  0.0042683
  0.0111748
  0.0138128
  0.0111748
  0.0042683
-0.00426866
 -0.0111752
 -0.0138132
 -0.0111752
-0.00426866
  0.0042683
  0.0111748
  0.0138128
  0.0111748
  0.0042683
-0.00426866
 -0.0111752
 -0.0138132
 -0.0111752
-0.00426866
  0.0042683
  0.0111748
  0.0138128
  0.0111748
  0.0042683
-0.00426866
 -0.0111752
 -0.0138132
 -0.0111752
-0.00426866
  0.0042683
  0.0111748
  0.0138128
  0.0111748
  0.0042683
-0.00426866
 -0.0111752
 -0.0707279
 -0.0572205
 -0.0218561
  0.0218563
  0.0572202
  0.0707284
  0.0572202
  0.0218563
 -0.0218561
 -0.0572205
 -0.0707279
 -0.0572205
 -0.0218561
  0.0218563
  0.0572202
  0.0707284
  0.0572202
  0.0218563
 -0.0218561
 -0.0572205
 -0.0707279
 -0.0572205
 -0.0218561
  0.0218563
  0.0572202
  0.0707284
  0.0572202
  0.0218563
 -0.0218561
 -0.0572205
 -0.0707279
 -0.0572205
 -0.0218561
  0.0218563
  0.0572202
  0.0707284
  0.0572202
  0.0218563
 -0.0218561
 -0.0572205
  -0.101865
 -0.0824109
 -0.0314777
  0.0314783
  0.0824107
   0.101866
  0.0824107
  0.0314783
 -0.0314777
 -0.0824109
  -0.101865
 -0.0824109
 -0.0314777
  0.0314783
  0.0824107
   0.101866
  0.0824107
  0.0314783
 -0.0314777
 -0.0824109
  -0.101865
 -0.0824109
 -0.0314777
  0.0314783
  0.0824107
   0.101866
  0.0824107
  0.0314783
 -0.0314777
 -0.0824109
  -0.101865
 -0.0824109
 -0.0314777
  0.0314783
  0.0824107
   0.101866
  0.0824107
  0.0314783
 -0.0314777
 -0.0824109
  -0.046534
 -0.0376471
 -0.0143797
    0.01438
   0.037647
  0.0465345
   0.037647
    0.01438
 -0.0143797
 -0.0376471
  -0.046534
 -0.0376471
 -0.0143797
    0.01438
   0.037647
  0.0465345
   0.037647
    0.01438
 -0.0143797
 -0.0376471
  -0.046534
 -0.0376471
 -0.0143797
    0.01438
   0.037647
  0.0465345
   0.037647
    0.01438
 -0.0143797
 -0.0376471
  -0.046534
 -0.0376471
 -0.0143797
    0.01438
   0.037647
  0.0465345
   0.037647
    0.01438
 -0.0143797
 -0.0376471
  0.0530959
  0.0429561
  0.0164073
  -0.016408
 -0.0429562
 -0.0530972
 -0.0429562
  -0.016408
  0.0164073
  0.0429561
  0.0530959
  0.0429561
  0.0164073
  -0.016408
 -0.0429562
 -0.0530972
 -0.0429562
  -0.016408
  0.0164073
  0.0429561
  0.0530959
  0.0429561
  0.0164073
  -0.016408
 -0.0429562
 -0.0530972
 -0.0429562
  -0.016408
  0.0164073
  0.0429561
  0.0530959
  0.0429561
  0.0164073
  -0.016408
 -0.0429562
 -0.0530972
 -0.0429562
  -0.016408
  0.0164073
  0.0429561
  0.0530959
  0.0429561
  0.0164073
  -0.016408
 -0.0429562
 -0.0530972
 -0.0429562
  -0.016408
  0.0164073
  0.0429561
  0.0530959
  0.0429561
  0.0164073
  -0.016408
 -0.0429562
 -0.0530972
 -0.0429562
  -0.016408
  0.0164073
  0.0429561
  0.0530959
  0.0429561
  0.0164073
  -0.016408
 -0.0429562
 -0.0530972
 -0.0429562
  -0.016408
  0.0164073
  0.0429561
  0.0530959
  0.0429561
  0.0164073
  -0.016408
 -0.0429562
 -0.0530972
 -0.0429562
  -0.016408
  0.0164073
  0.0429561
  -0.046534
 -0.0376471
 -0.0143797
    0.01438
   0.037647
  0.0465345
   0.037647
    0.01438
 -0.0143797
 -0.0376471
  -0.046534
 -0.0376471
 -0.0143797
    0.01438
   0.037647
  0.0465345
   0.037647
    0.01438
 -0.0143797
 -0.0376471
  -0.046534
 -0.0376471
 -0.0143797
    0.01438
   0.037647
  0.0465345
   0.037647
    0.01438
 -0.0143797
 -0.0376471
  -0.046534
 -0.0376471
 -0.0143797
    0.01438
   0.037647
  0.0465345
   0.037647
    0.01438
 -0.0143797
 -0.0376471
  -0.101865
 -0.0824109
 -0.0314777
  0.0314783
  0.0824107
   0.101866
  0.0824107
  0.0314783
 -0.0314777
 -0.0824109
  -0.101865
 -0.0824109
 -0.0314777
  0.0314783
  0.0824107
   0.101866
  0.0824107
  0.0314783
 -0.0314777
 -0.0824109
  -0.101865
 -0.0824109
 -0.0314777
  0.0314783
  0.0824107
   0.101866
  0.0824107
  0.0314783
 -0.0314777
 -0.0824109
  -0.101865
 -0.0824109
 -0.0314777
  0.0314783
  0.0824107
   0.101866
  0.0824107
  0.0314783
 -0.0314777
 -0.0824109
 -0.0707279
 -0.0572205
 -0.0218561
  0.0218563
  0.0572202
  0.0707284
  0.0572202
  0.0218563
 -0.0218561
 -0.0572205
 -0.0707279
 -0.0572205
 -0.0218561
  0.0218563
  0.0572202
  0.0707284
  0.0572202
  0.0218563
 -0.0218561
 -0.0572205
 -0.0707279
 -0.0572205
 -0.0218561
  0.0218563
  0.0572202
  0.0707284
  0.0572202
  0.0218563
 -0.0218561
 -0.0572205
 -0.0707279
 -0.0572205
 -0.0218561
  0.0218563
  0.0572202
  0.0707284
  0.0572202
  0.0218563
 -0.0218561
 -0.0572205
 -0.0138132
 -0.0111752
-0.00426866
  0.0042683
  0.0111748
  0.0138128
  0.0111748
  0.0042683
-0.00426866
 -0.0111752
 -0.0138132
 -0.0111752
-0.00426866
  0.0042683
  0.0111748
  0.0138128
  0.0111748
  0.0042683
-0.00426866
 -0.0111752
 -0.0138132
 -0.0111752
-0.00426866
  0.0042683
  0.0111748
  0.0138128
  0.0111748
  0.0042683
-0.00426866
 -0.0111752
 -0.0138132
 -0.0111752
-0.00426866
  0.0042683
  0.0111748
  0.0138128
  0.0111748
  0.0042683
-0.00426866
 -0.0111752
  0.0236149
   0.019105
  0.0072972
-0.00729782
 -0.0191054
 -0.0236157
 -0.0191054
-0.00729782
  0.0072972
   0.019105
  0.0236149
   0.019105
  0.0072972
-0.00729782
 -0.0191054
 -0.0236157
 -0.0191054
-0.00729782
  0.0072972
   0.019105
  0.0236149
   0.019105
  0.0072972
-0.00729782
 -0.0191054
 -0.0236157
 -0.0191054
-0.00729782
  0.0072972
   0.019105
  0.0236149
   0.019105
  0.0072972
-0.00729782
 -0.0191054
 -0.0236157
 -0.0191054
-0.00729782
  0.0072972
   0.019105
  0.0363128
  0.0293779
  0.0112211
 -0.0112217
 -0.0293782
 -0.0363136
 -0.0293782
 -0.0112217
  0.0112211
  0.0293779
  0.0363128
  0.0293779
  0.0112211
 -0.0112217
 -0.0293782
 -0.0363136
 -0.0293782
 -0.0112217
  0.0112211
  0.0293779
  0.0363128
  0.0293779
  0.0112211
 -0.0112217
 -0.0293782
 -0.0363136
 -0.0293782
 -0.0112217
  0.0112211
  0.0293779
  0.0363128
  0.0293779
  0.0112211
 -0.0112217
 -0.0293782
 -0.0363136
 -0.0293782
 -0.0112217
  0.0112211
  0.0293779
  0.0344306
   0.027855
  0.0106395
   -0.01064
 -0.0278553
 -0.0344312
 -0.0278553
   -0.01064
  0.0106395
   0.027855
  0.0344306
   0.027855
  0.0106395
   -0.01064
 -0.0278553
 -0.0344312
 -0.0278553
   -0.01064
  0.0106395
   0.027855
  0.0344306
   0.027855
  0.0106395
   -0.01064
 -0.0278553
 -0.0344312
 -0.0278553
   -0.01064
  0.0106395
   0.027855
  0.0344306
   0.027855
  0.0106395
   -0.01064
 -0.0278553
 -0.0344312
 -0.0278553
   -0.01064
  0.0106395
   0.027855
  0.0272224
  0.0220235
 0.00841208
-0.00841241
 -0.0220236
 -0.0272228
 -0.0220236
-0.00841241
 0.00841208
  0.0220235
  0.0272224
  0.0220235
 0.00841208
-0.00841241
 -0.0220236
 -0.0272228
 -0.0220236
-0.00841241
 0.00841208
  0.0220235
  0.0272224
  0.0220235
 0.00841208
-0.00841241
 -0.0220236
 -0.0272228
 -0.0220236
-0.00841241
 0.00841208
  0.0220235
  0.0272224
  0.0220235
 0.00841208
-0.00841241
 -0.0220236
 -0.0272228
 -0.0220236
-0.00841241
 0.00841208
  0.0220235
  0.0196074
  0.0158627
 0.00605896
-0.00605914
 -0.0158628
 -0.0196076
 -0.0158628
-0.00605914
 0.00605896
  0.0158627
  0.0196074
  0.0158627
 0.00605896
-0.00605914
 -0.0158628
 -0.0196076
 -0.0158628
-0.00605914
 0.00605896
  0.0158627
  0.0196074
  0.0158627
 0.00605896
-0.00605914
 -0.0158628
 -0.0196076
 -0.0158628
-0.00605914
 0.00605896
  0.0158627
  0.0196074
  0.0158627
 0.00605896
-0.00605914
 -0.0158628
 -0.0196076
 -0.0158628
-0.00605914
 0.00605896
  0.0158627
  0.0133948
  0.0108367
 0.00413922
 -0.0041393
 -0.0108367
 -0.0133949
 -0.0108367
 -0.0041393
 0.00413922
  0.0108367
  0.0133948
  0.0108367
 0.00413922
 -0.0041393
 -0.0108367
 -0.0133949
 -0.0108367
 -0.0041393
 0.00413922
  0.0108367
  0.0133948
  0.0108367
 0.00413922
 -0.0041393
 -0.0108367
 -0.0133949
 -0.0108367
 -0.0041393
 0.00413922
  0.0108367
  0.0133948
  0.0108367
 0.00413922
 -0.0041393
 -0.0108367
 -0.0133949
 -0.0108367
 -0.0041393
 0.00413922
  0.0108367
 0.00887307
 0.00717849
 0.00274194
-0.00274194
-0.00717846
-0.00887308
-0.00717846
-0.00274194
 0.00274194
 0.00717849
 0.00887307
 0.00717849
 0.00274194
-0.00274194
-0.00717846
-0.00887308
-0.00717846
-0.00274194
 0.00274194
 0.00717849
 0.00887307
 0.00717849
 0.00274194
-0.00274194
-0.00717846
-0.00887308
-0.00717846
-0.00274194
 0.00274194
 0.00717849
 0.00887307
 0.00717849
 0.00274194
-0.00274194
-0.00717846
-0.00887308
-0.00717846
-0.00274194
 0.00274194
 0.00717849
