-4.18701e-12
  0.00521547
  0.00843881
  0.00843882
   0.0052155
  4.1893e-12
  -0.0052155
 -0.00843882
 -0.00843881
 -0.00521547
-4.18161e-12
  0.00521547
  0.00843881
  0.00843882
   0.0052155
  4.1908e-12
  -0.0052155
 -0.00843882
 -0.00843881
 -0.00521547
-4.18523e-12
  0.00521547
  0.00843881
  0.00843882
   0.0052155
 4.19458e-12
  -0.0052155
 -0.00843882
 -0.00843881
 -0.00521547
-4.19071e-12
  0.00521547
  0.00843881
  0.00843882
   0.0052155
 4.18289e-12
  -0.0052155
 -0.00843882
 -0.00843881
 -0.00521547
-6.32392e-12
  0.00787333
   0.0127393
   0.0127393
  0.00787337
 6.32448e-12
 -0.00787337
  -0.0127393
  -0.0127393
 -0.00787333
 -6.3157e-12
  0.00787333
   0.0127393
   0.0127393
  0.00787337
  6.3245e-12
 -0.00787337
  -0.0127393
  -0.0127393
 -0.00787333
 -6.3208e-12
  0.00787333
   0.0127393
   0.0127393
  0.00787337
 6.32908e-12
 -0.00787337
  -0.0127393
  -0.0127393
 -0.00787333
-6.32503e-12
  0.00787333
   0.0127393
   0.0127393
  0.00787337
 6.32277e-12
 -0.00787337
  -0.0127393
  -0.0127393
 -0.00787333
-9.26142e-12
    0.011525
   0.0186478
   0.0186479
   0.0115251
 9.25836e-12
  -0.0115251
  -0.0186479
  -0.0186478
   -0.011525
-9.25099e-12
    0.011525
   0.0186478
   0.0186479
   0.0115251
 9.25527e-12
  -0.0115251
  -0.0186479
  -0.0186478
   -0.011525
 -9.2554e-12
    0.011525
   0.0186478
   0.0186479
   0.0115251
 9.25694e-12
  -0.0115251
  -0.0186479
  -0.0186478
   -0.011525
-9.25681e-12
    0.011525
   0.0186478
   0.0186479
   0.0115251
 9.26726e-12
  -0.0115251
  -0.0186479
  -0.0186478
   -0.011525
-1.28631e-11
   0.0160011
   0.0258902
   0.0258903
   0.0160011
 1.28571e-11
  -0.0160011
  -0.0258903
  -0.0258902
  -0.0160011
-1.28511e-11
   0.0160011
   0.0258902
   0.0258903
   0.0160011
 1.28472e-11
  -0.0160011
  -0.0258903
  -0.0258902
  -0.0160011
-1.28512e-11
   0.0160011
   0.0258902
   0.0258903
   0.0160011
 1.28438e-11
  -0.0160011
  -0.0258903
  -0.0258902
  -0.0160011
-1.28517e-11
   0.0160011
   0.0258902
   0.0258903
   0.0160011
 1.28751e-11
  -0.0160011
  -0.0258903
  -0.0258902
  -0.0160011
-1.62684e-11
    0.020238
   0.0327456
   0.0327458
   0.0202381
 1.62657e-11
  -0.0202381
  -0.0327458
  -0.0327456
   -0.020238
-1.62604e-11
    0.020238
   0.0327456
   0.0327458
   0.0202381
 1.62502e-11
  -0.0202381
  -0.0327458
  -0.0327456
   -0.020238
-1.62576e-11
    0.020238
   0.0327456
   0.0327458
   0.0202381
 1.62496e-11
  -0.0202381
  -0.0327458
  -0.0327456
   -0.020238
 -1.6261e-11
    0.020238
   0.0327456
   0.0327458
   0.0202381
 1.62747e-11
  -0.0202381
  -0.0327458
  -0.0327456
   -0.020238
-1.71495e-11
   0.0213444
   0.0345358
    0.034536
   0.0213445
 1.71544e-11
  -0.0213445
   -0.034536
  -0.0345358
  -0.0213444
-1.71499e-11
   0.0213444
   0.0345358
    0.034536
   0.0213445
 1.71499e-11
  -0.0213445
   -0.034536
  -0.0345358
  -0.0213444
 -1.7154e-11
   0.0213444
   0.0345358
    0.034536
   0.0213445
 1.71538e-11
  -0.0213445
   -0.034536
  -0.0345358
  -0.0213444
-1.71608e-11
   0.0213444
   0.0345358
    0.034536
   0.0213445
 1.71318e-11
  -0.0213445
   -0.034536
  -0.0345358
  -0.0213444
-1.11511e-11
   0.0138807
   0.0224593
   0.0224595
   0.0138808
 1.11525e-11
  -0.0138808
  -0.0224595
  -0.0224593
  -0.0138807
-1.11466e-11
   0.0138807
   0.0224593
   0.0224595
   0.0138808
  1.1174e-11
  -0.0138808
  -0.0224595
  -0.0224593
  -0.0138807
-1.11411e-11
   0.0138807
   0.0224593
   0.0224595
   0.0138808
 1.11422e-11
  -0.0138808
  -0.0224595
  -0.0224593
  -0.0138807
-1.11668e-11
   0.0138807
   0.0224593
   0.0224595
   0.0138808
 1.11171e-11
  -0.0138808
  -0.0224595
  -0.0224593
  -0.0138807
 6.51968e-12
 -0.00811922
  -0.0131372
   -0.013137
  -0.0081191
-6.52006e-12
   0.0081191
    0.013137
   0.0131372
  0.00811922
  6.5393e-12
 -0.00811922
  -0.0131372
   -0.013137
  -0.0081191
-6.49452e-12
   0.0081191
    0.013137
   0.0131372
  0.00811922
 6.54848e-12
 -0.00811922
  -0.0131372
   -0.013137
  -0.0081191
-6.50847e-12
   0.0081191
    0.013137
   0.0131372
  0.00811922
  6.5045e-12
 -0.00811922
  -0.0131372
   -0.013137
  -0.0081191
-6.53284e-12
   0.0081191
    0.013137
   0.0131372
  0.00811922
 3.33837e-11
  -0.0415733
  -0.0672664
  -0.0672666
  -0.0415732
 -3.3403e-11
   0.0415732
   0.0672666
   0.0672664
   0.0415733
 3.34188e-11
  -0.0415733
  -0.0672664
  -0.0672666
  -0.0415732
-3.33828e-11
   0.0415732
   0.0672666
   0.0672664
   0.0415733
  3.3396e-11
  -0.0415733
  -0.0672664
  -0.0672666
  -0.0415732
-3.33992e-11
   0.0415732
   0.0672666
   0.0672664
   0.0415733
 3.33888e-11
  -0.0415733
  -0.0672664
  -0.0672666
  -0.0415732
-3.34322e-11
   0.0415732
   0.0672666
   0.0672664
   0.0415733
 4.80788e-11
  -0.0598752
  -0.0968791
  -0.0968796
  -0.0598752
-4.80913e-11
   0.0598752
   0.0968796
   0.0968791
   0.0598752
 4.81046e-11
  -0.0598752
  -0.0968791
  -0.0968796
  -0.0598752
-4.80762e-11
   0.0598752
   0.0968796
   0.0968791
   0.0598752
  4.8073e-11
  -0.0598752
  -0.0968791
  -0.0968796
  -0.0598752
-4.81026e-11
   0.0598752
   0.0968796
   0.0968791
   0.0598752
 4.80995e-11
  -0.0598752
  -0.0968791
  -0.0968796
  -0.0598752
-4.81019e-11
   0.0598752
   0.0968796
   0.0968791
   0.0598752
 2.19847e-11
  -0.0273521
  -0.0442564
  -0.0442568
  -0.0273524
 -2.1972e-11
   0.0273524
   0.0442568
   0.0442564
   0.0273521
 2.19607e-11
  -0.0273521
  -0.0442564
  -0.0442568
  -0.0273524
-2.19704e-11
   0.0273524
   0.0442568
   0.0442564
   0.0273521
 2.19706e-11
  -0.0273521
  -0.0442564
  -0.0442568
  -0.0273524
-2.19612e-11
   0.0273524
   0.0442568
   0.0442564
   0.0273521
 2.19871e-11
  -0.0273521
  -0.0442564
  -0.0442568
  -0.0273524
-2.19594e-11
   0.0273524
   0.0442568
   0.0442564
   0.0273521
-2.50218e-11
   0.0312099
   0.0504976
   0.0504978
   0.0312095
  2.5078e-11
  -0.0312095
  -0.0504978
  -0.0504976
  -0.0312099
 -2.5106e-11
   0.0312099
   0.0504976
   0.0504978
   0.0312095
 2.50103e-11
  -0.0312095
  -0.0504978
  -0.0504976
  -0.0312099
-2.51145e-11
   0.0312099
   0.0504976
   0.0504978
   0.0312095
 2.50745e-11
  -0.0312095
  -0.0504978
  -0.0504976
  -0.0312099
-2.50261e-11
   0.0312099
   0.0504976
   0.0504978
   0.0312095
 2.51239e-11
  -0.0312095
  -0.0504978
  -0.0504976
  -0.0312099
 -2.5035e-11
   0.0312099
   0.0504976
   0.0504978
   0.0312095
 2.50809e-11
  -0.0312095
  -0.0504978
  -0.0504976
  -0.0312099
-2.50893e-11
   0.0312099
   0.0504976
   0.0504978
   0.0312095
 2.50367e-11
  -0.0312095
  -0.0504978
  -0.0504976
  -0.0312099
-2.51093e-11
   0.0312099
   0.0504976
   0.0504978
   0.0312095
 2.50778e-11
  -0.0312095
  -0.0504978
  -0.0504976
  -0.0312099
-2.50435e-11
   0.0312099
   0.0504976
   0.0504978
   0.0312095
 2.51208e-11
  -0.0312095
  -0.0504978
  -0.0504976
  -0.0312099
 2.19945e-11
  -0.0273521
  -0.0442564
  -0.0442568
  -0.0273524
-2.19725e-11
   0.0273524
   0.0442568
   0.0442564
   0.0273521
 2.19575e-11
  -0.0273521
  -0.0442564
  -0.0442568
  -0.0273524
-2.19945e-11
   0.0273524
   0.0442568
   0.0442564
   0.0273521
  2.1981e-11
  -0.0273521
  -0.0442564
  -0.0442568
  -0.0273524
-2.19874e-11
   0.0273524
   0.0442568
   0.0442564
   0.0273521
 2.19828e-11
  -0.0273521
  -0.0442564
  -0.0442568
  -0.0273524
-2.19557e-11
   0.0273524
   0.0442568
   0.0442564
   0.0273521
   4.809e-11
  -0.0598752
  -0.0968791
  -0.0968796
  -0.0598752
-4.80822e-11
   0.0598752
   0.0968796
   0.0968791
   0.0598752
 4.80983e-11
  -0.0598752
  -0.0968791
  -0.0968796
  -0.0598752
-4.80984e-11
   0.0598752
   0.0968796
   0.0968791
   0.0598752
 4.80862e-11
  -0.0598752
  -0.0968791
  -0.0968796
  -0.0598752
-4.80933e-11
   0.0598752
   0.0968796
   0.0968791
   0.0598752
 4.80849e-11
  -0.0598752
  -0.0968791
  -0.0968796
  -0.0598752
-4.81064e-11
   0.0598752
   0.0968796
   0.0968791
   0.0598752
 3.33854e-11
  -0.0415733
  -0.0672664
  -0.0672666
  -0.0415732
-3.33931e-11
   0.0415732
   0.0672666
   0.0672664
   0.0415733
 3.33922e-11
  -0.0415733
  -0.0672664
  -0.0672666
  -0.0415732
-3.33905e-11
   0.0415732
   0.0672666
   0.0672664
   0.0415733
 3.34115e-11
  -0.0415733
  -0.0672664
  -0.0672666
  -0.0415732
  -3.339e-11
   0.0415732
   0.0672666
   0.0672664
   0.0415733
 3.33706e-11
  -0.0415733
  -0.0672664
  -0.0672666
  -0.0415732
-3.33919e-11
   0.0415732
   0.0672666
   0.0672664
   0.0415733
 6.49612e-12
 -0.00811922
  -0.0131372
   -0.013137
  -0.0081191
-6.53072e-12
   0.0081191
    0.013137
   0.0131372
  0.00811922
 6.53423e-12
 -0.00811922
  -0.0131372
   -0.013137
  -0.0081191
-6.50479e-12
   0.0081191
    0.013137
   0.0131372
  0.00811922
  6.5428e-12
 -0.00811922
  -0.0131372
   -0.013137
  -0.0081191
 -6.5135e-12
   0.0081191
    0.013137
   0.0131372
  0.00811922
 6.52459e-12
 -0.00811922
  -0.0131372
   -0.013137
  -0.0081191
-6.53404e-12
   0.0081191
    0.013137
   0.0131372
  0.00811922
-1.11434e-11
   0.0138807
   0.0224593
   0.0224595
   0.0138808
 1.11474e-11
  -0.0138808
  -0.0224595
  -0.0224593
  -0.0138807
-1.11495e-11
   0.0138807
   0.0224593
   0.0224595
   0.0138808
 1.11717e-11
  -0.0138808
  -0.0224595
  -0.0224593
  -0.0138807
-1.11313e-11
   0.0138807
   0.0224593
   0.0224595
   0.0138808
 1.11272e-11
  -0.0138808
  -0.0224595
  -0.0224593
  -0.0138807
-1.11522e-11
   0.0138807
   0.0224593
   0.0224595
   0.0138808
 1.11501e-11
  -0.0138808
  -0.0224595
  -0.0224593
  -0.0138807
-1.71618e-11
   0.0213444
   0.0345358
    0.034536
   0.0213445
 1.71324e-11
  -0.0213445
   -0.034536
  -0.0345358
  -0.0213444
-1.71498e-11
   0.0213444
   0.0345358
    0.034536
   0.0213445
 1.71704e-11
  -0.0213445
   -0.034536
  -0.0345358
  -0.0213444
-1.71384e-11
   0.0213444
   0.0345358
    0.034536
   0.0213445
 1.71463e-11
  -0.0213445
   -0.034536
  -0.0345358
  -0.0213444
-1.71334e-11
   0.0213444
   0.0345358
    0.034536
   0.0213445
 1.71398e-11
  -0.0213445
   -0.034536
  -0.0345358
  -0.0213444
-1.62699e-11
    0.020238
   0.0327456
   0.0327458
   0.0202381
 1.62578e-11
  -0.0202381
  -0.0327458
  -0.0327456
   -0.020238
 -1.6264e-11
    0.020238
   0.0327456
   0.0327458
   0.0202381
 1.62564e-11
  -0.0202381
  -0.0327458
  -0.0327456
   -0.020238
-1.62487e-11
    0.020238
   0.0327456
   0.0327458
   0.0202381
 1.62651e-11
  -0.0202381
  -0.0327458
  -0.0327456
   -0.020238
-1.62556e-11
    0.020238
   0.0327456
   0.0327458
   0.0202381
 1.62483e-11
  -0.0202381
  -0.0327458
  -0.0327456
   -0.020238
 -1.2855e-11
   0.0160011
   0.0258902
   0.0258903
   0.0160011
 1.28595e-11
  -0.0160011
  -0.0258903
  -0.0258902
  -0.0160011
 -1.2863e-11
   0.0160011
   0.0258902
   0.0258903
   0.0160011
  1.2846e-11
  -0.0160011
  -0.0258903
  -0.0258902
  -0.0160011
-1.28476e-11
   0.0160011
   0.0258902
   0.0258903
   0.0160011
 1.28598e-11
  -0.0160011
  -0.0258903
  -0.0258902
  -0.0160011
 -1.2858e-11
   0.0160011
   0.0258902
   0.0258903
   0.0160011
 1.28502e-11
  -0.0160011
  -0.0258903
  -0.0258902
  -0.0160011
-9.25573e-12
    0.011525
   0.0186478
   0.0186479
   0.0115251
 9.25821e-12
  -0.0115251
  -0.0186479
  -0.0186478
   -0.011525
-9.26495e-12
    0.011525
   0.0186478
   0.0186479
   0.0115251
 9.25513e-12
  -0.0115251
  -0.0186479
  -0.0186478
   -0.011525
-9.25647e-12
    0.011525
   0.0186478
   0.0186479
   0.0115251
 9.25995e-12
  -0.0115251
  -0.0186479
  -0.0186478
   -0.011525
-9.26033e-12
    0.011525
   0.0186478
   0.0186479
   0.0115251
   9.261e-12
  -0.0115251
  -0.0186479
  -0.0186478
   -0.011525
-6.32308e-12
  0.00787333
   0.0127393
   0.0127393
  0.00787337
 6.31845e-12
 -0.00787337
  -0.0127393
  -0.0127393
 -0.00787333
-6.32682e-12
  0.00787333
   0.0127393
   0.0127393
  0.00787337
 6.32513e-12
 -0.00787337
  -0.0127393
  -0.0127393
 -0.00787333
-6.32685e-12
  0.00787333
   0.0127393
   0.0127393
  0.00787337
 6.32269e-12
 -0.00787337
  -0.0127393
  -0.0127393
 -0.00787333
-6.32516e-12
  0.00787333
   0.0127393
   0.0127393
  0.00787337
 6.32931e-12
 -0.00787337
  -0.0127393
  -0.0127393
 -0.00787333
-4.18886e-12
  0.00521547
  0.00843881
  0.00843882
   0.0052155
 4.18098e-12
  -0.0052155
 -0.00843882
 -0.00843881
 -0.00521547
-4.18791e-12
  0.00521547
  0.00843881
  0.00843882
   0.0052155
  4.1898e-12
  -0.0052155
 -0.00843882
 -0.00843881
 -0.00521547
-4.19357e-12
  0.00521547
  0.00843881
  0.00843882
   0.0052155
 4.18577e-12
  -0.0052155
 -0.00843882
 -0.00843881
 -0.00521547
-4.18987e-12
  0.00521547
  0.00843881
  0.00843882
   0.0052155
 4.19183e-12
  -0.0052155
 -0.00843882
 -0.00843881
 -0.00521547
