0.000765169
0.000765131
0.000765141
0.000765084
0.000765048
0.000765022
0.000765048
0.000765084
0.000765141
0.000765131
0.000765169
0.000765131
0.000765141
0.000765084
0.000765048
0.000765022
0.000765048
0.000765084
0.000765141
0.000765131
0.000765169
0.000765131
0.000765141
0.000765084
0.000765048
0.000765022
0.000765048
0.000765084
0.000765141
0.000765131
0.000765169
0.000765131
0.000765141
0.000765084
0.000765048
0.000765022
0.000765048
0.000765084
0.000765141
0.000765131
 0.00716748
 0.00716745
 0.00716742
 0.00716736
 0.00716731
 0.00716729
 0.00716731
 0.00716736
 0.00716742
 0.00716745
 0.00716748
 0.00716745
 0.00716742
 0.00716736
 0.00716731
 0.00716729
 0.00716731
 0.00716736
 0.00716742
 0.00716745
 0.00716748
 0.00716745
 0.00716742
 0.00716736
 0.00716731
 0.00716729
 0.00716731
 0.00716736
 0.00716742
 0.00716745
 0.00716748
 0.00716745
 0.00716742
 0.00716736
 0.00716731
 0.00716729
 0.00716731
 0.00716736
 0.00716742
 0.00716745
  0.0158885
  0.0158885
  0.0158884
  0.0158883
  0.0158883
  0.0158883
  0.0158883
  0.0158883
  0.0158884
  0.0158885
  0.0158885
  0.0158885
  0.0158884
  0.0158883
  0.0158883
  0.0158883
  0.0158883
  0.0158883
  0.0158884
  0.0158885
  0.0158885
  0.0158885
  0.0158884
  0.0158883
  0.0158883
  0.0158883
  0.0158883
  0.0158883
  0.0158884
  0.0158885
  0.0158885
  0.0158885
  0.0158884
  0.0158883
  0.0158883
  0.0158883
  0.0158883
  0.0158883
  0.0158884
  0.0158885
  0.0267817
  0.0267817
  0.0267816
  0.0267815
  0.0267814
  0.0267814
  0.0267814
  0.0267815
  0.0267816
  0.0267817
  0.0267817
  0.0267817
  0.0267816
  0.0267815
  0.0267814
  0.0267814
  0.0267814
  0.0267815
  0.0267816
  0.0267817
  0.0267817
  0.0267817
  0.0267816
  0.0267815
  0.0267814
  0.0267814
  0.0267814
  0.0267815
  0.0267816
  0.0267817
  0.0267817
  0.0267817
  0.0267816
  0.0267815
  0.0267814
  0.0267814
  0.0267814
  0.0267815
  0.0267816
  0.0267817
  0.0385072
  0.0385072
  0.0385069
  0.0385069
  0.0385068
  0.0385069
  0.0385068
  0.0385069
  0.0385069
  0.0385072
  0.0385072
  0.0385072
  0.0385069
  0.0385069
  0.0385068
  0.0385069
  0.0385068
  0.0385069
  0.0385069
  0.0385072
  0.0385072
  0.0385072
  0.0385069
  0.0385069
  0.0385068
  0.0385069
  0.0385068
  0.0385069
  0.0385069
  0.0385072
  0.0385072
  0.0385072
  0.0385069
  0.0385069
  0.0385068
  0.0385069
  0.0385068
  0.0385069
  0.0385069
  0.0385072
  0.0473386
  0.0473387
  0.0473383
  0.0473383
  0.0473383
  0.0473384
  0.0473383
  0.0473383
  0.0473383
  0.0473387
  0.0473386
  0.0473387
  0.0473383
  0.0473383
  0.0473383
  0.0473384
  0.0473383
  0.0473383
  0.0473383
  0.0473387
  0.0473386
  0.0473387
  0.0473383
  0.0473383
  0.0473383
  0.0473384
  0.0473383
  0.0473383
  0.0473383
  0.0473387
  0.0473386
  0.0473387
  0.0473383
  0.0473383
  0.0473383
  0.0473384
  0.0473383
  0.0473383
  0.0473383
  0.0473387
  0.0460446
  0.0460447
  0.0460442
  0.0460443
  0.0460444
  0.0460445
  0.0460444
  0.0460443
  0.0460442
  0.0460447
  0.0460446
  0.0460447
  0.0460442
  0.0460443
  0.0460444
  0.0460445
  0.0460444
  0.0460443
  0.0460442
  0.0460447
  0.0460446
  0.0460447
  0.0460442
  0.0460443
  0.0460444
  0.0460445
  0.0460444
  0.0460443
  0.0460442
  0.0460447
  0.0460446
  0.0460447
  0.0460442
  0.0460443
  0.0460444
  0.0460445
  0.0460444
  0.0460443
  0.0460442
  0.0460447
  0.0256436
  0.0256436
  0.0256433
  0.0256435
  0.0256438
  0.0256439
  0.0256438
  0.0256435
  0.0256433
  0.0256436
  0.0256436
  0.0256436
  0.0256433
  0.0256435
  0.0256438
  0.0256439
  0.0256438
  0.0256435
  0.0256433
  0.0256436
  0.0256436
  0.0256436
  0.0256433
  0.0256435
  0.0256438
  0.0256439
  0.0256438
  0.0256435
  0.0256433
  0.0256436
  0.0256436
  0.0256436
  0.0256433
  0.0256435
  0.0256438
  0.0256439
  0.0256438
  0.0256435
  0.0256433
  0.0256436
 -0.0136255
 -0.0136256
 -0.0136253
 -0.0136251
 -0.0136248
 -0.0136247
 -0.0136248
 -0.0136251
 -0.0136253
 -0.0136256
 -0.0136255
 -0.0136256
 -0.0136253
 -0.0136251
 -0.0136248
 -0.0136247
 -0.0136248
 -0.0136251
 -0.0136253
 -0.0136256
 -0.0136255
 -0.0136256
 -0.0136253
 -0.0136251
 -0.0136248
 -0.0136247
 -0.0136248
 -0.0136251
 -0.0136253
 -0.0136256
 -0.0136255
 -0.0136256
 -0.0136253
 -0.0136251
 -0.0136248
 -0.0136247
 -0.0136248
 -0.0136251
 -0.0136253
 -0.0136256
  -0.042282
 -0.0422824
 -0.0422814
 -0.0422814
 -0.0422811
 -0.0422813
 -0.0422811
 -0.0422814
 -0.0422814
 -0.0422824
  -0.042282
 -0.0422824
 -0.0422814
 -0.0422814
 -0.0422811
 -0.0422813
 -0.0422811
 -0.0422814
 -0.0422814
 -0.0422824
  -0.042282
 -0.0422824
 -0.0422814
 -0.0422814
 -0.0422811
 -0.0422813
 -0.0422811
 -0.0422814
 -0.0422814
 -0.0422824
  -0.042282
 -0.0422824
 -0.0422814
 -0.0422814
 -0.0422811
 -0.0422813
 -0.0422811
 -0.0422814
 -0.0422814
 -0.0422824
 -0.0127082
 -0.0127082
 -0.0127076
 -0.0127076
 -0.0127077
 -0.0127079
 -0.0127077
 -0.0127076
 -0.0127076
 -0.0127082
 -0.0127082
 -0.0127082
 -0.0127076
 -0.0127076
 -0.0127077
 -0.0127079
 -0.0127077
 -0.0127076
 -0.0127076
 -0.0127082
 -0.0127082
 -0.0127082
 -0.0127076
 -0.0127076
 -0.0127077
 -0.0127079
 -0.0127077
 -0.0127076
 -0.0127076
 -0.0127082
 -0.0127082
 -0.0127082
 -0.0127076
 -0.0127076
 -0.0127077
 -0.0127079
 -0.0127077
 -0.0127076
 -0.0127076
 -0.0127082
  0.0533111
  0.0533117
  0.0533112
  0.0533113
  0.0533109
  0.0533109
  0.0533109
  0.0533113
  0.0533112
  0.0533117
  0.0533111
  0.0533117
  0.0533112
  0.0533113
  0.0533109
  0.0533109
  0.0533109
  0.0533113
  0.0533112
  0.0533117
  0.0533111
  0.0533117
  0.0533112
  0.0533113
  0.0533109
  0.0533109
  0.0533109
  0.0533113
  0.0533112
  0.0533117
  0.0533111
  0.0533117
  0.0533112
  0.0533113
  0.0533109
  0.0533109
  0.0533109
  0.0533113
  0.0533112
  0.0533117
  0.0533111
  0.0533117
  0.0533112
  0.0533113
  0.0533109
  0.0533109
  0.0533109
  0.0533113
  0.0533112
  0.0533117
  0.0533111
  0.0533117
  0.0533112
  0.0533113
  0.0533109
  0.0533109
  0.0533109
  0.0533113
  0.0533112
  0.0533117
  0.0533111
  0.0533117
  0.0533112
  0.0533113
  0.0533109
  0.0533109
  0.0533109
  0.0533113
  0.0533112
  0.0533117
  0.0533111
  0.0533117
  0.0533112
  0.0533113
  0.0533109
  0.0533109
  0.0533109
  0.0533113
  0.0533112
  0.0533117
 -0.0127082
 -0.0127082
 -0.0127076
 -0.0127076
 -0.0127077
 -0.0127079
 -0.0127077
 -0.0127076
 -0.0127076
 -0.0127082
 -0.0127082
 -0.0127082
 -0.0127076
 -0.0127076
 -0.0127077
 -0.0127079
 -0.0127077
 -0.0127076
 -0.0127076
 -0.0127082
 -0.0127082
 -0.0127082
 -0.0127076
 -0.0127076
 -0.0127077
 -0.0127079
 -0.0127077
 -0.0127076
 -0.0127076
 -0.0127082
 -0.0127082
 -0.0127082
 -0.0127076
 -0.0127076
 -0.0127077
 -0.0127079
 -0.0127077
 -0.0127076
 -0.0127076
 -0.0127082
  -0.042282
 -0.0422824
 -0.0422814
 -0.0422814
 -0.0422811
 -0.0422813
 -0.0422811
 -0.0422814
 -0.0422814
 -0.0422824
  -0.042282
 -0.0422824
 -0.0422814
 -0.0422814
 -0.0422811
 -0.0422813
 -0.0422811
 -0.0422814
 -0.0422814
 -0.0422824
  -0.042282
 -0.0422824
 -0.0422814
 -0.0422814
 -0.0422811
 -0.0422813
 -0.0422811
 -0.0422814
 -0.0422814
 -0.0422824
  -0.042282
 -0.0422824
 -0.0422814
 -0.0422814
 -0.0422811
 -0.0422813
 -0.0422811
 -0.0422814
 -0.0422814
 -0.0422824
 -0.0136255
 -0.0136256
 -0.0136253
 -0.0136251
 -0.0136248
 -0.0136247
 -0.0136248
 -0.0136251
 -0.0136253
 -0.0136256
 -0.0136255
 -0.0136256
 -0.0136253
 -0.0136251
 -0.0136248
 -0.0136247
 -0.0136248
 -0.0136251
 -0.0136253
 -0.0136256
 -0.0136255
 -0.0136256
 -0.0136253
 -0.0136251
 -0.0136248
 -0.0136247
 -0.0136248
 -0.0136251
 -0.0136253
 -0.0136256
 -0.0136255
 -0.0136256
 -0.0136253
 -0.0136251
 -0.0136248
 -0.0136247
 -0.0136248
 -0.0136251
 -0.0136253
 -0.0136256
  0.0256436
  0.0256436
  0.0256433
  0.0256435
  0.0256438
  0.0256439
  0.0256438
  0.0256435
  0.0256433
  0.0256436
  0.0256436
  0.0256436
  0.0256433
  0.0256435
  0.0256438
  0.0256439
  0.0256438
  0.0256435
  0.0256433
  0.0256436
  0.0256436
  0.0256436
  0.0256433
  0.0256435
  0.0256438
  0.0256439
  0.0256438
  0.0256435
  0.0256433
  0.0256436
  0.0256436
  0.0256436
  0.0256433
  0.0256435
  0.0256438
  0.0256439
  0.0256438
  0.0256435
  0.0256433
  0.0256436
  0.0460446
  0.0460447
  0.0460442
  0.0460443
  0.0460444
  0.0460445
  0.0460444
  0.0460443
  0.0460442
  0.0460447
  0.0460446
  0.0460447
  0.0460442
  0.0460443
  0.0460444
  0.0460445
  0.0460444
  0.0460443
  0.0460442
  0.0460447
  0.0460446
  0.0460447
  0.0460442
  0.0460443
  0.0460444
  0.0460445
  0.0460444
  0.0460443
  0.0460442
  0.0460447
  0.0460446
  0.0460447
  0.0460442
  0.0460443
  0.0460444
  0.0460445
  0.0460444
  0.0460443
  0.0460442
  0.0460447
  0.0473386
  0.0473387
  0.0473383
  0.0473383
  0.0473383
  0.0473384
  0.0473383
  0.0473383
  0.0473383
  0.0473387
  0.0473386
  0.0473387
  0.0473383
  0.0473383
  0.0473383
  0.0473384
  0.0473383
  0.0473383
  0.0473383
  0.0473387
  0.0473386
  0.0473387
  0.0473383
  0.0473383
  0.0473383
  0.0473384
  0.0473383
  0.0473383
  0.0473383
  0.0473387
  0.0473386
  0.0473387
  0.0473383
  0.0473383
  0.0473383
  0.0473384
  0.0473383
  0.0473383
  0.0473383
  0.0473387
  0.0385072
  0.0385072
  0.0385069
  0.0385069
  0.0385068
  0.0385069
  0.0385068
  0.0385069
  0.0385069
  0.0385072
  0.0385072
  0.0385072
  0.0385069
  0.0385069
  0.0385068
  0.0385069
  0.0385068
  0.0385069
  0.0385069
  0.0385072
  0.0385072
  0.0385072
  0.0385069
  0.0385069
  0.0385068
  0.0385069
  0.0385068
  0.0385069
  0.0385069
  0.0385072
  0.0385072
  0.0385072
  0.0385069
  0.0385069
  0.0385068
  0.0385069
  0.0385068
  0.0385069
  0.0385069
  0.0385072
  0.0267817
  0.0267817
  0.0267816
  0.0267815
  0.0267814
  0.0267814
  0.0267814
  0.0267815
  0.0267816
  0.0267817
  0.0267817
  0.0267817
  0.0267816
  0.0267815
  0.0267814
  0.0267814
  0.0267814
  0.0267815
  0.0267816
  0.0267817
  0.0267817
  0.0267817
  0.0267816
  0.0267815
  0.0267814
  0.0267814
  0.0267814
  0.0267815
  0.0267816
  0.0267817
  0.0267817
  0.0267817
  0.0267816
  0.0267815
  0.0267814
  0.0267814
  0.0267814
  0.0267815
  0.0267816
  0.0267817
  0.0158885
  0.0158885
  0.0158884
  0.0158883
  0.0158883
  0.0158883
  0.0158883
  0.0158883
  0.0158884
  0.0158885
  0.0158885
  0.0158885
  0.0158884
  0.0158883
  0.0158883
  0.0158883
  0.0158883
  0.0158883
  0.0158884
  0.0158885
  0.0158885
  0.0158885
  0.0158884
  0.0158883
  0.0158883
  0.0158883
  0.0158883
  0.0158883
  0.0158884
  0.0158885
  0.0158885
  0.0158885
  0.0158884
  0.0158883
  0.0158883
  0.0158883
  0.0158883
  0.0158883
  0.0158884
  0.0158885
 0.00716748
 0.00716745
 0.00716742
 0.00716736
 0.00716731
 0.00716729
 0.00716731
 0.00716736
 0.00716742
 0.00716745
 0.00716748
 0.00716745
 0.00716742
 0.00716736
 0.00716731
 0.00716729
 0.00716731
 0.00716736
 0.00716742
 0.00716745
 0.00716748
 0.00716745
 0.00716742
 0.00716736
 0.00716731
 0.00716729
 0.00716731
 0.00716736
 0.00716742
 0.00716745
 0.00716748
 0.00716745
 0.00716742
 0.00716736
 0.00716731
 0.00716729
 0.00716731
 0.00716736
 0.00716742
 0.00716745
0.000765169
0.000765131
0.000765141
0.000765084
0.000765048
0.000765022
0.000765048
0.000765084
0.000765141
0.000765131
0.000765169
0.000765131
0.000765141
0.000765084
0.000765048
0.000765022
0.000765048
0.000765084
0.000765141
0.000765131
0.000765169
0.000765131
0.000765141
0.000765084
0.000765048
0.000765022
0.000765048
0.000765084
0.000765141
0.000765131
0.000765169
0.000765131
0.000765141
0.000765084
0.000765048
0.000765022
0.000765048
0.000765084
0.000765141
0.000765131
