 6.15932e-14
-0.000343791
-0.000212482
  0.00021246
 0.000343778
 5.18377e-14
-0.000343778
 -0.00021246
 0.000212482
 0.000343791
 6.34444e-14
-0.000343791
-0.000212482
  0.00021246
 0.000343778
 5.56016e-14
-0.000343778
 -0.00021246
 0.000212482
 0.000343791
 5.46543e-14
-0.000343791
-0.000212482
  0.00021246
 0.000343778
 6.36914e-14
-0.000343778
 -0.00021246
 0.000212482
 0.000343791
 6.49661e-14
-0.000343791
-0.000212482
  0.00021246
 0.000343778
 5.62874e-14
-0.000343778
 -0.00021246
 0.000212482
 0.000343791
 1.32024e-13
-0.000772792
-0.000477623
 0.000477589
 0.000772772
 1.23632e-13
-0.000772772
-0.000477589
 0.000477623
 0.000772792
 1.35711e-13
-0.000772792
-0.000477623
 0.000477589
 0.000772772
 1.24856e-13
-0.000772772
-0.000477589
 0.000477623
 0.000772792
 1.20941e-13
-0.000772792
-0.000477623
 0.000477589
 0.000772772
 1.34955e-13
-0.000772772
-0.000477589
 0.000477623
 0.000772792
  1.3533e-13
-0.000772792
-0.000477623
 0.000477589
 0.000772772
 1.35484e-13
-0.000772772
-0.000477589
 0.000477623
 0.000772792
 2.88923e-13
 -0.00170881
 -0.00105612
  0.00105607
  0.00170878
 2.88521e-13
 -0.00170878
 -0.00105607
  0.00105612
  0.00170881
 2.88646e-13
 -0.00170881
 -0.00105612
  0.00105607
  0.00170878
 2.81436e-13
 -0.00170878
 -0.00105607
  0.00105612
  0.00170881
 2.75743e-13
 -0.00170881
 -0.00105612
  0.00105607
  0.00170878
 2.85437e-13
 -0.00170878
 -0.00105607
  0.00105612
  0.00170881
 2.89797e-13
 -0.00170881
 -0.00105612
  0.00105607
  0.00170878
 3.02111e-13
 -0.00170878
 -0.00105607
  0.00105612
  0.00170881
 6.16925e-13
 -0.00365629
 -0.00225973
  0.00225967
  0.00365625
 6.26237e-13
 -0.00365625
 -0.00225967
  0.00225973
  0.00365629
 6.09918e-13
 -0.00365629
 -0.00225973
  0.00225967
  0.00365625
 6.10292e-13
 -0.00365625
 -0.00225967
  0.00225973
  0.00365629
 6.06678e-13
 -0.00365629
 -0.00225973
  0.00225967
  0.00365625
 6.02536e-13
 -0.00365625
 -0.00225967
  0.00225973
  0.00365629
 6.15612e-13
 -0.00365629
 -0.00225973
  0.00225967
  0.00365625
 6.32254e-13
 -0.00365625
 -0.00225967
  0.00225973
  0.00365629
 1.24008e-12
 -0.00737454
 -0.00455772
  0.00455766
  0.00737448
 1.25084e-12
 -0.00737448
 -0.00455766
  0.00455772
  0.00737454
 1.24249e-12
 -0.00737454
 -0.00455772
  0.00455766
  0.00737448
 1.23879e-12
 -0.00737448
 -0.00455766
  0.00455772
  0.00737454
  1.2408e-12
 -0.00737454
 -0.00455772
  0.00455766
  0.00737448
 1.22754e-12
 -0.00737448
 -0.00455766
  0.00455772
  0.00737454
 1.23626e-12
 -0.00737454
 -0.00455772
  0.00455766
  0.00737448
 1.24431e-12
 -0.00737448
 -0.00455766
  0.00455772
  0.00737454
 2.24154e-12
  -0.0134036
 -0.00828388
  0.00828384
   0.0134036
 2.24464e-12
  -0.0134036
 -0.00828384
  0.00828388
   0.0134036
  2.2653e-12
  -0.0134036
 -0.00828388
  0.00828384
   0.0134036
 2.25976e-12
  -0.0134036
 -0.00828384
  0.00828388
   0.0134036
 2.25582e-12
  -0.0134036
 -0.00828388
  0.00828384
   0.0134036
 2.26154e-12
  -0.0134036
 -0.00828384
  0.00828388
   0.0134036
 2.23672e-12
  -0.0134036
 -0.00828388
  0.00828384
   0.0134036
 2.23453e-12
  -0.0134036
 -0.00828384
  0.00828388
   0.0134036
   3.339e-12
   -0.020048
  -0.0123903
   0.0123903
    0.020048
  3.3575e-12
   -0.020048
  -0.0123903
   0.0123903
    0.020048
 3.35406e-12
   -0.020048
  -0.0123903
   0.0123903
    0.020048
 3.38664e-12
   -0.020048
  -0.0123903
   0.0123903
    0.020048
 3.35578e-12
   -0.020048
  -0.0123903
   0.0123903
    0.020048
  3.3719e-12
   -0.020048
  -0.0123903
   0.0123903
    0.020048
 3.36116e-12
   -0.020048
  -0.0123903
   0.0123903
    0.020048
 3.35273e-12
   -0.020048
  -0.0123903
   0.0123903
    0.020048
 3.13251e-12
  -0.0188581
  -0.0116547
    0.011655
   0.0188581
 3.16338e-12
  -0.0188581
   -0.011655
   0.0116547
   0.0188581
 3.19036e-12
  -0.0188581
  -0.0116547
    0.011655
   0.0188581
 3.15237e-12
  -0.0188581
   -0.011655
   0.0116547
   0.0188581
 3.19018e-12
  -0.0188581
  -0.0116547
    0.011655
   0.0188581
 3.16857e-12
  -0.0188581
   -0.011655
   0.0116547
   0.0188581
 3.16995e-12
  -0.0188581
  -0.0116547
    0.011655
   0.0188581
 3.16629e-12
  -0.0188581
   -0.011655
   0.0116547
   0.0188581
-1.31325e-12
  0.00784826
  0.00485068
 -0.00485034
 -0.00784812
-1.34308e-12
  0.00784812
  0.00485034
 -0.00485068
 -0.00784826
-1.32525e-12
  0.00784826
  0.00485068
 -0.00485034
 -0.00784812
-1.30638e-12
  0.00784812
  0.00485034
 -0.00485068
 -0.00784826
-1.31742e-12
  0.00784826
  0.00485068
 -0.00485034
 -0.00784812
-1.32984e-12
  0.00784812
  0.00485034
 -0.00485068
 -0.00784826
-1.31481e-12
  0.00784826
  0.00485068
 -0.00485034
 -0.00784812
-1.31856e-12
  0.00784812
  0.00485034
 -0.00485068
 -0.00784826
 -1.1468e-11
    0.068285
   0.0422023
  -0.0422021
  -0.0682846
-1.14517e-11
   0.0682846
   0.0422021
  -0.0422023
   -0.068285
-1.14262e-11
    0.068285
   0.0422023
  -0.0422021
  -0.0682846
-1.14334e-11
   0.0682846
   0.0422021
  -0.0422023
   -0.068285
-1.14542e-11
    0.068285
   0.0422023
  -0.0422021
  -0.0682846
-1.14324e-11
   0.0682846
   0.0422021
  -0.0422023
   -0.068285
-1.14281e-11
    0.068285
   0.0422023
  -0.0422021
  -0.0682846
-1.14245e-11
   0.0682846
   0.0422021
  -0.0422023
   -0.068285
-1.92075e-11
     0.11445
   0.0707332
  -0.0707333
   -0.114449
-1.91836e-11
    0.114449
   0.0707333
  -0.0707332
    -0.11445
-1.91942e-11
     0.11445
   0.0707332
  -0.0707333
   -0.114449
-1.91886e-11
    0.114449
   0.0707333
  -0.0707332
    -0.11445
 -1.9187e-11
     0.11445
   0.0707332
  -0.0707333
   -0.114449
-1.91825e-11
    0.114449
   0.0707333
  -0.0707332
    -0.11445
-1.92086e-11
     0.11445
   0.0707332
  -0.0707333
   -0.114449
-1.92215e-11
    0.114449
   0.0707333
  -0.0707332
    -0.11445
-1.03086e-11
   0.0614908
    0.038003
  -0.0380032
  -0.0614905
-1.03228e-11
   0.0614905
   0.0380032
   -0.038003
  -0.0614908
-1.03267e-11
   0.0614908
    0.038003
  -0.0380032
  -0.0614905
 -1.0355e-11
   0.0614905
   0.0380032
   -0.038003
  -0.0614908
 -1.0338e-11
   0.0614908
    0.038003
  -0.0380032
  -0.0614905
-1.03348e-11
   0.0614905
   0.0380032
   -0.038003
  -0.0614908
-1.03136e-11
   0.0614908
    0.038003
  -0.0380032
  -0.0614905
-1.03039e-11
   0.0614905
   0.0380032
   -0.038003
  -0.0614908
 1.03091e-11
  -0.0614908
   -0.038003
   0.0380032
   0.0614905
 1.03486e-11
  -0.0614905
  -0.0380032
    0.038003
   0.0614908
 1.03367e-11
  -0.0614908
   -0.038003
   0.0380032
   0.0614905
 1.03242e-11
  -0.0614905
  -0.0380032
    0.038003
   0.0614908
 1.03203e-11
  -0.0614908
   -0.038003
   0.0380032
   0.0614905
 1.03503e-11
  -0.0614905
  -0.0380032
    0.038003
   0.0614908
 1.03112e-11
  -0.0614908
   -0.038003
   0.0380032
   0.0614905
 1.03096e-11
  -0.0614905
  -0.0380032
    0.038003
   0.0614908
 1.91994e-11
    -0.11445
  -0.0707332
   0.0707333
    0.114449
 1.91895e-11
   -0.114449
  -0.0707333
   0.0707332
     0.11445
 1.91905e-11
    -0.11445
  -0.0707332
   0.0707333
    0.114449
 1.91927e-11
   -0.114449
  -0.0707333
   0.0707332
     0.11445
 1.91964e-11
    -0.11445
  -0.0707332
   0.0707333
    0.114449
 1.91831e-11
   -0.114449
  -0.0707333
   0.0707332
     0.11445
 1.91963e-11
    -0.11445
  -0.0707332
   0.0707333
    0.114449
 1.92071e-11
   -0.114449
  -0.0707333
   0.0707332
     0.11445
 1.14757e-11
   -0.068285
  -0.0422023
   0.0422021
   0.0682846
 1.14645e-11
  -0.0682846
  -0.0422021
   0.0422023
    0.068285
 1.14524e-11
   -0.068285
  -0.0422023
   0.0422021
   0.0682846
 1.14495e-11
  -0.0682846
  -0.0422021
   0.0422023
    0.068285
 1.14638e-11
   -0.068285
  -0.0422023
   0.0422021
   0.0682846
 1.14549e-11
  -0.0682846
  -0.0422021
   0.0422023
    0.068285
 1.14545e-11
   -0.068285
  -0.0422023
   0.0422021
   0.0682846
 1.14622e-11
  -0.0682846
  -0.0422021
   0.0422023
    0.068285
 1.30629e-12
 -0.00784826
 -0.00485068
  0.00485034
  0.00784812
 1.32706e-12
 -0.00784812
 -0.00485034
  0.00485068
  0.00784826
 1.30719e-12
 -0.00784826
 -0.00485068
  0.00485034
  0.00784812
 1.30497e-12
 -0.00784812
 -0.00485034
  0.00485068
  0.00784826
 1.30546e-12
 -0.00784826
 -0.00485068
  0.00485034
  0.00784812
 1.33508e-12
 -0.00784812
 -0.00485034
  0.00485068
  0.00784826
 1.29226e-12
 -0.00784826
 -0.00485068
  0.00485034
  0.00784812
 1.33862e-12
 -0.00784812
 -0.00485034
  0.00485068
  0.00784826
-3.16653e-12
   0.0188581
   0.0116547
   -0.011655
  -0.0188581
-3.16083e-12
   0.0188581
    0.011655
  -0.0116547
  -0.0188581
-3.17702e-12
   0.0188581
   0.0116547
   -0.011655
  -0.0188581
-3.17315e-12
   0.0188581
    0.011655
  -0.0116547
  -0.0188581
-3.14111e-12
   0.0188581
   0.0116547
   -0.011655
  -0.0188581
-3.16175e-12
   0.0188581
    0.011655
  -0.0116547
  -0.0188581
-3.19142e-12
   0.0188581
   0.0116547
   -0.011655
  -0.0188581
-3.20685e-12
   0.0188581
    0.011655
  -0.0116547
  -0.0188581
-3.35843e-12
    0.020048
   0.0123903
  -0.0123903
   -0.020048
-3.37513e-12
    0.020048
   0.0123903
  -0.0123903
   -0.020048
-3.36784e-12
    0.020048
   0.0123903
  -0.0123903
   -0.020048
-3.33018e-12
    0.020048
   0.0123903
  -0.0123903
   -0.020048
-3.41529e-12
    0.020048
   0.0123903
  -0.0123903
   -0.020048
-3.38248e-12
    0.020048
   0.0123903
  -0.0123903
   -0.020048
-3.35935e-12
    0.020048
   0.0123903
  -0.0123903
   -0.020048
-3.32047e-12
    0.020048
   0.0123903
  -0.0123903
   -0.020048
-2.26476e-12
   0.0134036
  0.00828388
 -0.00828384
  -0.0134036
-2.25264e-12
   0.0134036
  0.00828384
 -0.00828388
  -0.0134036
 -2.2321e-12
   0.0134036
  0.00828388
 -0.00828384
  -0.0134036
-2.26193e-12
   0.0134036
  0.00828384
 -0.00828388
  -0.0134036
-2.25003e-12
   0.0134036
  0.00828388
 -0.00828384
  -0.0134036
-2.23099e-12
   0.0134036
  0.00828384
 -0.00828388
  -0.0134036
-2.23744e-12
   0.0134036
  0.00828388
 -0.00828384
  -0.0134036
 -2.2348e-12
   0.0134036
  0.00828384
 -0.00828388
  -0.0134036
-1.24681e-12
  0.00737454
  0.00455772
 -0.00455766
 -0.00737448
-1.22093e-12
  0.00737448
  0.00455766
 -0.00455772
 -0.00737454
-1.24484e-12
  0.00737454
  0.00455772
 -0.00455766
 -0.00737448
-1.24995e-12
  0.00737448
  0.00455766
 -0.00455772
 -0.00737454
-1.21424e-12
  0.00737454
  0.00455772
 -0.00455766
 -0.00737448
  -1.225e-12
  0.00737448
  0.00455766
 -0.00455772
 -0.00737454
-1.20974e-12
  0.00737454
  0.00455772
 -0.00455766
 -0.00737448
-1.25081e-12
  0.00737448
  0.00455766
 -0.00455772
 -0.00737454
-6.13042e-13
  0.00365629
  0.00225973
 -0.00225967
 -0.00365625
-5.94955e-13
  0.00365625
  0.00225967
 -0.00225973
 -0.00365629
 -6.2467e-13
  0.00365629
  0.00225973
 -0.00225967
 -0.00365625
-6.11426e-13
  0.00365625
  0.00225967
 -0.00225973
 -0.00365629
 -5.9918e-13
  0.00365629
  0.00225973
 -0.00225967
 -0.00365625
-6.09293e-13
  0.00365625
  0.00225967
 -0.00225973
 -0.00365629
-5.93674e-13
  0.00365629
  0.00225973
 -0.00225967
 -0.00365625
-6.15774e-13
  0.00365625
  0.00225967
 -0.00225973
 -0.00365629
-2.84578e-13
  0.00170881
  0.00105612
 -0.00105607
 -0.00170878
-2.85773e-13
  0.00170878
  0.00105607
 -0.00105612
 -0.00170881
-2.85929e-13
  0.00170881
  0.00105612
 -0.00105607
 -0.00170878
-2.81927e-13
  0.00170878
  0.00105607
 -0.00105612
 -0.00170881
-2.83823e-13
  0.00170881
  0.00105612
 -0.00105607
 -0.00170878
-2.82143e-13
  0.00170878
  0.00105607
 -0.00105612
 -0.00170881
-2.79635e-13
  0.00170881
  0.00105612
 -0.00105607
 -0.00170878
-2.80995e-13
  0.00170878
  0.00105607
 -0.00105612
 -0.00170881
-1.28516e-13
 0.000772792
 0.000477623
-0.000477589
-0.000772772
-1.42202e-13
 0.000772772
 0.000477589
-0.000477623
-0.000772792
-1.23414e-13
 0.000772792
 0.000477623
-0.000477589
-0.000772772
 -1.2829e-13
 0.000772772
 0.000477589
-0.000477623
-0.000772792
-1.31343e-13
 0.000772792
 0.000477623
-0.000477589
-0.000772772
-1.25024e-13
 0.000772772
 0.000477589
-0.000477623
-0.000772792
-1.27783e-13
 0.000772792
 0.000477623
-0.000477589
-0.000772772
-1.24205e-13
 0.000772772
 0.000477589
-0.000477623
-0.000772792
-5.78812e-14
 0.000343791
 0.000212482
 -0.00021246
-0.000343778
-7.52597e-14
 0.000343778
  0.00021246
-0.000212482
-0.000343791
-5.46444e-14
 0.000343791
 0.000212482
 -0.00021246
-0.000343778
-5.93992e-14
 0.000343778
  0.00021246
-0.000212482
-0.000343791
-5.99334e-14
 0.000343791
 0.000212482
 -0.00021246
-0.000343778
-5.61268e-14
 0.000343778
  0.00021246
-0.000212482
-0.000343791
-5.65693e-14
 0.000343791
 0.000212482
 -0.00021246
-0.000343778
-5.52166e-14
 0.000343778
  0.00021246
-0.000212482
-0.000343791
