 0.000361449
 0.000111676
-0.000292468
-0.000292466
 0.000111678
 0.000361455
 0.000111678
-0.000292466
-0.000292468
 0.000111676
 0.000361449
 0.000111676
-0.000292468
-0.000292466
 0.000111678
 0.000361455
 0.000111678
-0.000292466
-0.000292468
 0.000111676
 0.000361449
 0.000111676
-0.000292468
-0.000292466
 0.000111678
 0.000361455
 0.000111678
-0.000292466
-0.000292468
 0.000111676
 0.000361449
 0.000111676
-0.000292468
-0.000292466
 0.000111678
 0.000361455
 0.000111678
-0.000292466
-0.000292468
 0.000111676
 0.000812501
 0.000251045
-0.000657418
-0.000657415
 0.000251045
 0.000812511
 0.000251045
-0.000657415
-0.000657418
 0.000251045
 0.000812501
 0.000251045
-0.000657418
-0.000657415
 0.000251045
 0.000812511
 0.000251045
-0.000657415
-0.000657418
 0.000251045
 0.000812501
 0.000251045
-0.000657418
-0.000657415
 0.000251045
 0.000812511
 0.000251045
-0.000657415
-0.000657418
 0.000251045
 0.000812501
 0.000251045
-0.000657418
-0.000657415
 0.000251045
 0.000812511
 0.000251045
-0.000657415
-0.000657418
 0.000251045
  0.00179665
 0.000555144
 -0.00145367
 -0.00145366
  0.00055514
  0.00179667
  0.00055514
 -0.00145366
 -0.00145367
 0.000555144
  0.00179665
 0.000555144
 -0.00145367
 -0.00145366
  0.00055514
  0.00179667
  0.00055514
 -0.00145366
 -0.00145367
 0.000555144
  0.00179665
 0.000555144
 -0.00145367
 -0.00145366
  0.00055514
  0.00179667
  0.00055514
 -0.00145366
 -0.00145367
 0.000555144
  0.00179665
 0.000555144
 -0.00145367
 -0.00145366
  0.00055514
  0.00179667
  0.00055514
 -0.00145366
 -0.00145367
 0.000555144
   0.0038443
  0.00118788
 -0.00311033
 -0.00311033
  0.00118787
  0.00384433
  0.00118787
 -0.00311033
 -0.00311033
  0.00118788
   0.0038443
  0.00118788
 -0.00311033
 -0.00311033
  0.00118787
  0.00384433
  0.00118787
 -0.00311033
 -0.00311033
  0.00118788
   0.0038443
  0.00118788
 -0.00311033
 -0.00311033
  0.00118787
  0.00384433
  0.00118787
 -0.00311033
 -0.00311033
  0.00118788
   0.0038443
  0.00118788
 -0.00311033
 -0.00311033
  0.00118787
  0.00384433
  0.00118787
 -0.00311033
 -0.00311033
  0.00118788
  0.00775383
  0.00239597
  -0.0062733
 -0.00627331
  0.00239593
   0.0077539
  0.00239593
 -0.00627331
  -0.0062733
  0.00239597
  0.00775383
  0.00239597
  -0.0062733
 -0.00627331
  0.00239593
   0.0077539
  0.00239593
 -0.00627331
  -0.0062733
  0.00239597
  0.00775383
  0.00239597
  -0.0062733
 -0.00627331
  0.00239593
   0.0077539
  0.00239593
 -0.00627331
  -0.0062733
  0.00239597
  0.00775383
  0.00239597
  -0.0062733
 -0.00627331
  0.00239593
   0.0077539
  0.00239593
 -0.00627331
  -0.0062733
  0.00239597
   0.0140931
  0.00435492
   -0.011402
   -0.011402
  0.00435482
   0.0140932
  0.00435482
   -0.011402
   -0.011402
  0.00435492
   0.0140931
  0.00435492
   -0.011402
   -0.011402
  0.00435482
   0.0140932
  0.00435482
   -0.011402
   -0.011402
  0.00435492
   0.0140931
  0.00435492
   -0.011402
   -0.011402
  0.00435482
   0.0140932
  0.00435482
   -0.011402
   -0.011402
  0.00435492
   0.0140931
  0.00435492
   -0.011402
   -0.011402
  0.00435482
   0.0140932
  0.00435482
   -0.011402
   -0.011402
  0.00435492
   0.0210794
  0.00651383
   -0.017054
  -0.0170541
  0.00651366
   0.0210796
  0.00651366
  -0.0170541
   -0.017054
  0.00651383
   0.0210794
  0.00651383
   -0.017054
  -0.0170541
  0.00651366
   0.0210796
  0.00651366
  -0.0170541
   -0.017054
  0.00651383
   0.0210794
  0.00651383
   -0.017054
  -0.0170541
  0.00651366
   0.0210796
  0.00651366
  -0.0170541
   -0.017054
  0.00651383
   0.0210794
  0.00651383
   -0.017054
  -0.0170541
  0.00651366
   0.0210796
  0.00651366
  -0.0170541
   -0.017054
  0.00651383
   0.0198282
  0.00612726
  -0.0160417
  -0.0160418
  0.00612707
   0.0198285
  0.00612707
  -0.0160418
  -0.0160417
  0.00612726
   0.0198282
  0.00612726
  -0.0160417
  -0.0160418
  0.00612707
   0.0198285
  0.00612707
  -0.0160418
  -0.0160417
  0.00612726
   0.0198282
  0.00612726
  -0.0160417
  -0.0160418
  0.00612707
   0.0198285
  0.00612707
  -0.0160418
  -0.0160417
  0.00612726
   0.0198282
  0.00612726
  -0.0160417
  -0.0160418
  0.00612707
   0.0198285
  0.00612707
  -0.0160418
  -0.0160417
  0.00612726
 -0.00825215
 -0.00255004
  0.00667619
   0.0066761
 -0.00255006
 -0.00825212
 -0.00255006
   0.0066761
  0.00667619
 -0.00255004
 -0.00825215
 -0.00255004
  0.00667619
   0.0066761
 -0.00255006
 -0.00825212
 -0.00255006
   0.0066761
  0.00667619
 -0.00255004
 -0.00825215
 -0.00255004
  0.00667619
   0.0066761
 -0.00255006
 -0.00825212
 -0.00255006
   0.0066761
  0.00667619
 -0.00255004
 -0.00825215
 -0.00255004
  0.00667619
   0.0066761
 -0.00255006
 -0.00825212
 -0.00255006
   0.0066761
  0.00667619
 -0.00255004
  -0.0717984
  -0.0221871
   0.0580866
   0.0580868
  -0.0221866
  -0.0717992
  -0.0221866
   0.0580868
   0.0580866
  -0.0221871
  -0.0717984
  -0.0221871
   0.0580866
   0.0580868
  -0.0221866
  -0.0717992
  -0.0221866
   0.0580868
   0.0580866
  -0.0221871
  -0.0717984
  -0.0221871
   0.0580866
   0.0580868
  -0.0221866
  -0.0717992
  -0.0221866
   0.0580868
   0.0580866
  -0.0221871
  -0.0717984
  -0.0221871
   0.0580866
   0.0580868
  -0.0221866
  -0.0717992
  -0.0221866
   0.0580868
   0.0580866
  -0.0221871
   -0.120338
  -0.0371869
   0.0973562
   0.0973568
   -0.037186
    -0.12034
   -0.037186
   0.0973568
   0.0973562
  -0.0371869
   -0.120338
  -0.0371869
   0.0973562
   0.0973568
   -0.037186
    -0.12034
   -0.037186
   0.0973568
   0.0973562
  -0.0371869
   -0.120338
  -0.0371869
   0.0973562
   0.0973568
   -0.037186
    -0.12034
   -0.037186
   0.0973568
   0.0973562
  -0.0371869
   -0.120338
  -0.0371869
   0.0973562
   0.0973568
   -0.037186
    -0.12034
   -0.037186
   0.0973568
   0.0973562
  -0.0371869
  -0.0646545
  -0.0199796
   0.0523069
   0.0523073
  -0.0199791
  -0.0646554
  -0.0199791
   0.0523073
   0.0523069
  -0.0199796
  -0.0646545
  -0.0199796
   0.0523069
   0.0523073
  -0.0199791
  -0.0646554
  -0.0199791
   0.0523073
   0.0523069
  -0.0199796
  -0.0646545
  -0.0199796
   0.0523069
   0.0523073
  -0.0199791
  -0.0646554
  -0.0199791
   0.0523073
   0.0523069
  -0.0199796
  -0.0646545
  -0.0199796
   0.0523069
   0.0523073
  -0.0199791
  -0.0646554
  -0.0199791
   0.0523073
   0.0523069
  -0.0199796
   0.0646545
   0.0199796
  -0.0523069
  -0.0523073
   0.0199791
   0.0646554
   0.0199791
  -0.0523073
  -0.0523069
   0.0199796
   0.0646545
   0.0199796
  -0.0523069
  -0.0523073
   0.0199791
   0.0646554
   0.0199791
  -0.0523073
  -0.0523069
   0.0199796
   0.0646545
   0.0199796
  -0.0523069
  -0.0523073
   0.0199791
   0.0646554
   0.0199791
  -0.0523073
  -0.0523069
   0.0199796
   0.0646545
   0.0199796
  -0.0523069
  -0.0523073
   0.0199791
   0.0646554
   0.0199791
  -0.0523073
  -0.0523069
   0.0199796
    0.120338
   0.0371869
  -0.0973562
  -0.0973568
    0.037186
     0.12034
    0.037186
  -0.0973568
  -0.0973562
   0.0371869
    0.120338
   0.0371869
  -0.0973562
  -0.0973568
    0.037186
     0.12034
    0.037186
  -0.0973568
  -0.0973562
   0.0371869
    0.120338
   0.0371869
  -0.0973562
  -0.0973568
    0.037186
     0.12034
    0.037186
  -0.0973568
  -0.0973562
   0.0371869
    0.120338
   0.0371869
  -0.0973562
  -0.0973568
    0.037186
     0.12034
    0.037186
  -0.0973568
  -0.0973562
   0.0371869
   0.0717984
   0.0221871
  -0.0580866
  -0.0580868
   0.0221866
   0.0717992
   0.0221866
  -0.0580868
  -0.0580866
   0.0221871
   0.0717984
   0.0221871
  -0.0580866
  -0.0580868
   0.0221866
   0.0717992
   0.0221866
  -0.0580868
  -0.0580866
   0.0221871
   0.0717984
   0.0221871
  -0.0580866
  -0.0580868
   0.0221866
   0.0717992
   0.0221866
  -0.0580868
  -0.0580866
   0.0221871
   0.0717984
   0.0221871
  -0.0580866
  -0.0580868
   0.0221866
   0.0717992
   0.0221866
  -0.0580868
  -0.0580866
   0.0221871
  0.00825215
  0.00255004
 -0.00667619
  -0.0066761
  0.00255006
  0.00825212
  0.00255006
  -0.0066761
 -0.00667619
  0.00255004
  0.00825215
  0.00255004
 -0.00667619
  -0.0066761
  0.00255006
  0.00825212
  0.00255006
  -0.0066761
 -0.00667619
  0.00255004
  0.00825215
  0.00255004
 -0.00667619
  -0.0066761
  0.00255006
  0.00825212
  0.00255006
  -0.0066761
 -0.00667619
  0.00255004
  0.00825215
  0.00255004
 -0.00667619
  -0.0066761
  0.00255006
  0.00825212
  0.00255006
  -0.0066761
 -0.00667619
  0.00255004
  -0.0198282
 -0.00612726
   0.0160417
   0.0160418
 -0.00612707
  -0.0198285
 -0.00612707
   0.0160418
   0.0160417
 -0.00612726
  -0.0198282
 -0.00612726
   0.0160417
   0.0160418
 -0.00612707
  -0.0198285
 -0.00612707
   0.0160418
   0.0160417
 -0.00612726
  -0.0198282
 -0.00612726
   0.0160417
   0.0160418
 -0.00612707
  -0.0198285
 -0.00612707
   0.0160418
   0.0160417
 -0.00612726
  -0.0198282
 -0.00612726
   0.0160417
   0.0160418
 -0.00612707
  -0.0198285
 -0.00612707
   0.0160418
   0.0160417
 -0.00612726
  -0.0210794
 -0.00651383
    0.017054
   0.0170541
 -0.00651366
  -0.0210796
 -0.00651366
   0.0170541
    0.017054
 -0.00651383
  -0.0210794
 -0.00651383
    0.017054
   0.0170541
 -0.00651366
  -0.0210796
 -0.00651366
   0.0170541
    0.017054
 -0.00651383
  -0.0210794
 -0.00651383
    0.017054
   0.0170541
 -0.00651366
  -0.0210796
 -0.00651366
   0.0170541
    0.017054
 -0.00651383
  -0.0210794
 -0.00651383
    0.017054
   0.0170541
 -0.00651366
  -0.0210796
 -0.00651366
   0.0170541
    0.017054
 -0.00651383
  -0.0140931
 -0.00435492
    0.011402
    0.011402
 -0.00435482
  -0.0140932
 -0.00435482
    0.011402
    0.011402
 -0.00435492
  -0.0140931
 -0.00435492
    0.011402
    0.011402
 -0.00435482
  -0.0140932
 -0.00435482
    0.011402
    0.011402
 -0.00435492
  -0.0140931
 -0.00435492
    0.011402
    0.011402
 -0.00435482
  -0.0140932
 -0.00435482
    0.011402
    0.011402
 -0.00435492
  -0.0140931
 -0.00435492
    0.011402
    0.011402
 -0.00435482
  -0.0140932
 -0.00435482
    0.011402
    0.011402
 -0.00435492
 -0.00775383
 -0.00239597
   0.0062733
  0.00627331
 -0.00239593
  -0.0077539
 -0.00239593
  0.00627331
   0.0062733
 -0.00239597
 -0.00775383
 -0.00239597
   0.0062733
  0.00627331
 -0.00239593
  -0.0077539
 -0.00239593
  0.00627331
   0.0062733
 -0.00239597
 -0.00775383
 -0.00239597
   0.0062733
  0.00627331
 -0.00239593
  -0.0077539
 -0.00239593
  0.00627331
   0.0062733
 -0.00239597
 -0.00775383
 -0.00239597
   0.0062733
  0.00627331
 -0.00239593
  -0.0077539
 -0.00239593
  0.00627331
   0.0062733
 -0.00239597
  -0.0038443
 -0.00118788
  0.00311033
  0.00311033
 -0.00118787
 -0.00384433
 -0.00118787
  0.00311033
  0.00311033
 -0.00118788
  -0.0038443
 -0.00118788
  0.00311033
  0.00311033
 -0.00118787
 -0.00384433
 -0.00118787
  0.00311033
  0.00311033
 -0.00118788
  -0.0038443
 -0.00118788
  0.00311033
  0.00311033
 -0.00118787
 -0.00384433
 -0.00118787
  0.00311033
  0.00311033
 -0.00118788
  -0.0038443
 -0.00118788
  0.00311033
  0.00311033
 -0.00118787
 -0.00384433
 -0.00118787
  0.00311033
  0.00311033
 -0.00118788
 -0.00179665
-0.000555144
  0.00145367
  0.00145366
 -0.00055514
 -0.00179667
 -0.00055514
  0.00145366
  0.00145367
-0.000555144
 -0.00179665
-0.000555144
  0.00145367
  0.00145366
 -0.00055514
 -0.00179667
 -0.00055514
  0.00145366
  0.00145367
-0.000555144
 -0.00179665
-0.000555144
  0.00145367
  0.00145366
 -0.00055514
 -0.00179667
 -0.00055514
  0.00145366
  0.00145367
-0.000555144
 -0.00179665
-0.000555144
  0.00145367
  0.00145366
 -0.00055514
 -0.00179667
 -0.00055514
  0.00145366
  0.00145367
-0.000555144
-0.000812501
-0.000251045
 0.000657418
 0.000657415
-0.000251045
-0.000812511
-0.000251045
 0.000657415
 0.000657418
-0.000251045
-0.000812501
-0.000251045
 0.000657418
 0.000657415
-0.000251045
-0.000812511
-0.000251045
 0.000657415
 0.000657418
-0.000251045
-0.000812501
-0.000251045
 0.000657418
 0.000657415
-0.000251045
-0.000812511
-0.000251045
 0.000657415
 0.000657418
-0.000251045
-0.000812501
-0.000251045
 0.000657418
 0.000657415
-0.000251045
-0.000812511
-0.000251045
 0.000657415
 0.000657418
-0.000251045
-0.000361449
-0.000111676
 0.000292468
 0.000292466
-0.000111678
-0.000361455
-0.000111678
 0.000292466
 0.000292468
-0.000111676
-0.000361449
-0.000111676
 0.000292468
 0.000292466
-0.000111678
-0.000361455
-0.000111678
 0.000292466
 0.000292468
-0.000111676
-0.000361449
-0.000111676
 0.000292468
 0.000292466
-0.000111678
-0.000361455
-0.000111678
 0.000292466
 0.000292468
-0.000111676
-0.000361449
-0.000111676
 0.000292468
 0.000292466
-0.000111678
-0.000361455
-0.000111678
 0.000292466
 0.000292468
-0.000111676
