-5.27113e-11
 -0.00331388
 -0.00630336
 -0.00867587
  -0.0101991
   -0.010724
  -0.0101991
 -0.00867587
 -0.00630336
 -0.00331388
 5.27144e-11
  0.00331388
  0.00630336
  0.00867587
   0.0101991
    0.010724
   0.0101991
  0.00867587
  0.00630336
  0.00331388
-5.27076e-11
 -0.00331388
 -0.00630336
 -0.00867587
  -0.0101991
   -0.010724
  -0.0101991
 -0.00867587
 -0.00630336
 -0.00331388
 5.26929e-11
  0.00331388
  0.00630336
  0.00867587
   0.0101991
    0.010724
   0.0101991
  0.00867587
  0.00630336
  0.00331388
-5.65337e-11
 -0.00355385
  -0.0067598
 -0.00930412
  -0.0109377
  -0.0115006
  -0.0109377
 -0.00930412
  -0.0067598
 -0.00355385
 5.65158e-11
  0.00355385
   0.0067598
  0.00930412
   0.0109377
   0.0115006
   0.0109377
  0.00930412
   0.0067598
  0.00355385
 -5.6525e-11
 -0.00355385
  -0.0067598
 -0.00930412
  -0.0109377
  -0.0115006
  -0.0109377
 -0.00930412
  -0.0067598
 -0.00355385
 5.65144e-11
  0.00355385
   0.0067598
  0.00930412
   0.0109377
   0.0115006
   0.0109377
  0.00930412
   0.0067598
  0.00355385
 -5.0828e-11
 -0.00319489
   -0.006077
 -0.00836434
  -0.0098329
   -0.010339
  -0.0098329
 -0.00836434
   -0.006077
 -0.00319489
 5.07874e-11
  0.00319489
    0.006077
  0.00836434
   0.0098329
    0.010339
   0.0098329
  0.00836434
    0.006077
  0.00319489
-5.08156e-11
 -0.00319489
   -0.006077
 -0.00836434
  -0.0098329
   -0.010339
  -0.0098329
 -0.00836434
   -0.006077
 -0.00319489
 5.08185e-11
  0.00319489
    0.006077
  0.00836434
   0.0098329
    0.010339
   0.0098329
  0.00836434
    0.006077
  0.00319489
 -2.5713e-11
 -0.00161591
  -0.0030736
 -0.00423053
 -0.00497333
 -0.00522933
 -0.00497333
 -0.00423053
  -0.0030736
 -0.00161591
 2.56808e-11
  0.00161591
   0.0030736
  0.00423053
  0.00497333
  0.00522933
  0.00497333
  0.00423053
   0.0030736
  0.00161591
-2.56903e-11
 -0.00161591
  -0.0030736
 -0.00423053
 -0.00497333
 -0.00522933
 -0.00497333
 -0.00423053
  -0.0030736
 -0.00161591
 2.57068e-11
  0.00161591
   0.0030736
  0.00423053
  0.00497333
  0.00522933
  0.00497333
  0.00423053
   0.0030736
  0.00161591
 3.29215e-11
  0.00206962
  0.00393668
   0.0054183
  0.00636953
  0.00669727
  0.00636953
   0.0054183
  0.00393668
  0.00206962
-3.29197e-11
 -0.00206962
 -0.00393668
  -0.0054183
 -0.00636953
 -0.00669727
 -0.00636953
  -0.0054183
 -0.00393668
 -0.00206962
   3.294e-11
  0.00206962
  0.00393668
   0.0054183
  0.00636953
  0.00669727
  0.00636953
   0.0054183
  0.00393668
  0.00206962
-3.29348e-11
 -0.00206962
 -0.00393668
  -0.0054183
 -0.00636953
 -0.00669727
 -0.00636953
  -0.0054183
 -0.00393668
 -0.00206962
 1.38519e-10
  0.00870789
   0.0165634
   0.0227975
      0.0268
   0.0281792
      0.0268
   0.0227975
   0.0165634
  0.00870789
-1.38494e-10
 -0.00870789
  -0.0165634
  -0.0227975
     -0.0268
  -0.0281792
     -0.0268
  -0.0227975
  -0.0165634
 -0.00870789
 1.38496e-10
  0.00870789
   0.0165634
   0.0227975
      0.0268
   0.0281792
      0.0268
   0.0227975
   0.0165634
  0.00870789
-1.38515e-10
 -0.00870789
  -0.0165634
  -0.0227975
     -0.0268
  -0.0281792
     -0.0268
  -0.0227975
  -0.0165634
 -0.00870789
 2.85799e-10
   0.0179679
   0.0341768
   0.0470405
   0.0552994
   0.0581453
   0.0552994
   0.0470405
   0.0341768
   0.0179679
-2.85775e-10
  -0.0179679
  -0.0341768
  -0.0470405
  -0.0552994
  -0.0581453
  -0.0552994
  -0.0470405
  -0.0341768
  -0.0179679
 2.85807e-10
   0.0179679
   0.0341768
   0.0470405
   0.0552994
   0.0581453
   0.0552994
   0.0470405
   0.0341768
   0.0179679
-2.85743e-10
  -0.0179679
  -0.0341768
  -0.0470405
  -0.0552994
  -0.0581453
  -0.0552994
  -0.0470405
  -0.0341768
  -0.0179679
 4.12569e-10
   0.0259391
   0.0493388
   0.0679094
   0.0798324
    0.083941
   0.0798324
   0.0679094
   0.0493388
   0.0259391
-4.12555e-10
  -0.0259391
  -0.0493388
  -0.0679094
  -0.0798324
   -0.083941
  -0.0798324
  -0.0679094
  -0.0493388
  -0.0259391
 4.12537e-10
   0.0259391
   0.0493388
   0.0679094
   0.0798324
    0.083941
   0.0798324
   0.0679094
   0.0493388
   0.0259391
-4.12569e-10
  -0.0259391
  -0.0493388
  -0.0679094
  -0.0798324
   -0.083941
  -0.0798324
  -0.0679094
  -0.0493388
  -0.0259391
 3.71201e-10
   0.0233386
   0.0443923
   0.0611013
    0.071829
   0.0755259
    0.071829
   0.0611012
   0.0443923
   0.0233386
-3.71192e-10
  -0.0233386
  -0.0443923
  -0.0611013
   -0.071829
  -0.0755259
   -0.071829
  -0.0611012
  -0.0443923
  -0.0233386
 3.71174e-10
   0.0233386
   0.0443923
   0.0611013
    0.071829
   0.0755259
    0.071829
   0.0611012
   0.0443923
   0.0233386
-3.71201e-10
  -0.0233386
  -0.0443923
  -0.0611013
   -0.071829
  -0.0755259
   -0.071829
  -0.0611012
  -0.0443923
  -0.0233386
 3.98299e-11
  0.00250316
   0.0047615
  0.00655401
  0.00770496
  0.00810159
  0.00770496
  0.00655401
   0.0047615
  0.00250316
-3.98237e-11
 -0.00250316
  -0.0047615
 -0.00655401
 -0.00770496
 -0.00810159
 -0.00770496
 -0.00655401
  -0.0047615
 -0.00250316
 3.98197e-11
  0.00250316
   0.0047615
  0.00655401
  0.00770496
  0.00810159
  0.00770496
  0.00655401
   0.0047615
  0.00250316
-3.98476e-11
 -0.00250316
  -0.0047615
 -0.00655401
 -0.00770496
 -0.00810159
 -0.00770496
 -0.00655401
  -0.0047615
 -0.00250316
-3.48861e-10
  -0.0219354
  -0.0417227
  -0.0574264
  -0.0675086
  -0.0709831
  -0.0675086
  -0.0574264
  -0.0417227
  -0.0219354
 3.48867e-10
   0.0219354
   0.0417227
   0.0574264
   0.0675086
   0.0709831
   0.0675086
   0.0574264
   0.0417227
   0.0219354
-3.48876e-10
  -0.0219354
  -0.0417227
  -0.0574264
  -0.0675086
  -0.0709831
  -0.0675086
  -0.0574264
  -0.0417227
  -0.0219354
  3.4887e-10
   0.0219354
   0.0417227
   0.0574264
   0.0675086
   0.0709831
   0.0675086
   0.0574264
   0.0417227
   0.0219354
-2.47926e-10
  -0.0155876
  -0.0296488
  -0.0408082
  -0.0479729
   -0.050442
  -0.0479729
  -0.0408082
  -0.0296488
  -0.0155876
  2.4793e-10
   0.0155876
   0.0296488
   0.0408082
   0.0479729
    0.050442
   0.0479729
   0.0408082
   0.0296488
   0.0155876
-2.47912e-10
  -0.0155876
  -0.0296488
  -0.0408082
  -0.0479729
   -0.050442
  -0.0479729
  -0.0408082
  -0.0296488
  -0.0155876
 2.47951e-10
   0.0155876
   0.0296488
   0.0408082
   0.0479729
    0.050442
   0.0479729
   0.0408082
   0.0296488
   0.0155876
 2.47941e-10
   0.0155876
   0.0296488
   0.0408082
   0.0479729
    0.050442
   0.0479729
   0.0408082
   0.0296488
   0.0155876
-2.47921e-10
  -0.0155876
  -0.0296488
  -0.0408082
  -0.0479729
   -0.050442
  -0.0479729
  -0.0408082
  -0.0296488
  -0.0155876
 2.47898e-10
   0.0155876
   0.0296488
   0.0408082
   0.0479729
    0.050442
   0.0479729
   0.0408082
   0.0296488
   0.0155876
-2.47922e-10
  -0.0155876
  -0.0296488
  -0.0408082
  -0.0479729
   -0.050442
  -0.0479729
  -0.0408082
  -0.0296488
  -0.0155876
 3.48864e-10
   0.0219354
   0.0417227
   0.0574264
   0.0675086
   0.0709831
   0.0675086
   0.0574264
   0.0417227
   0.0219354
-3.48889e-10
  -0.0219354
  -0.0417227
  -0.0574264
  -0.0675086
  -0.0709831
  -0.0675086
  -0.0574264
  -0.0417227
  -0.0219354
 3.48898e-10
   0.0219354
   0.0417227
   0.0574264
   0.0675086
   0.0709831
   0.0675086
   0.0574264
   0.0417227
   0.0219354
 -3.4888e-10
  -0.0219354
  -0.0417227
  -0.0574264
  -0.0675086
  -0.0709831
  -0.0675086
  -0.0574264
  -0.0417227
  -0.0219354
-3.98142e-11
 -0.00250316
  -0.0047615
 -0.00655401
 -0.00770496
 -0.00810159
 -0.00770496
 -0.00655401
  -0.0047615
 -0.00250316
  3.9839e-11
  0.00250316
   0.0047615
  0.00655401
  0.00770496
  0.00810159
  0.00770496
  0.00655401
   0.0047615
  0.00250316
-3.97967e-11
 -0.00250316
  -0.0047615
 -0.00655401
 -0.00770496
 -0.00810159
 -0.00770496
 -0.00655401
  -0.0047615
 -0.00250316
 3.98177e-11
  0.00250316
   0.0047615
  0.00655401
  0.00770496
  0.00810159
  0.00770496
  0.00655401
   0.0047615
  0.00250316
-3.71182e-10
  -0.0233386
  -0.0443923
  -0.0611013
   -0.071829
  -0.0755259
   -0.071829
  -0.0611012
  -0.0443923
  -0.0233386
 3.71209e-10
   0.0233386
   0.0443923
   0.0611013
    0.071829
   0.0755259
    0.071829
   0.0611012
   0.0443923
   0.0233386
-3.71204e-10
  -0.0233386
  -0.0443923
  -0.0611013
   -0.071829
  -0.0755259
   -0.071829
  -0.0611012
  -0.0443923
  -0.0233386
 3.71194e-10
   0.0233386
   0.0443923
   0.0611013
    0.071829
   0.0755259
    0.071829
   0.0611012
   0.0443923
   0.0233386
-4.12555e-10
  -0.0259391
  -0.0493388
  -0.0679094
  -0.0798324
   -0.083941
  -0.0798324
  -0.0679094
  -0.0493388
  -0.0259391
 4.12565e-10
   0.0259391
   0.0493388
   0.0679094
   0.0798324
    0.083941
   0.0798324
   0.0679094
   0.0493388
   0.0259391
-4.12572e-10
  -0.0259391
  -0.0493388
  -0.0679094
  -0.0798324
   -0.083941
  -0.0798324
  -0.0679094
  -0.0493388
  -0.0259391
 4.12604e-10
   0.0259391
   0.0493388
   0.0679094
   0.0798324
    0.083941
   0.0798324
   0.0679094
   0.0493388
   0.0259391
-2.85768e-10
  -0.0179679
  -0.0341768
  -0.0470405
  -0.0552994
  -0.0581453
  -0.0552994
  -0.0470405
  -0.0341768
  -0.0179679
 2.85814e-10
   0.0179679
   0.0341768
   0.0470405
   0.0552994
   0.0581453
   0.0552994
   0.0470405
   0.0341768
   0.0179679
-2.85761e-10
  -0.0179679
  -0.0341768
  -0.0470405
  -0.0552994
  -0.0581453
  -0.0552994
  -0.0470405
  -0.0341768
  -0.0179679
 2.85763e-10
   0.0179679
   0.0341768
   0.0470405
   0.0552994
   0.0581453
   0.0552994
   0.0470405
   0.0341768
   0.0179679
 -1.3856e-10
 -0.00870789
  -0.0165634
  -0.0227975
     -0.0268
  -0.0281792
     -0.0268
  -0.0227975
  -0.0165634
 -0.00870789
 1.38525e-10
  0.00870789
   0.0165634
   0.0227975
      0.0268
   0.0281792
      0.0268
   0.0227975
   0.0165634
  0.00870789
-1.38537e-10
 -0.00870789
  -0.0165634
  -0.0227975
     -0.0268
  -0.0281792
     -0.0268
  -0.0227975
  -0.0165634
 -0.00870789
 1.38551e-10
  0.00870789
   0.0165634
   0.0227975
      0.0268
   0.0281792
      0.0268
   0.0227975
   0.0165634
  0.00870789
-3.29416e-11
 -0.00206962
 -0.00393668
  -0.0054183
 -0.00636953
 -0.00669727
 -0.00636953
  -0.0054183
 -0.00393668
 -0.00206962
 3.29061e-11
  0.00206962
  0.00393668
   0.0054183
  0.00636953
  0.00669727
  0.00636953
   0.0054183
  0.00393668
  0.00206962
-3.29288e-11
 -0.00206962
 -0.00393668
  -0.0054183
 -0.00636953
 -0.00669727
 -0.00636953
  -0.0054183
 -0.00393668
 -0.00206962
 3.29137e-11
  0.00206962
  0.00393668
   0.0054183
  0.00636953
  0.00669727
  0.00636953
   0.0054183
  0.00393668
  0.00206962
 2.56965e-11
  0.00161591
   0.0030736
  0.00423053
  0.00497333
  0.00522933
  0.00497333
  0.00423053
   0.0030736
  0.00161591
-2.57358e-11
 -0.00161591
  -0.0030736
 -0.00423053
 -0.00497333
 -0.00522933
 -0.00497333
 -0.00423053
  -0.0030736
 -0.00161591
 2.57174e-11
  0.00161591
   0.0030736
  0.00423053
  0.00497333
  0.00522933
  0.00497333
  0.00423053
   0.0030736
  0.00161591
-2.57207e-11
 -0.00161591
  -0.0030736
 -0.00423053
 -0.00497333
 -0.00522933
 -0.00497333
 -0.00423053
  -0.0030736
 -0.00161591
 5.08126e-11
  0.00319489
    0.006077
  0.00836434
   0.0098329
    0.010339
   0.0098329
  0.00836434
    0.006077
  0.00319489
-5.08516e-11
 -0.00319489
   -0.006077
 -0.00836434
  -0.0098329
   -0.010339
  -0.0098329
 -0.00836434
   -0.006077
 -0.00319489
 5.08329e-11
  0.00319489
    0.006077
  0.00836434
   0.0098329
    0.010339
   0.0098329
  0.00836434
    0.006077
  0.00319489
-5.08179e-11
 -0.00319489
   -0.006077
 -0.00836434
  -0.0098329
   -0.010339
  -0.0098329
 -0.00836434
   -0.006077
 -0.00319489
 5.65171e-11
  0.00355385
   0.0067598
  0.00930412
   0.0109377
   0.0115006
   0.0109377
  0.00930412
   0.0067598
  0.00355385
-5.65455e-11
 -0.00355385
  -0.0067598
 -0.00930412
  -0.0109377
  -0.0115006
  -0.0109377
 -0.00930412
  -0.0067598
 -0.00355385
 5.65336e-11
  0.00355385
   0.0067598
  0.00930412
   0.0109377
   0.0115006
   0.0109377
  0.00930412
   0.0067598
  0.00355385
 -5.6519e-11
 -0.00355385
  -0.0067598
 -0.00930412
  -0.0109377
  -0.0115006
  -0.0109377
 -0.00930412
  -0.0067598
 -0.00355385
 5.27109e-11
  0.00331388
  0.00630336
  0.00867587
   0.0101991
    0.010724
   0.0101991
  0.00867587
  0.00630336
  0.00331388
-5.27032e-11
 -0.00331388
 -0.00630336
 -0.00867587
  -0.0101991
   -0.010724
  -0.0101991
 -0.00867587
 -0.00630336
 -0.00331388
 5.27115e-11
  0.00331388
  0.00630336
  0.00867587
   0.0101991
    0.010724
   0.0101991
  0.00867587
  0.00630336
  0.00331388
-5.27024e-11
 -0.00331388
 -0.00630336
 -0.00867587
  -0.0101991
   -0.010724
  -0.0101991
 -0.00867587
 -0.00630336
 -0.00331388
