    0.010724
   0.0101991
  0.00867585
  0.00630338
   0.0033139
-5.27076e-11
  -0.0033139
 -0.00630338
 -0.00867585
  -0.0101991
   -0.010724
  -0.0101991
 -0.00867585
 -0.00630338
  -0.0033139
 5.27085e-11
   0.0033139
  0.00630338
  0.00867585
   0.0101991
    0.010724
   0.0101991
  0.00867585
  0.00630338
   0.0033139
-5.27133e-11
  -0.0033139
 -0.00630338
 -0.00867585
  -0.0101991
   -0.010724
  -0.0101991
 -0.00867585
 -0.00630338
  -0.0033139
 5.26944e-11
   0.0033139
  0.00630338
  0.00867585
   0.0101991
   0.0115005
   0.0109377
  0.00930409
  0.00675983
  0.00355387
-5.65229e-11
 -0.00355387
 -0.00675983
 -0.00930409
  -0.0109377
  -0.0115005
  -0.0109377
 -0.00930409
 -0.00675983
 -0.00355387
 5.65282e-11
  0.00355387
  0.00675983
  0.00930409
   0.0109377
   0.0115005
   0.0109377
  0.00930409
  0.00675983
  0.00355387
-5.65263e-11
 -0.00355387
 -0.00675983
 -0.00930409
  -0.0109377
  -0.0115005
  -0.0109377
 -0.00930409
 -0.00675983
 -0.00355387
  5.6516e-11
  0.00355387
  0.00675983
  0.00930409
   0.0109377
   0.0103389
  0.00983293
   0.0083643
  0.00607704
   0.0031949
-5.08103e-11
  -0.0031949
 -0.00607704
  -0.0083643
 -0.00983293
  -0.0103389
 -0.00983293
  -0.0083643
 -0.00607704
  -0.0031949
 5.08145e-11
   0.0031949
  0.00607704
   0.0083643
  0.00983293
   0.0103389
  0.00983293
   0.0083643
  0.00607704
   0.0031949
-5.08137e-11
  -0.0031949
 -0.00607704
  -0.0083643
 -0.00983293
  -0.0103389
 -0.00983293
  -0.0083643
 -0.00607704
  -0.0031949
  5.0818e-11
   0.0031949
  0.00607704
   0.0083643
  0.00983293
  0.00522922
  0.00497336
  0.00423049
  0.00307365
  0.00161592
-2.56999e-11
 -0.00161592
 -0.00307365
 -0.00423049
 -0.00497336
 -0.00522922
 -0.00497336
 -0.00423049
 -0.00307365
 -0.00161592
 2.56852e-11
  0.00161592
  0.00307365
  0.00423049
  0.00497336
  0.00522922
  0.00497336
  0.00423049
  0.00307365
  0.00161592
-2.57013e-11
 -0.00161592
 -0.00307365
 -0.00423049
 -0.00497336
 -0.00522922
 -0.00497336
 -0.00423049
 -0.00307365
 -0.00161592
 2.57146e-11
  0.00161592
  0.00307365
  0.00423049
  0.00497336
 -0.00669738
 -0.00636954
 -0.00541833
 -0.00393664
 -0.00206963
 3.29157e-11
  0.00206963
  0.00393664
  0.00541833
  0.00636954
  0.00669738
  0.00636954
  0.00541833
  0.00393664
  0.00206963
 -3.2942e-11
 -0.00206963
 -0.00393664
 -0.00541833
 -0.00636954
 -0.00669738
 -0.00636954
 -0.00541833
 -0.00393664
 -0.00206963
 3.28973e-11
  0.00206963
  0.00393664
  0.00541833
  0.00636954
  0.00669738
  0.00636954
  0.00541833
  0.00393664
  0.00206963
-3.28982e-11
 -0.00206963
 -0.00393664
 -0.00541833
 -0.00636954
  -0.0281792
  -0.0268001
  -0.0227975
  -0.0165634
 -0.00870793
 1.38501e-10
  0.00870793
   0.0165634
   0.0227975
   0.0268001
   0.0281792
   0.0268001
   0.0227975
   0.0165634
  0.00870793
-1.38504e-10
 -0.00870793
  -0.0165634
  -0.0227975
  -0.0268001
  -0.0281792
  -0.0268001
  -0.0227975
  -0.0165634
 -0.00870793
  1.3847e-10
  0.00870793
   0.0165634
   0.0227975
   0.0268001
   0.0281792
   0.0268001
   0.0227975
   0.0165634
  0.00870793
-1.38483e-10
 -0.00870793
  -0.0165634
  -0.0227975
  -0.0268001
  -0.0581452
  -0.0552996
  -0.0470404
  -0.0341769
   -0.017968
 2.85781e-10
    0.017968
   0.0341769
   0.0470404
   0.0552996
   0.0581452
   0.0552996
   0.0470404
   0.0341769
    0.017968
-2.85764e-10
   -0.017968
  -0.0341769
  -0.0470404
  -0.0552996
  -0.0581452
  -0.0552996
  -0.0470404
  -0.0341769
   -0.017968
  2.8578e-10
    0.017968
   0.0341769
   0.0470404
   0.0552996
   0.0581452
   0.0552996
   0.0470404
   0.0341769
    0.017968
-2.85777e-10
   -0.017968
  -0.0341769
  -0.0470404
  -0.0552996
  -0.0839406
  -0.0798327
  -0.0679092
  -0.0493391
  -0.0259393
 4.12564e-10
   0.0259393
   0.0493391
   0.0679092
   0.0798327
   0.0839406
   0.0798327
   0.0679092
   0.0493391
   0.0259393
-4.12558e-10
  -0.0259393
  -0.0493391
  -0.0679092
  -0.0798327
  -0.0839406
  -0.0798327
  -0.0679092
  -0.0493391
  -0.0259393
 4.12572e-10
   0.0259393
   0.0493391
   0.0679092
   0.0798327
   0.0839406
   0.0798327
   0.0679092
   0.0493391
   0.0259393
-4.12565e-10
  -0.0259393
  -0.0493391
  -0.0679092
  -0.0798327
  -0.0755252
  -0.0718293
  -0.0611009
  -0.0443926
  -0.0233387
 3.71168e-10
   0.0233387
   0.0443926
   0.0611009
   0.0718293
   0.0755252
   0.0718293
   0.0611009
   0.0443926
   0.0233387
-3.71191e-10
  -0.0233387
  -0.0443926
  -0.0611009
  -0.0718293
  -0.0755252
  -0.0718293
  -0.0611009
  -0.0443926
  -0.0233387
 3.71212e-10
   0.0233387
   0.0443926
   0.0611009
   0.0718293
   0.0755252
   0.0718293
   0.0611009
   0.0443926
   0.0233387
-3.71224e-10
  -0.0233387
  -0.0443926
  -0.0611009
  -0.0718293
 -0.00810131
 -0.00770484
 -0.00655401
 -0.00476162
 -0.00250324
 3.98316e-11
  0.00250324
  0.00476162
  0.00655401
  0.00770484
  0.00810131
  0.00770484
  0.00655401
  0.00476162
  0.00250324
-3.98125e-11
 -0.00250324
 -0.00476162
 -0.00655401
 -0.00770484
 -0.00810131
 -0.00770484
 -0.00655401
 -0.00476162
 -0.00250324
 3.98398e-11
  0.00250324
  0.00476162
  0.00655401
  0.00770484
  0.00810131
  0.00770484
  0.00655401
  0.00476162
  0.00250324
-3.98086e-11
 -0.00250324
 -0.00476162
 -0.00655401
 -0.00770484
   0.0709826
   0.0675092
   0.0574259
   0.0417229
   0.0219354
-3.48876e-10
  -0.0219354
  -0.0417229
  -0.0574259
  -0.0675092
  -0.0709826
  -0.0675092
  -0.0574259
  -0.0417229
  -0.0219354
 3.48871e-10
   0.0219354
   0.0417229
   0.0574259
   0.0675092
   0.0709826
   0.0675092
   0.0574259
   0.0417229
   0.0219354
-3.48872e-10
  -0.0219354
  -0.0417229
  -0.0574259
  -0.0675092
  -0.0709826
  -0.0675092
  -0.0574259
  -0.0417229
  -0.0219354
 3.48891e-10
   0.0219354
   0.0417229
   0.0574259
   0.0675092
   0.0504415
   0.0479733
   0.0408078
    0.029649
   0.0155876
-2.47941e-10
  -0.0155876
   -0.029649
  -0.0408078
  -0.0479733
  -0.0504415
  -0.0479733
  -0.0408078
   -0.029649
  -0.0155876
 2.47927e-10
   0.0155876
    0.029649
   0.0408078
   0.0479733
   0.0504415
   0.0479733
   0.0408078
    0.029649
   0.0155876
 -2.4791e-10
  -0.0155876
   -0.029649
  -0.0408078
  -0.0479733
  -0.0504415
  -0.0479733
  -0.0408078
   -0.029649
  -0.0155876
 2.47911e-10
   0.0155876
    0.029649
   0.0408078
   0.0479733
  -0.0504415
  -0.0479733
  -0.0408078
   -0.029649
  -0.0155876
 2.47936e-10
   0.0155876
    0.029649
   0.0408078
   0.0479733
   0.0504415
   0.0479733
   0.0408078
    0.029649
   0.0155876
-2.47918e-10
  -0.0155876
   -0.029649
  -0.0408078
  -0.0479733
  -0.0504415
  -0.0479733
  -0.0408078
   -0.029649
  -0.0155876
  2.4793e-10
   0.0155876
    0.029649
   0.0408078
   0.0479733
   0.0504415
   0.0479733
   0.0408078
    0.029649
   0.0155876
-2.47943e-10
  -0.0155876
   -0.029649
  -0.0408078
  -0.0479733
  -0.0709826
  -0.0675092
  -0.0574259
  -0.0417229
  -0.0219354
  3.4887e-10
   0.0219354
   0.0417229
   0.0574259
   0.0675092
   0.0709826
   0.0675092
   0.0574259
   0.0417229
   0.0219354
-3.48875e-10
  -0.0219354
  -0.0417229
  -0.0574259
  -0.0675092
  -0.0709826
  -0.0675092
  -0.0574259
  -0.0417229
  -0.0219354
 3.48877e-10
   0.0219354
   0.0417229
   0.0574259
   0.0675092
   0.0709826
   0.0675092
   0.0574259
   0.0417229
   0.0219354
-3.48856e-10
  -0.0219354
  -0.0417229
  -0.0574259
  -0.0675092
  0.00810131
  0.00770484
  0.00655401
  0.00476162
  0.00250324
-3.97792e-11
 -0.00250324
 -0.00476162
 -0.00655401
 -0.00770484
 -0.00810131
 -0.00770484
 -0.00655401
 -0.00476162
 -0.00250324
  3.9827e-11
  0.00250324
  0.00476162
  0.00655401
  0.00770484
  0.00810131
  0.00770484
  0.00655401
  0.00476162
  0.00250324
-3.98053e-11
 -0.00250324
 -0.00476162
 -0.00655401
 -0.00770484
 -0.00810131
 -0.00770484
 -0.00655401
 -0.00476162
 -0.00250324
 3.98011e-11
  0.00250324
  0.00476162
  0.00655401
  0.00770484
   0.0755252
   0.0718293
   0.0611009
   0.0443926
   0.0233387
-3.71192e-10
  -0.0233387
  -0.0443926
  -0.0611009
  -0.0718293
  -0.0755252
  -0.0718293
  -0.0611009
  -0.0443926
  -0.0233387
  3.7119e-10
   0.0233387
   0.0443926
   0.0611009
   0.0718293
   0.0755252
   0.0718293
   0.0611009
   0.0443926
   0.0233387
-3.71195e-10
  -0.0233387
  -0.0443926
  -0.0611009
  -0.0718293
  -0.0755252
  -0.0718293
  -0.0611009
  -0.0443926
  -0.0233387
 3.71182e-10
   0.0233387
   0.0443926
   0.0611009
   0.0718293
   0.0839406
   0.0798327
   0.0679092
   0.0493391
   0.0259393
-4.12566e-10
  -0.0259393
  -0.0493391
  -0.0679092
  -0.0798327
  -0.0839406
  -0.0798327
  -0.0679092
  -0.0493391
  -0.0259393
 4.12585e-10
   0.0259393
   0.0493391
   0.0679092
   0.0798327
   0.0839406
   0.0798327
   0.0679092
   0.0493391
   0.0259393
-4.12553e-10
  -0.0259393
  -0.0493391
  -0.0679092
  -0.0798327
  -0.0839406
  -0.0798327
  -0.0679092
  -0.0493391
  -0.0259393
 4.12575e-10
   0.0259393
   0.0493391
   0.0679092
   0.0798327
   0.0581452
   0.0552996
   0.0470404
   0.0341769
    0.017968
-2.85762e-10
   -0.017968
  -0.0341769
  -0.0470404
  -0.0552996
  -0.0581452
  -0.0552996
  -0.0470404
  -0.0341769
   -0.017968
 2.85773e-10
    0.017968
   0.0341769
   0.0470404
   0.0552996
   0.0581452
   0.0552996
   0.0470404
   0.0341769
    0.017968
 -2.8581e-10
   -0.017968
  -0.0341769
  -0.0470404
  -0.0552996
  -0.0581452
  -0.0552996
  -0.0470404
  -0.0341769
   -0.017968
 2.85783e-10
    0.017968
   0.0341769
   0.0470404
   0.0552996
   0.0281792
   0.0268001
   0.0227975
   0.0165634
  0.00870793
-1.38487e-10
 -0.00870793
  -0.0165634
  -0.0227975
  -0.0268001
  -0.0281792
  -0.0268001
  -0.0227975
  -0.0165634
 -0.00870793
 1.38526e-10
  0.00870793
   0.0165634
   0.0227975
   0.0268001
   0.0281792
   0.0268001
   0.0227975
   0.0165634
  0.00870793
-1.38521e-10
 -0.00870793
  -0.0165634
  -0.0227975
  -0.0268001
  -0.0281792
  -0.0268001
  -0.0227975
  -0.0165634
 -0.00870793
 1.38488e-10
  0.00870793
   0.0165634
   0.0227975
   0.0268001
  0.00669738
  0.00636954
  0.00541833
  0.00393664
  0.00206963
-3.29274e-11
 -0.00206963
 -0.00393664
 -0.00541833
 -0.00636954
 -0.00669738
 -0.00636954
 -0.00541833
 -0.00393664
 -0.00206963
 3.29139e-11
  0.00206963
  0.00393664
  0.00541833
  0.00636954
  0.00669738
  0.00636954
  0.00541833
  0.00393664
  0.00206963
-3.29242e-11
 -0.00206963
 -0.00393664
 -0.00541833
 -0.00636954
 -0.00669738
 -0.00636954
 -0.00541833
 -0.00393664
 -0.00206963
 3.29203e-11
  0.00206963
  0.00393664
  0.00541833
  0.00636954
 -0.00522922
 -0.00497336
 -0.00423049
 -0.00307365
 -0.00161592
  2.5703e-11
  0.00161592
  0.00307365
  0.00423049
  0.00497336
  0.00522922
  0.00497336
  0.00423049
  0.00307365
  0.00161592
 -2.5725e-11
 -0.00161592
 -0.00307365
 -0.00423049
 -0.00497336
 -0.00522922
 -0.00497336
 -0.00423049
 -0.00307365
 -0.00161592
 2.56917e-11
  0.00161592
  0.00307365
  0.00423049
  0.00497336
  0.00522922
  0.00497336
  0.00423049
  0.00307365
  0.00161592
-2.56855e-11
 -0.00161592
 -0.00307365
 -0.00423049
 -0.00497336
  -0.0103389
 -0.00983293
  -0.0083643
 -0.00607704
  -0.0031949
 5.08228e-11
   0.0031949
  0.00607704
   0.0083643
  0.00983293
   0.0103389
  0.00983293
   0.0083643
  0.00607704
   0.0031949
-5.08307e-11
  -0.0031949
 -0.00607704
  -0.0083643
 -0.00983293
  -0.0103389
 -0.00983293
  -0.0083643
 -0.00607704
  -0.0031949
 5.08007e-11
   0.0031949
  0.00607704
   0.0083643
  0.00983293
   0.0103389
  0.00983293
   0.0083643
  0.00607704
   0.0031949
-5.08087e-11
  -0.0031949
 -0.00607704
  -0.0083643
 -0.00983293
  -0.0115005
  -0.0109377
 -0.00930409
 -0.00675983
 -0.00355387
 5.65363e-11
  0.00355387
  0.00675983
  0.00930409
   0.0109377
   0.0115005
   0.0109377
  0.00930409
  0.00675983
  0.00355387
-5.65264e-11
 -0.00355387
 -0.00675983
 -0.00930409
  -0.0109377
  -0.0115005
  -0.0109377
 -0.00930409
 -0.00675983
 -0.00355387
 5.65127e-11
  0.00355387
  0.00675983
  0.00930409
   0.0109377
   0.0115005
   0.0109377
  0.00930409
  0.00675983
  0.00355387
-5.65254e-11
 -0.00355387
 -0.00675983
 -0.00930409
  -0.0109377
   -0.010724
  -0.0101991
 -0.00867585
 -0.00630338
  -0.0033139
 5.27162e-11
   0.0033139
  0.00630338
  0.00867585
   0.0101991
    0.010724
   0.0101991
  0.00867585
  0.00630338
   0.0033139
-5.27015e-11
  -0.0033139
 -0.00630338
 -0.00867585
  -0.0101991
   -0.010724
  -0.0101991
 -0.00867585
 -0.00630338
  -0.0033139
 5.27027e-11
   0.0033139
  0.00630338
  0.00867585
   0.0101991
    0.010724
   0.0101991
  0.00867585
  0.00630338
   0.0033139
-5.27062e-11
  -0.0033139
 -0.00630338
 -0.00867585
  -0.0101991
