 0.00212126
-0.00202494
-0.00498497
 -0.0050249
-0.00212134
 0.00202487
 0.00498491
 0.00502484
 0.00212128
 -0.0020249
 -0.0049849
-0.00502485
 -0.0021213
 0.00202485
 0.00498482
 0.00502472
 0.00212114
  -0.002025
-0.00498498
-0.00502486
-0.00212126
 0.00202494
 0.00498497
  0.0050249
 0.00212134
-0.00202487
-0.00498491
-0.00502484
-0.00212128
  0.0020249
  0.0049849
 0.00502485
  0.0021213
-0.00202485
-0.00498482
-0.00502472
-0.00212114
   0.002025
 0.00498498
 0.00502486
 0.00354074
-0.00337997
-0.00832076
 -0.0083874
-0.00354086
 0.00337988
 0.00832069
 0.00838734
 0.00354079
 -0.0033799
-0.00832064
-0.00838732
-0.00354079
 0.00337987
 0.00832058
  0.0083872
  0.0035406
-0.00338002
-0.00832076
-0.00838735
-0.00354074
 0.00337997
 0.00832076
  0.0083874
 0.00354086
-0.00337988
-0.00832069
-0.00838734
-0.00354079
  0.0033799
 0.00832064
 0.00838732
 0.00354079
-0.00337987
-0.00832058
 -0.0083872
 -0.0035406
 0.00338002
 0.00832076
 0.00838735
 0.00575242
-0.00549122
 -0.0135182
 -0.0136265
-0.00575261
 0.00549112
  0.0135182
  0.0136264
 0.00575252
-0.00549112
 -0.0135181
 -0.0136264
-0.00575247
 0.00549113
   0.013518
  0.0136263
 0.00575228
-0.00549127
 -0.0135182
 -0.0136264
-0.00575242
 0.00549122
  0.0135182
  0.0136265
 0.00575261
-0.00549112
 -0.0135182
 -0.0136264
-0.00575252
 0.00549112
  0.0135181
  0.0136264
 0.00575247
-0.00549113
  -0.013518
 -0.0136263
-0.00575228
 0.00549127
  0.0135182
  0.0136264
  0.0089153
-0.00851047
 -0.0209509
 -0.0211188
-0.00891555
 0.00851036
  0.0209509
  0.0211187
 0.00891544
-0.00851033
 -0.0209507
 -0.0211186
-0.00891532
  0.0085104
  0.0209508
  0.0211185
 0.00891516
-0.00851049
 -0.0209509
 -0.0211187
 -0.0089153
 0.00851047
  0.0209509
  0.0211188
 0.00891555
-0.00851036
 -0.0209509
 -0.0211187
-0.00891544
 0.00851033
  0.0209507
  0.0211186
 0.00891532
 -0.0085104
 -0.0209508
 -0.0211185
-0.00891516
 0.00851049
  0.0209509
  0.0211187
  0.0127308
 -0.0121527
 -0.0299174
 -0.0301571
 -0.0127312
  0.0121527
  0.0299175
  0.0301571
   0.012731
 -0.0121526
 -0.0299172
 -0.0301569
 -0.0127308
  0.0121527
  0.0299173
  0.0301569
  0.0127307
 -0.0121527
 -0.0299173
  -0.030157
 -0.0127308
  0.0121527
  0.0299174
  0.0301571
  0.0127312
 -0.0121527
 -0.0299175
 -0.0301571
  -0.012731
  0.0121526
  0.0299172
  0.0301569
  0.0127308
 -0.0121527
 -0.0299173
 -0.0301569
 -0.0127307
  0.0121527
  0.0299173
   0.030157
  0.0156333
 -0.0149234
 -0.0367381
 -0.0370325
 -0.0156337
  0.0149234
  0.0367384
  0.0370325
  0.0156335
 -0.0149233
 -0.0367379
 -0.0370324
 -0.0156333
  0.0149235
  0.0367382
  0.0370325
  0.0156333
 -0.0149233
  -0.036738
 -0.0370324
 -0.0156333
  0.0149234
  0.0367381
  0.0370325
  0.0156337
 -0.0149234
 -0.0367384
 -0.0370325
 -0.0156335
  0.0149233
  0.0367379
  0.0370324
  0.0156333
 -0.0149235
 -0.0367382
 -0.0370325
 -0.0156333
  0.0149233
   0.036738
  0.0370324
   0.013711
 -0.0130883
 -0.0322206
 -0.0324788
 -0.0137113
  0.0130885
   0.032221
  0.0324789
  0.0137111
 -0.0130884
 -0.0322206
 -0.0324788
 -0.0137109
  0.0130885
   0.032221
  0.0324792
  0.0137112
 -0.0130882
 -0.0322205
 -0.0324788
  -0.013711
  0.0130883
  0.0322206
  0.0324788
  0.0137113
 -0.0130885
  -0.032221
 -0.0324789
 -0.0137111
  0.0130884
  0.0322206
  0.0324788
  0.0137109
 -0.0130885
  -0.032221
 -0.0324792
 -0.0137112
  0.0130882
  0.0322205
  0.0324788
 0.00115313
-0.00110062
-0.00270959
-0.00273145
-0.00115306
 0.00110096
 0.00271002
  0.0027316
 0.00115306
-0.00110088
-0.00270984
-0.00273158
-0.00115298
 0.00110093
 0.00271018
 0.00273203
 0.00115343
-0.00110057
-0.00270956
-0.00273147
-0.00115313
 0.00110062
 0.00270959
 0.00273145
 0.00115306
-0.00110096
-0.00271002
 -0.0027316
-0.00115306
 0.00110088
 0.00270984
 0.00273158
 0.00115298
-0.00110093
-0.00271018
-0.00273203
-0.00115343
 0.00110057
 0.00270956
 0.00273147
 -0.0230234
  0.0219781
   0.054105
  0.0545384
  0.0230241
 -0.0219777
  -0.054105
 -0.0545383
 -0.0230237
  0.0219777
  0.0541045
  0.0545382
  0.0230235
 -0.0219778
 -0.0541046
 -0.0545378
  -0.023023
   0.021978
  0.0541049
  0.0545384
  0.0230234
 -0.0219781
  -0.054105
 -0.0545384
 -0.0230241
  0.0219777
   0.054105
  0.0545383
  0.0230237
 -0.0219777
 -0.0541045
 -0.0545382
 -0.0230235
  0.0219778
  0.0541046
  0.0545378
   0.023023
  -0.021978
 -0.0541049
 -0.0545384
 -0.0410686
  0.0392037
  0.0965106
  0.0972839
  0.0410696
 -0.0392035
 -0.0965112
 -0.0972839
 -0.0410689
  0.0392034
  0.0965101
  0.0972839
  0.0410685
 -0.0392035
 -0.0965107
 -0.0972838
 -0.0410683
  0.0392035
  0.0965104
  0.0972841
  0.0410686
 -0.0392037
 -0.0965106
 -0.0972839
 -0.0410696
  0.0392035
  0.0965112
  0.0972839
  0.0410689
 -0.0392034
 -0.0965101
 -0.0972839
 -0.0410685
  0.0392035
  0.0965107
  0.0972838
  0.0410683
 -0.0392035
 -0.0965104
 -0.0972841
 -0.0223273
  0.0213133
  0.0524687
  0.0528892
  0.0223278
 -0.0213134
 -0.0524692
 -0.0528892
 -0.0223274
  0.0213134
  0.0524686
  0.0528893
  0.0223273
 -0.0213133
  -0.052469
 -0.0528894
 -0.0223272
  0.0213133
  0.0524687
  0.0528892
  0.0223273
 -0.0213133
 -0.0524687
 -0.0528892
 -0.0223278
  0.0213134
  0.0524692
  0.0528892
  0.0223274
 -0.0213134
 -0.0524686
 -0.0528893
 -0.0223273
  0.0213133
   0.052469
  0.0528894
  0.0223272
 -0.0213133
 -0.0524687
 -0.0528892
  0.0198058
 -0.0189069
 -0.0465434
 -0.0469163
 -0.0198063
  0.0189065
  0.0465439
  0.0469165
  0.0198061
 -0.0189063
 -0.0465431
 -0.0469167
 -0.0198057
  0.0189066
  0.0465437
  0.0469166
  0.0198058
 -0.0189062
 -0.0465432
 -0.0469169
 -0.0198058
  0.0189069
  0.0465434
  0.0469163
  0.0198063
 -0.0189065
 -0.0465439
 -0.0469165
 -0.0198061
  0.0189063
  0.0465431
  0.0469167
  0.0198057
 -0.0189066
 -0.0465437
 -0.0469166
 -0.0198058
  0.0189062
  0.0465432
  0.0469169
  0.0198058
 -0.0189069
 -0.0465434
 -0.0469163
 -0.0198063
  0.0189065
  0.0465439
  0.0469165
  0.0198061
 -0.0189063
 -0.0465431
 -0.0469167
 -0.0198057
  0.0189066
  0.0465437
  0.0469166
  0.0198058
 -0.0189062
 -0.0465432
 -0.0469169
 -0.0198058
  0.0189069
  0.0465434
  0.0469163
  0.0198063
 -0.0189065
 -0.0465439
 -0.0469165
 -0.0198061
  0.0189063
  0.0465431
  0.0469167
  0.0198057
 -0.0189066
 -0.0465437
 -0.0469166
 -0.0198058
  0.0189062
  0.0465432
  0.0469169
 -0.0223273
  0.0213133
  0.0524687
  0.0528892
  0.0223278
 -0.0213134
 -0.0524692
 -0.0528892
 -0.0223274
  0.0213134
  0.0524686
  0.0528893
  0.0223273
 -0.0213133
  -0.052469
 -0.0528894
 -0.0223272
  0.0213133
  0.0524687
  0.0528892
  0.0223273
 -0.0213133
 -0.0524687
 -0.0528892
 -0.0223278
  0.0213134
  0.0524692
  0.0528892
  0.0223274
 -0.0213134
 -0.0524686
 -0.0528893
 -0.0223273
  0.0213133
   0.052469
  0.0528894
  0.0223272
 -0.0213133
 -0.0524687
 -0.0528892
 -0.0410686
  0.0392037
  0.0965106
  0.0972839
  0.0410696
 -0.0392035
 -0.0965112
 -0.0972839
 -0.0410689
  0.0392034
  0.0965101
  0.0972839
  0.0410685
 -0.0392035
 -0.0965107
 -0.0972838
 -0.0410683
  0.0392035
  0.0965104
  0.0972841
  0.0410686
 -0.0392037
 -0.0965106
 -0.0972839
 -0.0410696
  0.0392035
  0.0965112
  0.0972839
  0.0410689
 -0.0392034
 -0.0965101
 -0.0972839
 -0.0410685
  0.0392035
  0.0965107
  0.0972838
  0.0410683
 -0.0392035
 -0.0965104
 -0.0972841
 -0.0230234
  0.0219781
   0.054105
  0.0545384
  0.0230241
 -0.0219777
  -0.054105
 -0.0545383
 -0.0230237
  0.0219777
  0.0541045
  0.0545382
  0.0230235
 -0.0219778
 -0.0541046
 -0.0545378
  -0.023023
   0.021978
  0.0541049
  0.0545384
  0.0230234
 -0.0219781
  -0.054105
 -0.0545384
 -0.0230241
  0.0219777
   0.054105
  0.0545383
  0.0230237
 -0.0219777
 -0.0541045
 -0.0545382
 -0.0230235
  0.0219778
  0.0541046
  0.0545378
   0.023023
  -0.021978
 -0.0541049
 -0.0545384
 0.00115313
-0.00110062
-0.00270959
-0.00273145
-0.00115306
 0.00110096
 0.00271002
  0.0027316
 0.00115306
-0.00110088
-0.00270984
-0.00273158
-0.00115298
 0.00110093
 0.00271018
 0.00273203
 0.00115343
-0.00110057
-0.00270956
-0.00273147
-0.00115313
 0.00110062
 0.00270959
 0.00273145
 0.00115306
-0.00110096
-0.00271002
 -0.0027316
-0.00115306
 0.00110088
 0.00270984
 0.00273158
 0.00115298
-0.00110093
-0.00271018
-0.00273203
-0.00115343
 0.00110057
 0.00270956
 0.00273147
   0.013711
 -0.0130883
 -0.0322206
 -0.0324788
 -0.0137113
  0.0130885
   0.032221
  0.0324789
  0.0137111
 -0.0130884
 -0.0322206
 -0.0324788
 -0.0137109
  0.0130885
   0.032221
  0.0324792
  0.0137112
 -0.0130882
 -0.0322205
 -0.0324788
  -0.013711
  0.0130883
  0.0322206
  0.0324788
  0.0137113
 -0.0130885
  -0.032221
 -0.0324789
 -0.0137111
  0.0130884
  0.0322206
  0.0324788
  0.0137109
 -0.0130885
  -0.032221
 -0.0324792
 -0.0137112
  0.0130882
  0.0322205
  0.0324788
  0.0156333
 -0.0149234
 -0.0367381
 -0.0370325
 -0.0156337
  0.0149234
  0.0367384
  0.0370325
  0.0156335
 -0.0149233
 -0.0367379
 -0.0370324
 -0.0156333
  0.0149235
  0.0367382
  0.0370325
  0.0156333
 -0.0149233
  -0.036738
 -0.0370324
 -0.0156333
  0.0149234
  0.0367381
  0.0370325
  0.0156337
 -0.0149234
 -0.0367384
 -0.0370325
 -0.0156335
  0.0149233
  0.0367379
  0.0370324
  0.0156333
 -0.0149235
 -0.0367382
 -0.0370325
 -0.0156333
  0.0149233
   0.036738
  0.0370324
  0.0127308
 -0.0121527
 -0.0299174
 -0.0301571
 -0.0127312
  0.0121527
  0.0299175
  0.0301571
   0.012731
 -0.0121526
 -0.0299172
 -0.0301569
 -0.0127308
  0.0121527
  0.0299173
  0.0301569
  0.0127307
 -0.0121527
 -0.0299173
  -0.030157
 -0.0127308
  0.0121527
  0.0299174
  0.0301571
  0.0127312
 -0.0121527
 -0.0299175
 -0.0301571
  -0.012731
  0.0121526
  0.0299172
  0.0301569
  0.0127308
 -0.0121527
 -0.0299173
 -0.0301569
 -0.0127307
  0.0121527
  0.0299173
   0.030157
  0.0089153
-0.00851047
 -0.0209509
 -0.0211188
-0.00891555
 0.00851036
  0.0209509
  0.0211187
 0.00891544
-0.00851033
 -0.0209507
 -0.0211186
-0.00891532
  0.0085104
  0.0209508
  0.0211185
 0.00891516
-0.00851049
 -0.0209509
 -0.0211187
 -0.0089153
 0.00851047
  0.0209509
  0.0211188
 0.00891555
-0.00851036
 -0.0209509
 -0.0211187
-0.00891544
 0.00851033
  0.0209507
  0.0211186
 0.00891532
 -0.0085104
 -0.0209508
 -0.0211185
-0.00891516
 0.00851049
  0.0209509
  0.0211187
 0.00575242
-0.00549122
 -0.0135182
 -0.0136265
-0.00575261
 0.00549112
  0.0135182
  0.0136264
 0.00575252
-0.00549112
 -0.0135181
 -0.0136264
-0.00575247
 0.00549113
   0.013518
  0.0136263
 0.00575228
-0.00549127
 -0.0135182
 -0.0136264
-0.00575242
 0.00549122
  0.0135182
  0.0136265
 0.00575261
-0.00549112
 -0.0135182
 -0.0136264
-0.00575252
 0.00549112
  0.0135181
  0.0136264
 0.00575247
-0.00549113
  -0.013518
 -0.0136263
-0.00575228
 0.00549127
  0.0135182
  0.0136264
 0.00354074
-0.00337997
-0.00832076
 -0.0083874
-0.00354086
 0.00337988
 0.00832069
 0.00838734
 0.00354079
 -0.0033799
-0.00832064
-0.00838732
-0.00354079
 0.00337987
 0.00832058
  0.0083872
  0.0035406
-0.00338002
-0.00832076
-0.00838735
-0.00354074
 0.00337997
 0.00832076
  0.0083874
 0.00354086
-0.00337988
-0.00832069
-0.00838734
-0.00354079
  0.0033799
 0.00832064
 0.00838732
 0.00354079
-0.00337987
-0.00832058
 -0.0083872
 -0.0035406
 0.00338002
 0.00832076
 0.00838735
 0.00212126
-0.00202494
-0.00498497
 -0.0050249
-0.00212134
 0.00202487
 0.00498491
 0.00502484
 0.00212128
 -0.0020249
 -0.0049849
-0.00502485
 -0.0021213
 0.00202485
 0.00498482
 0.00502472
 0.00212114
  -0.002025
-0.00498498
-0.00502486
-0.00212126
 0.00202494
 0.00498497
  0.0050249
 0.00212134
-0.00202487
-0.00498491
-0.00502484
-0.00212128
  0.0020249
  0.0049849
 0.00502485
  0.0021213
-0.00202485
-0.00498482
-0.00502472
-0.00212114
   0.002025
 0.00498498
 0.00502486
