-1.00465e-14
-8.97029e-05
-1.17497e-08
 8.96767e-05
 -3.1223e-08
-8.97343e-05
 -3.1223e-08
 8.96767e-05
-1.17497e-08
-8.97029e-05
 7.58218e-17
 8.97029e-05
 1.17497e-08
-8.96767e-05
  3.1223e-08
 8.97343e-05
  3.1223e-08
-8.96767e-05
 1.17497e-08
 8.97029e-05
-3.75606e-15
-8.97029e-05
-1.17497e-08
 8.96767e-05
 -3.1223e-08
-8.97343e-05
 -3.1223e-08
 8.96767e-05
-1.17497e-08
-8.97029e-05
 1.64938e-14
 8.97029e-05
 1.17497e-08
-8.96767e-05
  3.1223e-08
 8.97343e-05
  3.1223e-08
-8.96767e-05
 1.17497e-08
 8.97029e-05
-1.50161e-14
-0.000243111
-9.67875e-09
 0.000243085
-3.77355e-08
-0.000243155
-3.77354e-08
 0.000243085
-9.67879e-09
-0.000243111
 2.67776e-14
 0.000243111
 9.67873e-09
-0.000243085
 3.77355e-08
 0.000243155
 3.77354e-08
-0.000243085
 9.67878e-09
 0.000243111
-1.03903e-14
-0.000243111
-9.67875e-09
 0.000243085
-3.77355e-08
-0.000243155
-3.77355e-08
 0.000243085
-9.67878e-09
-0.000243111
 3.18754e-14
 0.000243111
 9.67875e-09
-0.000243085
 3.77355e-08
 0.000243155
 3.77354e-08
-0.000243085
 9.67877e-09
 0.000243111
-3.58528e-14
-0.000655649
-2.51762e-09
 0.000655631
-4.28216e-08
-0.000655711
-4.28215e-08
 0.000655631
-2.51774e-09
-0.000655649
 8.45936e-14
 0.000655649
 2.51762e-09
-0.000655631
 4.28216e-08
 0.000655711
 4.28215e-08
-0.000655631
 2.51773e-09
 0.000655649
-4.51935e-14
-0.000655649
-2.51763e-09
 0.000655631
-4.28216e-08
-0.000655711
-4.28215e-08
 0.000655631
-2.51773e-09
-0.000655649
 5.90385e-14
 0.000655649
 2.51762e-09
-0.000655631
 4.28216e-08
 0.000655711
 4.28215e-08
-0.000655631
 2.51772e-09
 0.000655649
-1.12108e-13
 -0.00173764
 1.36113e-08
  0.00173764
-4.24803e-08
 -0.00173773
  -4.248e-08
  0.00173764
  1.3611e-08
 -0.00173764
 1.87216e-13
  0.00173764
-1.36113e-08
 -0.00173764
 4.24803e-08
  0.00173773
   4.248e-08
 -0.00173764
 -1.3611e-08
  0.00173764
-1.55492e-13
 -0.00173764
 1.36113e-08
  0.00173764
-4.24803e-08
 -0.00173773
  -4.248e-08
  0.00173764
  1.3611e-08
 -0.00173764
 1.39607e-13
  0.00173764
-1.36113e-08
 -0.00173764
 4.24803e-08
  0.00173773
   4.248e-08
 -0.00173764
 -1.3611e-08
  0.00173764
-3.43606e-13
 -0.00444326
 4.29739e-08
   0.0044433
-2.81925e-08
 -0.00444338
-2.81917e-08
   0.0044433
 4.29732e-08
 -0.00444326
 3.93093e-13
  0.00444326
-4.29739e-08
  -0.0044433
 2.81925e-08
  0.00444338
 2.81918e-08
  -0.0044433
-4.29732e-08
  0.00444326
 -4.0105e-13
 -0.00444326
 4.29739e-08
   0.0044433
-2.81925e-08
 -0.00444338
-2.81917e-08
   0.0044433
 4.29732e-08
 -0.00444326
 3.85093e-13
  0.00444326
-4.29739e-08
  -0.0044433
 2.81925e-08
  0.00444338
 2.81918e-08
  -0.0044433
-4.29732e-08
  0.00444326
-9.01161e-13
  -0.0106674
  8.6344e-08
   0.0106675
 1.58213e-08
  -0.0106676
 1.58231e-08
   0.0106675
 8.63422e-08
  -0.0106674
 8.82058e-13
   0.0106674
-8.63439e-08
  -0.0106675
-1.58213e-08
   0.0106676
-1.58232e-08
  -0.0106675
-8.63421e-08
   0.0106674
-8.99222e-13
  -0.0106674
 8.63439e-08
   0.0106675
 1.58213e-08
  -0.0106676
 1.58231e-08
   0.0106675
 8.63421e-08
  -0.0106674
  9.3903e-13
   0.0106674
-8.63439e-08
  -0.0106675
-1.58213e-08
   0.0106676
-1.58231e-08
  -0.0106675
-8.63421e-08
   0.0106674
-1.96349e-12
  -0.0230505
 1.32039e-07
   0.0230506
 1.11218e-07
  -0.0230507
 1.11222e-07
   0.0230506
 1.32035e-07
  -0.0230505
 1.96037e-12
   0.0230505
-1.32039e-07
  -0.0230506
-1.11218e-07
   0.0230507
-1.11222e-07
  -0.0230506
-1.32035e-07
   0.0230505
-1.98161e-12
  -0.0230505
 1.32039e-07
   0.0230506
 1.11218e-07
  -0.0230507
 1.11221e-07
   0.0230506
 1.32035e-07
  -0.0230505
 1.89594e-12
   0.0230505
-1.32039e-07
  -0.0230506
-1.11218e-07
   0.0230507
-1.11222e-07
  -0.0230506
-1.32035e-07
   0.0230505
 -3.5251e-12
  -0.0418005
 1.45686e-07
   0.0418006
 2.64254e-07
  -0.0418007
 2.64261e-07
   0.0418006
 1.45679e-07
  -0.0418005
 3.50041e-12
   0.0418005
-1.45686e-07
  -0.0418006
-2.64254e-07
   0.0418007
-2.64261e-07
  -0.0418006
-1.45679e-07
   0.0418005
 -3.5328e-12
  -0.0418005
 1.45686e-07
   0.0418006
 2.64254e-07
  -0.0418007
 2.64261e-07
   0.0418006
 1.45679e-07
  -0.0418005
 3.53816e-12
   0.0418005
-1.45686e-07
  -0.0418006
-2.64254e-07
   0.0418007
-2.64261e-07
  -0.0418006
-1.45679e-07
   0.0418005
-4.70467e-12
  -0.0554738
 8.12197e-08
   0.0554737
 4.03153e-07
  -0.0554739
 4.03162e-07
   0.0554737
 8.12103e-08
  -0.0554738
 4.67247e-12
   0.0554738
-8.12196e-08
  -0.0554737
-4.03153e-07
   0.0554739
-4.03162e-07
  -0.0554737
-8.12103e-08
   0.0554738
-4.65459e-12
  -0.0554738
 8.12197e-08
   0.0554737
 4.03153e-07
  -0.0554739
 4.03162e-07
   0.0554737
 8.12103e-08
  -0.0554738
 4.66537e-12
   0.0554738
-8.12197e-08
  -0.0554737
-4.03153e-07
   0.0554739
-4.03162e-07
  -0.0554737
-8.12103e-08
   0.0554738
-2.86335e-12
  -0.0338582
-5.75182e-08
   0.0338579
  3.2258e-07
  -0.0338581
 3.22586e-07
   0.0338579
-5.75239e-08
  -0.0338582
 2.83857e-12
   0.0338582
 5.75182e-08
  -0.0338579
 -3.2258e-07
   0.0338581
-3.22586e-07
  -0.0338579
 5.75239e-08
   0.0338582
 -2.8263e-12
  -0.0338582
-5.75182e-08
   0.0338579
  3.2258e-07
  -0.0338581
 3.22586e-07
   0.0338579
-5.75239e-08
  -0.0338582
 2.84821e-12
   0.0338582
 5.75182e-08
  -0.0338579
 -3.2258e-07
   0.0338581
-3.22586e-07
  -0.0338579
 5.75239e-08
   0.0338582
  3.7417e-12
   0.0438701
-1.70209e-07
  -0.0438702
-1.41011e-07
   0.0438705
-1.41019e-07
  -0.0438702
-1.70202e-07
   0.0438701
-3.70979e-12
  -0.0438701
 1.70209e-07
   0.0438702
 1.41011e-07
  -0.0438705
 1.41019e-07
   0.0438702
 1.70202e-07
  -0.0438701
 3.65375e-12
   0.0438701
-1.70209e-07
  -0.0438702
-1.41011e-07
   0.0438705
-1.41019e-07
  -0.0438702
-1.70202e-07
   0.0438701
-3.69894e-12
  -0.0438701
 1.70209e-07
   0.0438702
 1.41011e-07
  -0.0438705
 1.41019e-07
   0.0438702
 1.70202e-07
  -0.0438701
  1.0797e-11
    0.128203
-1.89881e-07
   -0.128203
-6.81317e-07
    0.128204
-6.81338e-07
   -0.128203
-1.89859e-07
    0.128203
-1.08734e-11
   -0.128203
 1.89881e-07
    0.128203
 6.81317e-07
   -0.128204
 6.81338e-07
    0.128203
 1.89859e-07
   -0.128203
 1.08379e-11
    0.128203
-1.89881e-07
   -0.128203
-6.81317e-07
    0.128204
-6.81339e-07
   -0.128203
-1.89859e-07
    0.128203
-1.07739e-11
   -0.128203
 1.89881e-07
    0.128203
 6.81317e-07
   -0.128204
 6.81339e-07
    0.128203
 1.89859e-07
   -0.128203
 1.07587e-11
    0.128203
-1.89881e-07
   -0.128203
-6.81317e-07
    0.128204
-6.81339e-07
   -0.128203
-1.89859e-07
    0.128203
-1.08032e-11
   -0.128203
 1.89881e-07
    0.128203
 6.81317e-07
   -0.128204
 6.81339e-07
    0.128203
 1.89859e-07
   -0.128203
 1.08296e-11
    0.128203
-1.89881e-07
   -0.128203
-6.81317e-07
    0.128204
-6.81339e-07
   -0.128203
-1.89859e-07
    0.128203
-1.08457e-11
   -0.128203
 1.89881e-07
    0.128203
 6.81317e-07
   -0.128204
 6.81339e-07
    0.128203
 1.89859e-07
   -0.128203
 3.69418e-12
   0.0438701
-1.70209e-07
  -0.0438702
-1.41011e-07
   0.0438705
-1.41019e-07
  -0.0438702
-1.70202e-07
   0.0438701
-3.64658e-12
  -0.0438701
 1.70209e-07
   0.0438702
 1.41011e-07
  -0.0438705
 1.41019e-07
   0.0438702
 1.70202e-07
  -0.0438701
 3.69743e-12
   0.0438701
-1.70209e-07
  -0.0438702
-1.41011e-07
   0.0438705
-1.41019e-07
  -0.0438702
-1.70202e-07
   0.0438701
-3.69167e-12
  -0.0438701
 1.70209e-07
   0.0438702
 1.41011e-07
  -0.0438705
 1.41019e-07
   0.0438702
 1.70202e-07
  -0.0438701
-2.86942e-12
  -0.0338582
-5.75182e-08
   0.0338579
  3.2258e-07
  -0.0338581
 3.22586e-07
   0.0338579
-5.75239e-08
  -0.0338582
 2.82791e-12
   0.0338582
 5.75182e-08
  -0.0338579
 -3.2258e-07
   0.0338581
-3.22586e-07
  -0.0338579
 5.75239e-08
   0.0338582
-2.91694e-12
  -0.0338582
-5.75182e-08
   0.0338579
  3.2258e-07
  -0.0338581
 3.22586e-07
   0.0338579
-5.75239e-08
  -0.0338582
 2.83338e-12
   0.0338582
 5.75182e-08
  -0.0338579
 -3.2258e-07
   0.0338581
-3.22586e-07
  -0.0338579
 5.75239e-08
   0.0338582
-4.70107e-12
  -0.0554738
 8.12196e-08
   0.0554737
 4.03153e-07
  -0.0554739
 4.03162e-07
   0.0554737
 8.12103e-08
  -0.0554738
 4.66812e-12
   0.0554738
-8.12196e-08
  -0.0554737
-4.03153e-07
   0.0554739
-4.03162e-07
  -0.0554737
-8.12103e-08
   0.0554738
-4.69106e-12
  -0.0554738
 8.12196e-08
   0.0554737
 4.03153e-07
  -0.0554739
 4.03162e-07
   0.0554737
 8.12103e-08
  -0.0554738
 4.64672e-12
   0.0554738
-8.12197e-08
  -0.0554737
-4.03153e-07
   0.0554739
-4.03162e-07
  -0.0554737
-8.12103e-08
   0.0554738
-3.49055e-12
  -0.0418005
 1.45686e-07
   0.0418006
 2.64254e-07
  -0.0418007
 2.64261e-07
   0.0418006
 1.45679e-07
  -0.0418005
 3.55972e-12
   0.0418005
-1.45686e-07
  -0.0418006
-2.64254e-07
   0.0418007
-2.64261e-07
  -0.0418006
-1.45679e-07
   0.0418005
 -3.4723e-12
  -0.0418005
 1.45686e-07
   0.0418006
 2.64254e-07
  -0.0418007
 2.64261e-07
   0.0418006
 1.45679e-07
  -0.0418005
 3.53304e-12
   0.0418005
-1.45686e-07
  -0.0418006
-2.64254e-07
   0.0418007
-2.64261e-07
  -0.0418006
-1.45679e-07
   0.0418005
-2.00386e-12
  -0.0230505
 1.32039e-07
   0.0230506
 1.11218e-07
  -0.0230507
 1.11221e-07
   0.0230506
 1.32035e-07
  -0.0230505
 1.94101e-12
   0.0230505
-1.32039e-07
  -0.0230506
-1.11218e-07
   0.0230507
-1.11222e-07
  -0.0230506
-1.32035e-07
   0.0230505
-1.92509e-12
  -0.0230505
 1.32039e-07
   0.0230506
 1.11218e-07
  -0.0230507
 1.11221e-07
   0.0230506
 1.32035e-07
  -0.0230505
 1.97919e-12
   0.0230505
-1.32039e-07
  -0.0230506
-1.11218e-07
   0.0230507
-1.11221e-07
  -0.0230506
-1.32035e-07
   0.0230505
-8.64313e-13
  -0.0106674
 8.63439e-08
   0.0106675
 1.58213e-08
  -0.0106676
 1.58231e-08
   0.0106675
 8.63421e-08
  -0.0106674
 9.03292e-13
   0.0106674
-8.63439e-08
  -0.0106675
-1.58213e-08
   0.0106676
-1.58231e-08
  -0.0106675
-8.63422e-08
   0.0106674
-8.53186e-13
  -0.0106674
 8.63439e-08
   0.0106675
 1.58214e-08
  -0.0106676
 1.58231e-08
   0.0106675
 8.63421e-08
  -0.0106674
  8.9162e-13
   0.0106674
-8.63439e-08
  -0.0106675
-1.58214e-08
   0.0106676
-1.58231e-08
  -0.0106675
-8.63421e-08
   0.0106674
-3.36693e-13
 -0.00444326
 4.29739e-08
   0.0044433
-2.81925e-08
 -0.00444338
-2.81917e-08
   0.0044433
 4.29732e-08
 -0.00444326
 3.93429e-13
  0.00444326
-4.29739e-08
  -0.0044433
 2.81925e-08
  0.00444338
 2.81918e-08
  -0.0044433
-4.29732e-08
  0.00444326
-3.89431e-13
 -0.00444326
  4.2974e-08
   0.0044433
-2.81925e-08
 -0.00444338
-2.81918e-08
   0.0044433
 4.29732e-08
 -0.00444326
 3.60076e-13
  0.00444326
-4.29739e-08
  -0.0044433
 2.81925e-08
  0.00444338
 2.81918e-08
  -0.0044433
-4.29732e-08
  0.00444326
-1.34055e-13
 -0.00173764
 1.36113e-08
  0.00173764
-4.24803e-08
 -0.00173773
  -4.248e-08
  0.00173764
  1.3611e-08
 -0.00173764
  1.7256e-13
  0.00173764
-1.36113e-08
 -0.00173764
 4.24803e-08
  0.00173773
   4.248e-08
 -0.00173764
 -1.3611e-08
  0.00173764
-1.74343e-13
 -0.00173764
 1.36113e-08
  0.00173764
-4.24803e-08
 -0.00173773
  -4.248e-08
  0.00173764
  1.3611e-08
 -0.00173764
 1.38186e-13
  0.00173764
-1.36113e-08
 -0.00173764
 4.24803e-08
  0.00173773
   4.248e-08
 -0.00173764
 -1.3611e-08
  0.00173764
-5.49396e-14
-0.000655649
-2.51761e-09
 0.000655631
-4.28216e-08
-0.000655711
-4.28215e-08
 0.000655631
-2.51772e-09
-0.000655649
  7.7062e-14
 0.000655649
 2.51763e-09
-0.000655631
 4.28216e-08
 0.000655711
 4.28215e-08
-0.000655631
 2.51775e-09
 0.000655649
-6.36101e-14
-0.000655649
-2.51761e-09
 0.000655631
-4.28216e-08
-0.000655711
-4.28215e-08
 0.000655631
-2.51775e-09
-0.000655649
 5.14368e-14
 0.000655649
 2.51763e-09
-0.000655631
 4.28217e-08
 0.000655711
 4.28215e-08
-0.000655631
 2.51771e-09
 0.000655649
 -2.0172e-14
-0.000243111
-9.67874e-09
 0.000243085
-3.77355e-08
-0.000243155
-3.77354e-08
 0.000243085
-9.67877e-09
-0.000243111
 3.18054e-14
 0.000243111
 9.67875e-09
-0.000243085
 3.77355e-08
 0.000243155
 3.77354e-08
-0.000243085
  9.6788e-09
 0.000243111
-1.29991e-14
-0.000243111
-9.67873e-09
 0.000243085
-3.77355e-08
-0.000243155
-3.77354e-08
 0.000243085
 -9.6788e-09
-0.000243111
 2.12241e-14
 0.000243111
 9.67875e-09
-0.000243085
 3.77355e-08
 0.000243155
 3.77354e-08
-0.000243085
 9.67877e-09
 0.000243111
-7.53716e-15
-8.97029e-05
-1.17497e-08
 8.96767e-05
 -3.1223e-08
-8.97343e-05
 -3.1223e-08
 8.96767e-05
-1.17497e-08
-8.97029e-05
 8.50409e-15
 8.97029e-05
 1.17497e-08
-8.96767e-05
  3.1223e-08
 8.97343e-05
  3.1223e-08
-8.96767e-05
 1.17497e-08
 8.97029e-05
 4.83038e-15
-8.97029e-05
-1.17497e-08
 8.96767e-05
 -3.1223e-08
-8.97343e-05
 -3.1223e-08
 8.96767e-05
-1.17497e-08
-8.97029e-05
 1.20024e-14
 8.97029e-05
 1.17497e-08
-8.96767e-05
  3.1223e-08
 8.97343e-05
  3.1223e-08
-8.96767e-05
 1.17497e-08
 8.97029e-05
