 8.97579e-05
 5.14341e-08
-8.96666e-05
 1.45846e-08
 8.97027e-05
-3.93148e-15
-8.97027e-05
-1.45845e-08
 8.96666e-05
-5.14342e-08
-8.97579e-05
-5.14341e-08
 8.96666e-05
-1.45846e-08
-8.97027e-05
  1.2861e-14
 8.97027e-05
 1.45845e-08
-8.96666e-05
 5.14342e-08
 8.97579e-05
 5.14341e-08
-8.96666e-05
 1.45846e-08
 8.97027e-05
 6.19719e-15
-8.97027e-05
-1.45845e-08
 8.96666e-05
-5.14341e-08
-8.97579e-05
-5.14341e-08
 8.96666e-05
-1.45846e-08
-8.97027e-05
 4.47959e-15
 8.97027e-05
 1.45845e-08
-8.96666e-05
 5.14342e-08
 0.000243186
  6.3317e-08
-0.000243078
  7.2811e-09
 0.000243107
-1.89059e-14
-0.000243107
-7.28104e-09
 0.000243078
 -6.3317e-08
-0.000243186
 -6.3317e-08
 0.000243078
-7.28109e-09
-0.000243107
 2.36087e-14
 0.000243107
 7.28106e-09
-0.000243078
  6.3317e-08
 0.000243186
  6.3317e-08
-0.000243078
  7.2811e-09
 0.000243107
 -1.1893e-14
-0.000243107
-7.28106e-09
 0.000243078
 -6.3317e-08
-0.000243186
 -6.3317e-08
 0.000243078
-7.28108e-09
-0.000243107
 2.61646e-14
 0.000243107
 7.28105e-09
-0.000243078
  6.3317e-08
 0.000655751
 7.53369e-08
-0.000655632
-1.14447e-08
 0.000655638
-5.40597e-14
-0.000655638
 1.14449e-08
 0.000655632
 -7.5337e-08
-0.000655751
-7.53369e-08
 0.000655632
 1.14448e-08
-0.000655638
 5.83197e-14
 0.000655638
-1.14448e-08
-0.000655632
  7.5337e-08
 0.000655751
 7.53369e-08
-0.000655632
-1.14447e-08
 0.000655638
-5.70976e-14
-0.000655638
 1.14448e-08
 0.000655632
 -7.5337e-08
-0.000655751
-7.53369e-08
 0.000655632
 1.14448e-08
-0.000655638
  7.2558e-14
 0.000655638
-1.14449e-08
-0.000655632
  7.5337e-08
  0.00173778
 8.52944e-08
 -0.00173766
-4.97177e-08
  0.00173761
-1.53957e-13
 -0.00173761
  4.9718e-08
  0.00173766
-8.52947e-08
 -0.00173778
-8.52944e-08
  0.00173766
 4.97177e-08
 -0.00173761
 1.50838e-13
  0.00173761
-4.97179e-08
 -0.00173766
 8.52947e-08
  0.00173778
 8.52944e-08
 -0.00173766
-4.97177e-08
  0.00173761
-1.59381e-13
 -0.00173761
  4.9718e-08
  0.00173766
-8.52947e-08
 -0.00173778
-8.52944e-08
  0.00173766
 4.97177e-08
 -0.00173761
 1.68732e-13
  0.00173761
 -4.9718e-08
 -0.00173766
 8.52947e-08
  0.00444344
  8.9642e-08
 -0.00444336
-1.16149e-07
  0.00444322
-3.85022e-13
 -0.00444322
  1.1615e-07
  0.00444336
-8.96428e-08
 -0.00444344
-8.96421e-08
  0.00444336
 1.16149e-07
 -0.00444322
  3.7336e-13
  0.00444322
 -1.1615e-07
 -0.00444336
 8.96428e-08
  0.00444344
 8.96421e-08
 -0.00444336
-1.16149e-07
  0.00444322
-3.99008e-13
 -0.00444322
  1.1615e-07
  0.00444336
-8.96428e-08
 -0.00444344
-8.96421e-08
  0.00444336
 1.16149e-07
 -0.00444322
 3.96497e-13
  0.00444322
 -1.1615e-07
 -0.00444336
 8.96428e-08
   0.0106676
 8.34523e-08
  -0.0106676
-2.11216e-07
   0.0106673
-8.80516e-13
  -0.0106673
 2.11218e-07
   0.0106676
-8.34541e-08
  -0.0106676
-8.34522e-08
   0.0106676
 2.11216e-07
  -0.0106673
 8.82988e-13
   0.0106673
-2.11218e-07
  -0.0106676
 8.34541e-08
   0.0106676
 8.34523e-08
  -0.0106676
-2.11216e-07
   0.0106673
-9.18524e-13
  -0.0106673
 2.11218e-07
   0.0106676
-8.34541e-08
  -0.0106676
-8.34523e-08
   0.0106676
 2.11216e-07
  -0.0106673
 9.13143e-13
   0.0106673
-2.11218e-07
  -0.0106676
 8.34541e-08
   0.0230506
  6.0365e-08
  -0.0230508
-3.07646e-07
   0.0230504
-1.90646e-12
  -0.0230504
  3.0765e-07
   0.0230508
-6.03689e-08
  -0.0230506
 -6.0365e-08
   0.0230508
 3.07646e-07
  -0.0230504
 1.95126e-12
   0.0230504
 -3.0765e-07
  -0.0230508
 6.03689e-08
   0.0230506
  6.0365e-08
  -0.0230508
-3.07646e-07
   0.0230504
-1.94361e-12
  -0.0230504
  3.0765e-07
   0.0230508
-6.03689e-08
  -0.0230506
 -6.0365e-08
   0.0230508
 3.07646e-07
  -0.0230504
 1.91745e-12
   0.0230504
 -3.0765e-07
  -0.0230508
 6.03689e-08
   0.0418005
 1.17237e-08
  -0.0418008
-3.28318e-07
   0.0418004
-3.52928e-12
  -0.0418004
 3.28325e-07
   0.0418008
-1.17307e-08
  -0.0418005
-1.17237e-08
   0.0418008
 3.28318e-07
  -0.0418004
 3.52852e-12
   0.0418004
-3.28325e-07
  -0.0418008
 1.17308e-08
   0.0418005
 1.17237e-08
  -0.0418008
-3.28318e-07
   0.0418004
-3.51139e-12
  -0.0418004
 3.28325e-07
   0.0418008
-1.17308e-08
  -0.0418005
-1.17237e-08
   0.0418008
 3.28318e-07
  -0.0418004
 3.51397e-12
   0.0418004
-3.28325e-07
  -0.0418008
 1.17308e-08
   0.0554734
-7.13129e-08
  -0.0554739
-1.70929e-07
   0.0554738
-4.69671e-12
  -0.0554738
 1.70938e-07
   0.0554739
 7.13036e-08
  -0.0554734
 7.13129e-08
   0.0554739
 1.70929e-07
  -0.0554738
 4.69221e-12
   0.0554738
-1.70938e-07
  -0.0554739
-7.13036e-08
   0.0554734
 -7.1313e-08
  -0.0554739
-1.70929e-07
   0.0554738
-4.70539e-12
  -0.0554738
 1.70938e-07
   0.0554739
 7.13036e-08
  -0.0554734
  7.1313e-08
   0.0554739
 1.70929e-07
  -0.0554738
 4.66823e-12
   0.0554738
-1.70938e-07
  -0.0554739
-7.13036e-08
   0.0338575
-1.75094e-07
  -0.0338579
 1.56386e-07
   0.0338583
-2.81746e-12
  -0.0338583
-1.56381e-07
   0.0338579
 1.75088e-07
  -0.0338575
 1.75094e-07
   0.0338579
-1.56386e-07
  -0.0338583
 2.85626e-12
   0.0338583
 1.56381e-07
  -0.0338579
-1.75088e-07
   0.0338575
-1.75094e-07
  -0.0338579
 1.56386e-07
   0.0338583
-2.83881e-12
  -0.0338583
-1.56381e-07
   0.0338579
 1.75088e-07
  -0.0338575
 1.75094e-07
   0.0338579
-1.56386e-07
  -0.0338583
 2.87856e-12
   0.0338583
 1.56381e-07
  -0.0338579
-1.75088e-07
  -0.0438705
-2.34816e-07
   0.0438705
 4.30827e-07
    -0.04387
 3.72345e-12
     0.04387
-4.30834e-07
  -0.0438705
 2.34824e-07
   0.0438705
 2.34816e-07
  -0.0438705
-4.30827e-07
     0.04387
 -3.7123e-12
    -0.04387
 4.30834e-07
   0.0438705
-2.34823e-07
  -0.0438705
-2.34816e-07
   0.0438705
 4.30827e-07
    -0.04387
 3.74137e-12
     0.04387
-4.30834e-07
  -0.0438705
 2.34823e-07
   0.0438705
 2.34816e-07
  -0.0438705
-4.30827e-07
     0.04387
-3.70261e-12
    -0.04387
 4.30834e-07
   0.0438705
-2.34823e-07
   -0.128203
 -2.1998e-07
    0.128203
 4.94807e-07
   -0.128203
 1.07619e-11
    0.128203
-4.94829e-07
   -0.128203
 2.20002e-07
    0.128203
  2.1998e-07
   -0.128203
-4.94807e-07
    0.128203
-1.08441e-11
   -0.128203
 4.94829e-07
    0.128203
-2.20002e-07
   -0.128203
 -2.1998e-07
    0.128203
 4.94807e-07
   -0.128203
 1.07609e-11
    0.128203
-4.94829e-07
   -0.128203
 2.20002e-07
    0.128203
  2.1998e-07
   -0.128203
-4.94807e-07
    0.128203
-1.07787e-11
   -0.128203
 4.94829e-07
    0.128203
-2.20002e-07
   -0.128203
 -2.1998e-07
    0.128203
 4.94807e-07
   -0.128203
 1.08481e-11
    0.128203
-4.94829e-07
   -0.128203
 2.20002e-07
    0.128203
  2.1998e-07
   -0.128203
-4.94807e-07
    0.128203
-1.08011e-11
   -0.128203
 4.94829e-07
    0.128203
-2.20001e-07
   -0.128203
 -2.1998e-07
    0.128203
 4.94807e-07
   -0.128203
 1.08567e-11
    0.128203
-4.94829e-07
   -0.128203
 2.20002e-07
    0.128203
  2.1998e-07
   -0.128203
-4.94807e-07
    0.128203
-1.08199e-11
   -0.128203
 4.94829e-07
    0.128203
-2.20002e-07
  -0.0438705
-2.34816e-07
   0.0438705
 4.30827e-07
    -0.04387
 3.68906e-12
     0.04387
-4.30834e-07
  -0.0438705
 2.34824e-07
   0.0438705
 2.34816e-07
  -0.0438705
-4.30827e-07
     0.04387
-3.66927e-12
    -0.04387
 4.30834e-07
   0.0438705
-2.34824e-07
  -0.0438705
-2.34816e-07
   0.0438705
 4.30827e-07
    -0.04387
 3.68761e-12
     0.04387
-4.30834e-07
  -0.0438705
 2.34823e-07
   0.0438705
 2.34816e-07
  -0.0438705
-4.30827e-07
     0.04387
-3.66275e-12
    -0.04387
 4.30834e-07
   0.0438705
-2.34823e-07
   0.0338575
-1.75094e-07
  -0.0338579
 1.56386e-07
   0.0338583
-2.85108e-12
  -0.0338583
-1.56381e-07
   0.0338579
 1.75088e-07
  -0.0338575
 1.75094e-07
   0.0338579
-1.56386e-07
  -0.0338583
 2.84109e-12
   0.0338583
 1.56381e-07
  -0.0338579
-1.75088e-07
   0.0338575
-1.75094e-07
  -0.0338579
 1.56386e-07
   0.0338583
 -2.8986e-12
  -0.0338583
-1.56381e-07
   0.0338579
 1.75088e-07
  -0.0338575
 1.75094e-07
   0.0338579
-1.56386e-07
  -0.0338583
 2.86924e-12
   0.0338583
 1.56381e-07
  -0.0338579
-1.75088e-07
   0.0554734
 -7.1313e-08
  -0.0554739
-1.70929e-07
   0.0554738
-4.64329e-12
  -0.0554738
 1.70938e-07
   0.0554739
 7.13036e-08
  -0.0554734
  7.1313e-08
   0.0554739
 1.70929e-07
  -0.0554738
 4.66265e-12
   0.0554738
-1.70938e-07
  -0.0554739
-7.13036e-08
   0.0554734
-7.13129e-08
  -0.0554739
-1.70929e-07
   0.0554738
 -4.6744e-12
  -0.0554738
 1.70938e-07
   0.0554739
 7.13036e-08
  -0.0554734
  7.1313e-08
   0.0554739
 1.70929e-07
  -0.0554738
 4.67303e-12
   0.0554738
-1.70938e-07
  -0.0554739
-7.13036e-08
   0.0418005
 1.17237e-08
  -0.0418008
-3.28318e-07
   0.0418004
-3.51204e-12
  -0.0418004
 3.28325e-07
   0.0418008
-1.17307e-08
  -0.0418005
-1.17237e-08
   0.0418008
 3.28318e-07
  -0.0418004
 3.50959e-12
   0.0418004
-3.28325e-07
  -0.0418008
 1.17308e-08
   0.0418005
 1.17237e-08
  -0.0418008
-3.28318e-07
   0.0418004
-3.54618e-12
  -0.0418004
 3.28325e-07
   0.0418008
-1.17307e-08
  -0.0418005
-1.17237e-08
   0.0418008
 3.28318e-07
  -0.0418004
 3.53132e-12
   0.0418004
-3.28325e-07
  -0.0418008
 1.17307e-08
   0.0230506
  6.0365e-08
  -0.0230508
-3.07646e-07
   0.0230504
-1.96566e-12
  -0.0230504
  3.0765e-07
   0.0230508
-6.03689e-08
  -0.0230506
 -6.0365e-08
   0.0230508
 3.07646e-07
  -0.0230504
 1.98464e-12
   0.0230504
 -3.0765e-07
  -0.0230508
 6.03689e-08
   0.0230506
 6.03651e-08
  -0.0230508
-3.07646e-07
   0.0230504
-1.93155e-12
  -0.0230504
  3.0765e-07
   0.0230508
-6.03689e-08
  -0.0230506
 -6.0365e-08
   0.0230508
 3.07646e-07
  -0.0230504
 1.98232e-12
   0.0230504
 -3.0765e-07
  -0.0230508
 6.03688e-08
   0.0106676
 8.34523e-08
  -0.0106676
-2.11216e-07
   0.0106673
-9.20677e-13
  -0.0106673
 2.11218e-07
   0.0106676
-8.34541e-08
  -0.0106676
-8.34523e-08
   0.0106676
 2.11216e-07
  -0.0106673
  8.7394e-13
   0.0106673
-2.11218e-07
  -0.0106676
 8.34541e-08
   0.0106676
 8.34523e-08
  -0.0106676
-2.11216e-07
   0.0106673
-8.99131e-13
  -0.0106673
 2.11218e-07
   0.0106676
-8.34541e-08
  -0.0106676
-8.34523e-08
   0.0106676
 2.11216e-07
  -0.0106673
 9.23296e-13
   0.0106673
-2.11218e-07
  -0.0106676
 8.34541e-08
  0.00444344
 8.96421e-08
 -0.00444336
-1.16149e-07
  0.00444322
-3.74798e-13
 -0.00444322
  1.1615e-07
  0.00444336
-8.96428e-08
 -0.00444344
-8.96421e-08
  0.00444336
 1.16149e-07
 -0.00444322
 3.61158e-13
  0.00444322
 -1.1615e-07
 -0.00444336
 8.96428e-08
  0.00444344
  8.9642e-08
 -0.00444336
-1.16149e-07
  0.00444322
-3.65414e-13
 -0.00444322
  1.1615e-07
  0.00444336
-8.96428e-08
 -0.00444344
-8.96421e-08
  0.00444336
 1.16149e-07
 -0.00444322
 3.57025e-13
  0.00444322
 -1.1615e-07
 -0.00444336
 8.96428e-08
  0.00173778
 8.52944e-08
 -0.00173766
-4.97177e-08
  0.00173761
-1.30432e-13
 -0.00173761
  4.9718e-08
  0.00173766
-8.52947e-08
 -0.00173778
-8.52944e-08
  0.00173766
 4.97177e-08
 -0.00173761
  1.5153e-13
  0.00173761
 -4.9718e-08
 -0.00173766
 8.52947e-08
  0.00173778
 8.52944e-08
 -0.00173766
-4.97177e-08
  0.00173761
-1.26084e-13
 -0.00173761
  4.9718e-08
  0.00173766
-8.52947e-08
 -0.00173778
-8.52944e-08
  0.00173766
 4.97177e-08
 -0.00173761
 1.35529e-13
  0.00173761
 -4.9718e-08
 -0.00173766
 8.52947e-08
 0.000655751
 7.53369e-08
-0.000655632
-1.14447e-08
 0.000655638
-5.00939e-14
-0.000655638
 1.14449e-08
 0.000655632
 -7.5337e-08
-0.000655751
-7.53369e-08
 0.000655632
 1.14448e-08
-0.000655638
 6.39997e-14
 0.000655638
-1.14449e-08
-0.000655632
  7.5337e-08
 0.000655751
 7.53369e-08
-0.000655632
-1.14447e-08
 0.000655638
-3.26223e-14
-0.000655638
 1.14449e-08
 0.000655632
 -7.5337e-08
-0.000655751
-7.53369e-08
 0.000655632
 1.14448e-08
-0.000655638
 4.98585e-14
 0.000655638
-1.14448e-08
-0.000655632
  7.5337e-08
 0.000243186
  6.3317e-08
-0.000243078
  7.2811e-09
 0.000243107
-2.23163e-14
-0.000243107
-7.28106e-09
 0.000243078
 -6.3317e-08
-0.000243186
 -6.3317e-08
 0.000243078
-7.28108e-09
-0.000243107
 2.81933e-14
 0.000243107
 7.28105e-09
-0.000243078
  6.3317e-08
 0.000243186
  6.3317e-08
-0.000243078
 7.28112e-09
 0.000243107
-2.67453e-15
-0.000243107
-7.28106e-09
 0.000243078
-6.33171e-08
-0.000243186
 -6.3317e-08
 0.000243078
-7.28109e-09
-0.000243107
 1.51701e-14
 0.000243107
 7.28108e-09
-0.000243078
 6.33171e-08
 8.97579e-05
 5.14341e-08
-8.96666e-05
 1.45846e-08
 8.97027e-05
 -1.3715e-14
-8.97027e-05
-1.45846e-08
 8.96666e-05
-5.14342e-08
-8.97579e-05
-5.14341e-08
 8.96666e-05
-1.45846e-08
-8.97027e-05
 1.46737e-14
 8.97027e-05
 1.45846e-08
-8.96666e-05
 5.14342e-08
 8.97579e-05
 5.14342e-08
-8.96666e-05
 1.45846e-08
 8.97027e-05
 2.72659e-15
-8.97027e-05
-1.45845e-08
 8.96666e-05
-5.14342e-08
-8.97579e-05
-5.14342e-08
 8.96666e-05
-1.45846e-08
-8.97027e-05
 4.74971e-15
 8.97027e-05
 1.45846e-08
-8.96666e-05
 5.14342e-08
