 -0.00013977
-0.000151568
 9.23447e-05
 0.000180431
 -3.5943e-05
-0.000191744
-2.41197e-05
 0.000184129
 8.16757e-05
-0.000158606
-0.000131305
  0.00011754
 0.000168115
-6.48989e-05
-0.000188377
 5.98749e-06
 0.000190253
  5.3515e-05
-0.000173549
-0.000107854
  0.00013977
 0.000151568
-9.23447e-05
-0.000180431
  3.5943e-05
 0.000191744
 2.41197e-05
-0.000184129
-8.16757e-05
 0.000158606
 0.000131305
 -0.00011754
-0.000168115
 6.48989e-05
 0.000188377
-5.98749e-06
-0.000190253
 -5.3515e-05
 0.000173549
 0.000107854
-0.000345281
-0.000374407
 0.000228156
 0.000445777
-8.87236e-05
-0.000473598
-5.95151e-05
 0.000454913
 0.000201802
-0.000391793
 -0.00032437
 0.000290342
 0.000415268
-0.000160351
-0.000465372
 1.47888e-05
 0.000470001
 0.000132225
-0.000428694
-0.000266416
 0.000345281
 0.000374407
-0.000228156
-0.000445777
 8.87236e-05
 0.000473598
 5.95151e-05
-0.000454913
-0.000201802
 0.000391793
  0.00032437
-0.000290342
-0.000415268
 0.000160351
 0.000465372
-1.47888e-05
-0.000470001
-0.000132225
 0.000428694
 0.000266416
-0.000840319
-0.000911181
 0.000555287
  0.00108493
-0.000215851
  -0.0011525
-0.000144766
  0.00110717
 0.000491153
 -0.00095349
-0.000789428
 0.000706562
  0.00101058
-0.000390288
  -0.0011326
 3.59886e-05
  0.00114386
 0.000321836
 -0.00104326
-0.000648335
 0.000840319
 0.000911181
-0.000555287
 -0.00108493
 0.000215851
   0.0011525
 0.000144766
 -0.00110717
-0.000491153
  0.00095349
 0.000789428
-0.000706562
 -0.00101058
 0.000390288
   0.0011326
-3.59886e-05
 -0.00114386
-0.000321836
  0.00104326
 0.000648335
 -0.00198167
 -0.00214875
  0.00130949
  0.00255852
-0.000508948
 -0.00271774
-0.000341312
  0.00261097
  0.00115825
 -0.00224852
 -0.00186166
  0.00166615
  0.00238306
-0.000920443
 -0.00267092
 8.48656e-05
  0.00269747
 0.000759018
 -0.00246012
 -0.00152884
  0.00198167
  0.00214875
 -0.00130949
 -0.00255852
 0.000508948
  0.00271774
 0.000341312
 -0.00261097
 -0.00115825
  0.00224852
  0.00186166
 -0.00166615
 -0.00238306
 0.000920443
  0.00267092
-8.48656e-05
 -0.00269747
-0.000759018
  0.00246012
  0.00152884
 -0.00441249
  -0.0047845
  0.00291573
   0.0056969
 -0.00113318
 -0.00605133
-0.000759911
  0.00581367
    0.002579
 -0.00500665
 -0.00414526
  0.00370982
  0.00530608
 -0.00204958
  -0.0059472
 0.000188962
  0.00600632
  0.00169014
 -0.00547766
 -0.00340408
  0.00441249
   0.0047845
 -0.00291573
  -0.0056969
  0.00113318
  0.00605133
 0.000759911
 -0.00581367
   -0.002579
  0.00500665
  0.00414526
 -0.00370982
 -0.00530608
  0.00204958
   0.0059472
-0.000188962
 -0.00600632
 -0.00169014
  0.00547766
  0.00340408
 -0.00888417
 -0.00963318
  0.00587049
   0.0114701
  -0.0022815
  -0.0121837
 -0.00152996
   0.0117052
  0.00519251
  -0.0100804
 -0.00834613
  0.00746925
   0.0106831
 -0.00412674
  -0.0119742
 0.000380454
   0.0120932
  0.00340305
  -0.0110286
 -0.00685367
  0.00888417
  0.00963318
 -0.00587049
  -0.0114701
   0.0022815
   0.0121837
  0.00152996
  -0.0117052
 -0.00519251
   0.0100804
  0.00834613
 -0.00746925
  -0.0106831
  0.00412674
   0.0119742
-0.000380454
  -0.0120932
 -0.00340305
   0.0110286
  0.00685367
    -0.01489
  -0.0161453
  0.00983889
   0.0192239
 -0.00382379
  -0.0204199
  -0.0025642
    0.019618
   0.0087026
  -0.0168949
  -0.0139882
   0.0125184
   0.0179048
 -0.00691657
  -0.0200689
 0.000637643
   0.0202683
  0.00570367
  -0.0184838
  -0.0114867
     0.01489
   0.0161453
 -0.00983889
  -0.0192239
  0.00382379
   0.0204199
   0.0025642
   -0.019618
  -0.0087026
   0.0168949
   0.0139882
  -0.0125184
  -0.0179048
  0.00691657
   0.0200689
-0.000637643
  -0.0202683
 -0.00570367
   0.0184838
   0.0114867
  -0.0167269
  -0.0181372
   0.0110526
   0.0215955
 -0.00429544
   -0.022939
 -0.00288046
   0.0220382
  0.00977611
  -0.0189793
  -0.0157139
   0.0140627
   0.0201134
 -0.00776999
  -0.0225447
 0.000716303
   0.0227688
  0.00640747
  -0.0207638
  -0.0129036
   0.0167269
   0.0181372
  -0.0110526
  -0.0215955
  0.00429544
    0.022939
  0.00288046
  -0.0220382
 -0.00977611
   0.0189793
   0.0157139
  -0.0140627
  -0.0201134
  0.00776999
   0.0225447
-0.000716303
  -0.0227688
 -0.00640747
   0.0207638
   0.0129036
 0.000472483
 0.000512259
-0.000312251
-0.000609877
   0.0001217
 0.000648318
 8.17448e-05
 -0.00062236
-0.000276162
 0.000536057
 0.000443868
-0.000397418
-0.000568679
 0.000219113
 0.000636595
-2.02447e-05
-0.000642948
-0.000180634
 0.000587053
 0.000364683
-0.000472483
-0.000512259
 0.000312251
 0.000609877
  -0.0001217
-0.000648318
-8.17448e-05
  0.00062236
 0.000276162
-0.000536057
-0.000443868
 0.000397418
 0.000568679
-0.000219113
-0.000636595
 2.02447e-05
 0.000642948
 0.000180634
-0.000587053
-0.000364683
    0.047699
   0.0517207
  -0.0315177
  -0.0615817
   0.0122502
   0.0654148
  0.00821525
  -0.0628441
  -0.0278776
    0.054122
   0.0448102
  -0.0401021
  -0.0573572
   0.0221563
   0.0642888
 -0.00204267
  -0.0649279
  -0.0182709
   0.0592119
    0.036797
   -0.047699
  -0.0517207
   0.0315177
   0.0615817
  -0.0122502
  -0.0654148
 -0.00821525
   0.0628441
   0.0278776
   -0.054122
  -0.0448102
   0.0401021
   0.0573572
  -0.0221563
  -0.0642888
  0.00204267
   0.0649279
   0.0182709
  -0.0592119
   -0.036797
    0.089052
   0.0965606
   -0.058842
   -0.114971
   0.0228703
    0.122127
   0.0153371
   -0.117328
  -0.0520463
    0.101044
   0.0836589
  -0.0748687
   -0.107083
   0.0413654
    0.120025
 -0.00381358
   -0.121218
  -0.0341115
    0.110545
   0.0686982
   -0.089052
  -0.0965606
    0.058842
    0.114971
  -0.0228703
   -0.122127
  -0.0153371
    0.117328
   0.0520463
   -0.101044
  -0.0836589
   0.0748687
    0.107083
  -0.0413654
   -0.120025
  0.00381358
    0.121218
   0.0341115
   -0.110545
  -0.0686982
   0.0496934
   0.0538835
  -0.0328354
  -0.0641567
   0.0127622
   0.0681499
  0.00855848
  -0.0654719
  -0.0290432
   0.0563851
   0.0466839
  -0.0417787
  -0.0597548
   0.0230831
   0.0669772
 -0.00212808
   -0.067643
  -0.0190352
   0.0616871
   0.0383354
  -0.0496934
  -0.0538835
   0.0328354
   0.0641567
  -0.0127622
  -0.0681499
 -0.00855848
   0.0654719
   0.0290432
  -0.0563851
  -0.0466839
   0.0417787
   0.0597548
  -0.0230831
  -0.0669772
  0.00212808
    0.067643
   0.0190352
  -0.0616871
  -0.0383354
  -0.0496934
  -0.0538835
   0.0328354
   0.0641567
  -0.0127622
  -0.0681499
 -0.00855848
   0.0654719
   0.0290432
  -0.0563851
  -0.0466839
   0.0417787
   0.0597548
  -0.0230831
  -0.0669772
  0.00212808
    0.067643
   0.0190352
  -0.0616871
  -0.0383354
   0.0496934
   0.0538835
  -0.0328354
  -0.0641567
   0.0127622
   0.0681499
  0.00855848
  -0.0654719
  -0.0290432
   0.0563851
   0.0466839
  -0.0417787
  -0.0597548
   0.0230831
   0.0669772
 -0.00212808
   -0.067643
  -0.0190352
   0.0616871
   0.0383354
   -0.089052
  -0.0965606
    0.058842
    0.114971
  -0.0228703
   -0.122127
  -0.0153371
    0.117328
   0.0520463
   -0.101044
  -0.0836589
   0.0748687
    0.107083
  -0.0413654
   -0.120025
  0.00381358
    0.121218
   0.0341115
   -0.110545
  -0.0686982
    0.089052
   0.0965606
   -0.058842
   -0.114971
   0.0228703
    0.122127
   0.0153371
   -0.117328
  -0.0520463
    0.101044
   0.0836589
  -0.0748687
   -0.107083
   0.0413654
    0.120025
 -0.00381358
   -0.121218
  -0.0341115
    0.110545
   0.0686982
   -0.047699
  -0.0517207
   0.0315177
   0.0615817
  -0.0122502
  -0.0654148
 -0.00821525
   0.0628441
   0.0278776
   -0.054122
  -0.0448102
   0.0401021
   0.0573572
  -0.0221563
  -0.0642888
  0.00204267
   0.0649279
   0.0182709
  -0.0592119
   -0.036797
    0.047699
   0.0517207
  -0.0315177
  -0.0615817
   0.0122502
   0.0654148
  0.00821525
  -0.0628441
  -0.0278776
    0.054122
   0.0448102
  -0.0401021
  -0.0573572
   0.0221563
   0.0642888
 -0.00204267
  -0.0649279
  -0.0182709
   0.0592119
    0.036797
-0.000472483
-0.000512259
 0.000312251
 0.000609877
  -0.0001217
-0.000648318
-8.17448e-05
  0.00062236
 0.000276162
-0.000536057
-0.000443868
 0.000397418
 0.000568679
-0.000219113
-0.000636595
 2.02447e-05
 0.000642948
 0.000180634
-0.000587053
-0.000364683
 0.000472483
 0.000512259
-0.000312251
-0.000609877
   0.0001217
 0.000648318
 8.17448e-05
 -0.00062236
-0.000276162
 0.000536057
 0.000443868
-0.000397418
-0.000568679
 0.000219113
 0.000636595
-2.02447e-05
-0.000642948
-0.000180634
 0.000587053
 0.000364683
   0.0167269
   0.0181372
  -0.0110526
  -0.0215955
  0.00429544
    0.022939
  0.00288046
  -0.0220382
 -0.00977611
   0.0189793
   0.0157139
  -0.0140627
  -0.0201134
  0.00776999
   0.0225447
-0.000716303
  -0.0227688
 -0.00640747
   0.0207638
   0.0129036
  -0.0167269
  -0.0181372
   0.0110526
   0.0215955
 -0.00429544
   -0.022939
 -0.00288046
   0.0220382
  0.00977611
  -0.0189793
  -0.0157139
   0.0140627
   0.0201134
 -0.00776999
  -0.0225447
 0.000716303
   0.0227688
  0.00640747
  -0.0207638
  -0.0129036
     0.01489
   0.0161453
 -0.00983889
  -0.0192239
  0.00382379
   0.0204199
   0.0025642
   -0.019618
  -0.0087026
   0.0168949
   0.0139882
  -0.0125184
  -0.0179048
  0.00691657
   0.0200689
-0.000637643
  -0.0202683
 -0.00570367
   0.0184838
   0.0114867
    -0.01489
  -0.0161453
  0.00983889
   0.0192239
 -0.00382379
  -0.0204199
  -0.0025642
    0.019618
   0.0087026
  -0.0168949
  -0.0139882
   0.0125184
   0.0179048
 -0.00691657
  -0.0200689
 0.000637643
   0.0202683
  0.00570367
  -0.0184838
  -0.0114867
  0.00888417
  0.00963318
 -0.00587049
  -0.0114701
   0.0022815
   0.0121837
  0.00152996
  -0.0117052
 -0.00519251
   0.0100804
  0.00834613
 -0.00746925
  -0.0106831
  0.00412674
   0.0119742
-0.000380454
  -0.0120932
 -0.00340305
   0.0110286
  0.00685367
 -0.00888417
 -0.00963318
  0.00587049
   0.0114701
  -0.0022815
  -0.0121837
 -0.00152996
   0.0117052
  0.00519251
  -0.0100804
 -0.00834613
  0.00746925
   0.0106831
 -0.00412674
  -0.0119742
 0.000380454
   0.0120932
  0.00340305
  -0.0110286
 -0.00685367
  0.00441249
   0.0047845
 -0.00291573
  -0.0056969
  0.00113318
  0.00605133
 0.000759911
 -0.00581367
   -0.002579
  0.00500665
  0.00414526
 -0.00370982
 -0.00530608
  0.00204958
   0.0059472
-0.000188962
 -0.00600632
 -0.00169014
  0.00547766
  0.00340408
 -0.00441249
  -0.0047845
  0.00291573
   0.0056969
 -0.00113318
 -0.00605133
-0.000759911
  0.00581367
    0.002579
 -0.00500665
 -0.00414526
  0.00370982
  0.00530608
 -0.00204958
  -0.0059472
 0.000188962
  0.00600632
  0.00169014
 -0.00547766
 -0.00340408
  0.00198167
  0.00214875
 -0.00130949
 -0.00255852
 0.000508948
  0.00271774
 0.000341312
 -0.00261097
 -0.00115825
  0.00224852
  0.00186166
 -0.00166615
 -0.00238306
 0.000920443
  0.00267092
-8.48656e-05
 -0.00269747
-0.000759018
  0.00246012
  0.00152884
 -0.00198167
 -0.00214875
  0.00130949
  0.00255852
-0.000508948
 -0.00271774
-0.000341312
  0.00261097
  0.00115825
 -0.00224852
 -0.00186166
  0.00166615
  0.00238306
-0.000920443
 -0.00267092
 8.48656e-05
  0.00269747
 0.000759018
 -0.00246012
 -0.00152884
 0.000840319
 0.000911181
-0.000555287
 -0.00108493
 0.000215851
   0.0011525
 0.000144766
 -0.00110717
-0.000491153
  0.00095349
 0.000789428
-0.000706562
 -0.00101058
 0.000390288
   0.0011326
-3.59886e-05
 -0.00114386
-0.000321836
  0.00104326
 0.000648335
-0.000840319
-0.000911181
 0.000555287
  0.00108493
-0.000215851
  -0.0011525
-0.000144766
  0.00110717
 0.000491153
 -0.00095349
-0.000789428
 0.000706562
  0.00101058
-0.000390288
  -0.0011326
 3.59886e-05
  0.00114386
 0.000321836
 -0.00104326
-0.000648335
 0.000345281
 0.000374407
-0.000228156
-0.000445777
 8.87236e-05
 0.000473598
 5.95151e-05
-0.000454913
-0.000201802
 0.000391793
  0.00032437
-0.000290342
-0.000415268
 0.000160351
 0.000465372
-1.47888e-05
-0.000470001
-0.000132225
 0.000428694
 0.000266416
-0.000345281
-0.000374407
 0.000228156
 0.000445777
-8.87236e-05
-0.000473598
-5.95151e-05
 0.000454913
 0.000201802
-0.000391793
 -0.00032437
 0.000290342
 0.000415268
-0.000160351
-0.000465372
 1.47888e-05
 0.000470001
 0.000132225
-0.000428694
-0.000266416
  0.00013977
 0.000151568
-9.23447e-05
-0.000180431
  3.5943e-05
 0.000191744
 2.41197e-05
-0.000184129
-8.16757e-05
 0.000158606
 0.000131305
 -0.00011754
-0.000168115
 6.48989e-05
 0.000188377
-5.98749e-06
-0.000190253
 -5.3515e-05
 0.000173549
 0.000107854
 -0.00013977
-0.000151568
 9.23447e-05
 0.000180431
 -3.5943e-05
-0.000191744
-2.41197e-05
 0.000184129
 8.16757e-05
-0.000158606
-0.000131305
  0.00011754
 0.000168115
-6.48989e-05
-0.000188377
 5.98749e-06
 0.000190253
  5.3515e-05
-0.000173549
-0.000107854
