  -0.0171806
  -0.0147944
  -0.0120438
 -0.00899666
 -0.00572803
 -0.00231831
  0.00114851
    0.004587
  0.00791255
   0.0110433
   0.0139021
   0.0164186
   0.0185308
   0.0201867
   0.0213456
   0.0219789
    0.022071
   0.0216195
   0.0206357
   0.0191439
   0.0171806
   0.0147944
   0.0120438
  0.00899666
  0.00572803
  0.00231831
 -0.00114851
   -0.004587
 -0.00791255
  -0.0110433
  -0.0139021
  -0.0164186
  -0.0185308
  -0.0201867
  -0.0213456
  -0.0219789
   -0.022071
  -0.0216195
  -0.0206357
  -0.0191439
  -0.0140493
   -0.012098
  -0.0098487
 -0.00735697
 -0.00468407
 -0.00189578
 0.000939194
    0.003751
  0.00647043
  0.00903061
   0.0113683
   0.0134262
   0.0151534
   0.0165076
   0.0174553
   0.0179732
   0.0180484
   0.0176792
   0.0168747
   0.0156548
   0.0140493
    0.012098
   0.0098487
  0.00735697
  0.00468407
  0.00189578
-0.000939194
   -0.003751
 -0.00647043
 -0.00903061
  -0.0113683
  -0.0134262
  -0.0151534
  -0.0165076
  -0.0174553
  -0.0179732
  -0.0180484
  -0.0176792
  -0.0168747
  -0.0156548
 -0.00703265
 -0.00605593
 -0.00492997
 -0.00368272
 -0.00234474
-0.000948984
 0.000470149
  0.00187766
  0.00323891
  0.00452047
  0.00569062
  0.00672079
  0.00758533
  0.00826325
  0.00873766
  0.00899694
  0.00903457
  0.00884975
  0.00844697
  0.00783637
  0.00703265
  0.00605593
  0.00492997
  0.00368272
  0.00234474
 0.000948984
-0.000470149
 -0.00187766
 -0.00323891
 -0.00452047
 -0.00569062
 -0.00672079
 -0.00758533
 -0.00826325
 -0.00873766
 -0.00899694
 -0.00903457
 -0.00884975
 -0.00844697
 -0.00783637
  0.00531584
  0.00457745
  0.00372639
  0.00278353
  0.00177221
 0.000717275
-0.000355314
 -0.00141918
 -0.00244817
 -0.00341685
 -0.00430142
 -0.00507999
 -0.00573352
 -0.00624579
 -0.00660431
  -0.0068002
 -0.00682872
 -0.00668909
  -0.0063848
 -0.00592322
 -0.00531584
 -0.00457745
 -0.00372639
 -0.00278353
 -0.00177221
-0.000717275
 0.000355314
  0.00141918
  0.00244817
  0.00341685
  0.00430142
  0.00507999
  0.00573352
  0.00624579
  0.00660431
   0.0068002
  0.00682872
  0.00668909
   0.0063848
  0.00592322
   0.0234997
   0.0202358
   0.0164734
   0.0123055
  0.00783467
  0.00317095
 -0.00157086
 -0.00627399
  -0.0108227
   -0.015105
  -0.0190153
  -0.0224574
  -0.0253463
  -0.0276113
  -0.0291963
  -0.0300625
  -0.0301884
   -0.029571
  -0.0282255
  -0.0261851
  -0.0234997
  -0.0202358
  -0.0164734
  -0.0123055
 -0.00783467
 -0.00317095
  0.00157086
  0.00627399
   0.0108227
    0.015105
   0.0190153
   0.0224574
   0.0253463
   0.0276113
   0.0291963
   0.0300625
   0.0301884
    0.029571
   0.0282255
   0.0261851
   0.0448084
   0.0385849
   0.0314109
   0.0234637
   0.0149389
  0.00604628
  -0.0029953
  -0.0119631
  -0.0206364
  -0.0288018
  -0.0362577
   -0.042821
  -0.0483294
  -0.0526483
  -0.0556707
  -0.0573224
  -0.0575623
   -0.056385
  -0.0538193
  -0.0499288
  -0.0448084
  -0.0385849
  -0.0314109
  -0.0234637
  -0.0149389
 -0.00604628
   0.0029953
   0.0119631
   0.0206364
   0.0288018
   0.0362577
    0.042821
   0.0483294
   0.0526483
   0.0556707
   0.0573224
   0.0575623
    0.056385
   0.0538193
   0.0499288
   0.0597764
    0.051474
   0.0419035
   0.0313017
   0.0199293
  0.00806603
 -0.00399589
  -0.0159593
  -0.0275298
  -0.0384229
  -0.0483693
  -0.0571251
  -0.0644735
  -0.0702351
  -0.0742673
  -0.0764708
  -0.0767909
  -0.0752201
  -0.0717972
  -0.0666073
  -0.0597764
   -0.051474
  -0.0419035
  -0.0313017
  -0.0199293
 -0.00806603
  0.00399589
   0.0159593
   0.0275298
   0.0384229
   0.0483693
   0.0571251
   0.0644735
   0.0702351
   0.0742673
   0.0764708
   0.0767909
   0.0752201
   0.0717972
   0.0666073
   0.0510608
    0.043969
   0.0357939
   0.0267379
   0.0170236
  0.00689002
 -0.00341334
  -0.0136325
  -0.0235159
  -0.0328208
   -0.041317
  -0.0487962
  -0.0550731
  -0.0599948
  -0.0634391
  -0.0653215
  -0.0655948
   -0.064253
   -0.061329
  -0.0568959
  -0.0510608
   -0.043969
  -0.0357939
  -0.0267379
  -0.0170236
 -0.00689002
  0.00341334
   0.0136325
   0.0235159
   0.0328208
    0.041317
   0.0487962
   0.0550731
   0.0599948
   0.0634391
   0.0653215
   0.0655948
    0.064253
    0.061329
   0.0568959
  0.00686725
   0.0059134
  0.00481407
  0.00359624
  0.00228975
 0.000926693
-0.000459206
 -0.00183363
 -0.00316278
 -0.00441406
 -0.00555678
 -0.00656268
 -0.00740694
  -0.0080689
 -0.00853234
 -0.00878561
 -0.00882229
 -0.00864163
 -0.00824833
   -0.007652
 -0.00686725
  -0.0059134
 -0.00481407
 -0.00359624
 -0.00228975
-0.000926693
 0.000459206
  0.00183363
  0.00316278
  0.00441406
  0.00555678
  0.00656268
  0.00740694
   0.0080689
  0.00853234
  0.00878561
  0.00882229
  0.00864163
  0.00824833
    0.007652
  -0.0423436
  -0.0364627
  -0.0296827
  -0.0221728
   -0.014117
 -0.00571369
  0.00283035
   0.0113048
    0.019501
   0.0272177
   0.0342632
   0.0404657
   0.0456705
   0.0497521
   0.0526082
   0.0541693
   0.0543958
   0.0532832
   0.0508584
   0.0471826
   0.0423436
   0.0364627
   0.0296827
   0.0221728
    0.014117
  0.00571369
 -0.00283035
  -0.0113048
   -0.019501
  -0.0272177
  -0.0342632
  -0.0404657
  -0.0456705
  -0.0497521
  -0.0526082
  -0.0541693
  -0.0543958
  -0.0532832
  -0.0508584
  -0.0471826
  -0.0214599
  -0.0184794
  -0.0150431
  -0.0112372
 -0.00715454
 -0.00289574
  0.00143444
  0.00572926
  0.00988303
    0.013794
   0.0173647
   0.0205083
   0.0231457
   0.0252143
    0.026662
   0.0274534
    0.027568
   0.0270039
   0.0257749
   0.0239124
   0.0214599
   0.0184794
   0.0150431
   0.0112372
  0.00715454
  0.00289574
 -0.00143444
 -0.00572926
 -0.00988303
   -0.013794
  -0.0173647
  -0.0205083
  -0.0231457
  -0.0252143
   -0.026662
  -0.0274534
   -0.027568
  -0.0270039
  -0.0257749
  -0.0239124
   0.0591317
   0.0509193
   0.0414517
   0.0309642
   0.0197143
  0.00797905
 -0.00395271
  -0.0157872
  -0.0272331
  -0.0380089
  -0.0478476
  -0.0565093
  -0.0637784
  -0.0694782
  -0.0734665
  -0.0756462
  -0.0759629
  -0.0744095
  -0.0710231
  -0.0658893
  -0.0591317
  -0.0509193
  -0.0414517
  -0.0309642
  -0.0197143
 -0.00797905
  0.00395271
   0.0157872
   0.0272331
   0.0380089
   0.0478476
   0.0565093
   0.0637784
   0.0694782
   0.0734665
   0.0756462
   0.0759629
   0.0744095
   0.0710231
   0.0658893
   0.0591317
   0.0509193
   0.0414517
   0.0309642
   0.0197143
  0.00797905
 -0.00395271
  -0.0157872
  -0.0272331
  -0.0380089
  -0.0478476
  -0.0565093
  -0.0637784
  -0.0694782
  -0.0734665
  -0.0756462
  -0.0759629
  -0.0744095
  -0.0710231
  -0.0658893
  -0.0591317
  -0.0509193
  -0.0414517
  -0.0309642
  -0.0197143
 -0.00797905
  0.00395271
   0.0157872
   0.0272331
   0.0380089
   0.0478476
   0.0565093
   0.0637784
   0.0694782
   0.0734665
   0.0756462
   0.0759629
   0.0744095
   0.0710231
   0.0658893
  -0.0214599
  -0.0184794
  -0.0150431
  -0.0112372
 -0.00715454
 -0.00289574
  0.00143444
  0.00572926
  0.00988303
    0.013794
   0.0173647
   0.0205083
   0.0231457
   0.0252143
    0.026662
   0.0274534
    0.027568
   0.0270039
   0.0257749
   0.0239124
   0.0214599
   0.0184794
   0.0150431
   0.0112372
  0.00715454
  0.00289574
 -0.00143444
 -0.00572926
 -0.00988303
   -0.013794
  -0.0173647
  -0.0205083
  -0.0231457
  -0.0252143
   -0.026662
  -0.0274534
   -0.027568
  -0.0270039
  -0.0257749
  -0.0239124
  -0.0423436
  -0.0364627
  -0.0296827
  -0.0221728
   -0.014117
 -0.00571369
  0.00283035
   0.0113048
    0.019501
   0.0272177
   0.0342632
   0.0404657
   0.0456705
   0.0497521
   0.0526082
   0.0541693
   0.0543958
   0.0532832
   0.0508584
   0.0471826
   0.0423436
   0.0364627
   0.0296827
   0.0221728
    0.014117
  0.00571369
 -0.00283035
  -0.0113048
   -0.019501
  -0.0272177
  -0.0342632
  -0.0404657
  -0.0456705
  -0.0497521
  -0.0526082
  -0.0541693
  -0.0543958
  -0.0532832
  -0.0508584
  -0.0471826
  0.00686725
   0.0059134
  0.00481407
  0.00359624
  0.00228975
 0.000926693
-0.000459206
 -0.00183363
 -0.00316278
 -0.00441406
 -0.00555678
 -0.00656268
 -0.00740694
  -0.0080689
 -0.00853234
 -0.00878561
 -0.00882229
 -0.00864163
 -0.00824833
   -0.007652
 -0.00686725
  -0.0059134
 -0.00481407
 -0.00359624
 -0.00228975
-0.000926693
 0.000459206
  0.00183363
  0.00316278
  0.00441406
  0.00555678
  0.00656268
  0.00740694
   0.0080689
  0.00853234
  0.00878561
  0.00882229
  0.00864163
  0.00824833
    0.007652
   0.0510608
    0.043969
   0.0357939
   0.0267379
   0.0170236
  0.00689002
 -0.00341334
  -0.0136325
  -0.0235159
  -0.0328208
   -0.041317
  -0.0487962
  -0.0550731
  -0.0599948
  -0.0634391
  -0.0653215
  -0.0655948
   -0.064253
   -0.061329
  -0.0568959
  -0.0510608
   -0.043969
  -0.0357939
  -0.0267379
  -0.0170236
 -0.00689002
  0.00341334
   0.0136325
   0.0235159
   0.0328208
    0.041317
   0.0487962
   0.0550731
   0.0599948
   0.0634391
   0.0653215
   0.0655948
    0.064253
    0.061329
   0.0568959
   0.0597764
    0.051474
   0.0419035
   0.0313017
   0.0199293
  0.00806603
 -0.00399589
  -0.0159593
  -0.0275298
  -0.0384229
  -0.0483693
  -0.0571251
  -0.0644735
  -0.0702351
  -0.0742673
  -0.0764708
  -0.0767909
  -0.0752201
  -0.0717972
  -0.0666073
  -0.0597764
   -0.051474
  -0.0419035
  -0.0313017
  -0.0199293
 -0.00806603
  0.00399589
   0.0159593
   0.0275298
   0.0384229
   0.0483693
   0.0571251
   0.0644735
   0.0702351
   0.0742673
   0.0764708
   0.0767909
   0.0752201
   0.0717972
   0.0666073
   0.0448084
   0.0385849
   0.0314109
   0.0234637
   0.0149389
  0.00604628
  -0.0029953
  -0.0119631
  -0.0206364
  -0.0288018
  -0.0362577
   -0.042821
  -0.0483294
  -0.0526483
  -0.0556707
  -0.0573224
  -0.0575623
   -0.056385
  -0.0538193
  -0.0499288
  -0.0448084
  -0.0385849
  -0.0314109
  -0.0234637
  -0.0149389
 -0.00604628
   0.0029953
   0.0119631
   0.0206364
   0.0288018
   0.0362577
    0.042821
   0.0483294
   0.0526483
   0.0556707
   0.0573224
   0.0575623
    0.056385
   0.0538193
   0.0499288
   0.0234997
   0.0202358
   0.0164734
   0.0123055
  0.00783467
  0.00317095
 -0.00157086
 -0.00627399
  -0.0108227
   -0.015105
  -0.0190153
  -0.0224574
  -0.0253463
  -0.0276113
  -0.0291963
  -0.0300625
  -0.0301884
   -0.029571
  -0.0282255
  -0.0261851
  -0.0234997
  -0.0202358
  -0.0164734
  -0.0123055
 -0.00783467
 -0.00317095
  0.00157086
  0.00627399
   0.0108227
    0.015105
   0.0190153
   0.0224574
   0.0253463
   0.0276113
   0.0291963
   0.0300625
   0.0301884
    0.029571
   0.0282255
   0.0261851
  0.00531584
  0.00457745
  0.00372639
  0.00278353
  0.00177221
 0.000717275
-0.000355314
 -0.00141918
 -0.00244817
 -0.00341685
 -0.00430142
 -0.00507999
 -0.00573352
 -0.00624579
 -0.00660431
  -0.0068002
 -0.00682872
 -0.00668909
  -0.0063848
 -0.00592322
 -0.00531584
 -0.00457745
 -0.00372639
 -0.00278353
 -0.00177221
-0.000717275
 0.000355314
  0.00141918
  0.00244817
  0.00341685
  0.00430142
  0.00507999
  0.00573352
  0.00624579
  0.00660431
   0.0068002
  0.00682872
  0.00668909
   0.0063848
  0.00592322
 -0.00703265
 -0.00605593
 -0.00492997
 -0.00368272
 -0.00234474
-0.000948984
 0.000470149
  0.00187766
  0.00323891
  0.00452047
  0.00569062
  0.00672079
  0.00758533
  0.00826325
  0.00873766
  0.00899694
  0.00903457
  0.00884975
  0.00844697
  0.00783637
  0.00703265
  0.00605593
  0.00492997
  0.00368272
  0.00234474
 0.000948984
-0.000470149
 -0.00187766
 -0.00323891
 -0.00452047
 -0.00569062
 -0.00672079
 -0.00758533
 -0.00826325
 -0.00873766
 -0.00899694
 -0.00903457
 -0.00884975
 -0.00844697
 -0.00783637
  -0.0140493
   -0.012098
  -0.0098487
 -0.00735697
 -0.00468407
 -0.00189578
 0.000939194
    0.003751
  0.00647043
  0.00903061
   0.0113683
   0.0134262
   0.0151534
   0.0165076
   0.0174553
   0.0179732
   0.0180484
   0.0176792
   0.0168747
   0.0156548
   0.0140493
    0.012098
   0.0098487
  0.00735697
  0.00468407
  0.00189578
-0.000939194
   -0.003751
 -0.00647043
 -0.00903061
  -0.0113683
  -0.0134262
  -0.0151534
  -0.0165076
  -0.0174553
  -0.0179732
  -0.0180484
  -0.0176792
  -0.0168747
  -0.0156548
  -0.0171806
  -0.0147944
  -0.0120438
 -0.00899666
 -0.00572803
 -0.00231831
  0.00114851
    0.004587
  0.00791255
   0.0110433
   0.0139021
   0.0164186
   0.0185308
   0.0201867
   0.0213456
   0.0219789
    0.022071
   0.0216195
   0.0206357
   0.0191439
   0.0171806
   0.0147944
   0.0120438
  0.00899666
  0.00572803
  0.00231831
 -0.00114851
   -0.004587
 -0.00791255
  -0.0110433
  -0.0139021
  -0.0164186
  -0.0185308
  -0.0201867
  -0.0213456
  -0.0219789
   -0.022071
  -0.0216195
  -0.0206357
  -0.0191439
