  0.00195178
 -0.00262402
 -0.00662783
 -0.00918689
 -0.00974331
 -0.00817582
 -0.00482607
-0.000424342
  0.00406991
    0.007677
  0.00961055
  0.00944918
  0.00722795
  0.00343116
 -0.00111355
 -0.00541557
 -0.00853704
 -0.00979754
 -0.00892229
 -0.00610214
 -0.00195178
  0.00262402
  0.00662783
  0.00918689
  0.00974331
  0.00817582
  0.00482607
 0.000424342
 -0.00406991
   -0.007677
 -0.00961055
 -0.00944918
 -0.00722795
 -0.00343116
  0.00111355
  0.00541557
  0.00853704
  0.00979754
  0.00892229
  0.00610214
  0.00247809
 -0.00333161
 -0.00841505
  -0.0116642
  -0.0123707
  -0.0103805
 -0.00612745
-0.000538775
  0.00516738
  0.00974715
   0.0122021
   0.0119972
    0.009177
  0.00435639
 -0.00141383
 -0.00687592
  -0.0108391
  -0.0124395
  -0.0113282
 -0.00774762
 -0.00247809
  0.00333161
  0.00841505
   0.0116642
   0.0123707
   0.0103805
  0.00612745
 0.000538775
 -0.00516738
 -0.00974715
  -0.0122021
  -0.0119972
   -0.009177
 -0.00435639
  0.00141383
  0.00687592
   0.0108391
   0.0124395
   0.0113282
  0.00774762
  0.00286455
 -0.00385117
 -0.00972738
  -0.0134832
  -0.0142999
  -0.0119994
 -0.00708305
-0.000622807
  0.00597323
   0.0112672
    0.014105
   0.0138682
   0.0106081
  0.00503577
 -0.00163433
 -0.00794825
  -0.0125295
  -0.0143795
  -0.0130949
 -0.00895588
 -0.00286455
  0.00385117
  0.00972738
   0.0134832
   0.0142999
   0.0119994
  0.00708305
 0.000622807
 -0.00597323
  -0.0112672
   -0.014105
  -0.0138682
  -0.0106081
 -0.00503577
  0.00163433
  0.00794825
   0.0125295
   0.0143795
   0.0130949
  0.00895588
  0.00271923
 -0.00365579
 -0.00923388
  -0.0127992
  -0.0135745
  -0.0113907
 -0.00672374
-0.000591229
  0.00567018
   0.0106957
   0.0133894
   0.0131647
   0.0100699
  0.00478028
 -0.00155143
 -0.00754505
  -0.0118939
    -0.01365
  -0.0124305
 -0.00850153
 -0.00271923
  0.00365579
  0.00923388
   0.0127992
   0.0135745
   0.0113907
  0.00672374
 0.000591229
 -0.00567018
  -0.0106957
  -0.0133894
  -0.0131647
  -0.0100699
 -0.00478028
  0.00155143
  0.00754505
   0.0118939
     0.01365
   0.0124305
  0.00850153
  0.00132331
 -0.00177906
 -0.00449361
 -0.00622875
 -0.00660605
 -0.00554333
 -0.00327214
-0.000287763
  0.00275934
  0.00520506
  0.00651595
   0.0064066
  0.00490046
  0.00232628
-0.000755025
 -0.00367184
 -0.00578818
 -0.00664275
 -0.00604923
 -0.00413725
 -0.00132331
  0.00177906
  0.00449361
  0.00622875
  0.00660605
  0.00554333
  0.00327214
 0.000287763
 -0.00275934
 -0.00520506
 -0.00651595
  -0.0064066
 -0.00490046
 -0.00232628
 0.000755025
  0.00367184
  0.00578818
  0.00664275
  0.00604923
  0.00413725
 -0.00231438
  0.00311157
   0.0078592
   0.0108935
   0.0115533
  0.00969457
  0.00572256
 0.000503087
 -0.00482609
 -0.00910314
  -0.0113959
  -0.0112046
 -0.00857085
 -0.00406866
  0.00132039
  0.00642158
   0.0101229
   0.0116177
     0.01058
  0.00723582
  0.00231438
 -0.00311157
  -0.0078592
  -0.0108935
  -0.0115533
 -0.00969457
 -0.00572256
-0.000503087
  0.00482609
  0.00910314
   0.0113959
   0.0112046
  0.00857085
  0.00406866
 -0.00132039
 -0.00642158
  -0.0101229
  -0.0116177
    -0.01058
 -0.00723582
 -0.00876084
   0.0117784
     0.02975
   0.0412365
   0.0437341
   0.0366982
   0.0216624
  0.00190461
  -0.0182684
  -0.0344592
  -0.0431382
  -0.0424139
  -0.0324437
  -0.0154013
  0.00499832
   0.0243085
   0.0383196
   0.0439775
    0.040049
   0.0273904
  0.00876084
  -0.0117784
    -0.02975
  -0.0412365
  -0.0437341
  -0.0366982
  -0.0216624
 -0.00190461
   0.0182684
   0.0344592
   0.0431382
   0.0424139
   0.0324437
   0.0154013
 -0.00499832
  -0.0243085
  -0.0383196
  -0.0439775
   -0.040049
  -0.0273904
  -0.0161273
    0.021682
   0.0547646
   0.0759096
   0.0805073
   0.0675556
    0.039877
  0.00350618
   -0.033629
  -0.0634339
  -0.0794103
  -0.0780772
  -0.0597234
  -0.0283512
  0.00920114
   0.0447481
   0.0705402
   0.0809554
   0.0737233
   0.0504212
   0.0161273
   -0.021682
  -0.0547646
  -0.0759096
  -0.0805073
  -0.0675556
   -0.039877
 -0.00350618
    0.033629
   0.0634339
   0.0794103
   0.0780772
   0.0597234
   0.0283512
 -0.00920114
  -0.0447481
  -0.0705402
  -0.0809554
  -0.0737233
  -0.0504212
  -0.0175638
   0.0236132
   0.0596425
   0.0826712
   0.0876786
   0.0735732
   0.0434291
  0.00381861
  -0.0366243
  -0.0690843
  -0.0864836
  -0.0850319
  -0.0650429
  -0.0308764
   0.0100207
   0.0487341
   0.0768235
   0.0881663
   0.0802898
   0.0549123
   0.0175638
  -0.0236132
  -0.0596425
  -0.0826712
  -0.0876786
  -0.0735732
  -0.0434291
 -0.00381861
   0.0366243
   0.0690843
   0.0864836
   0.0850319
   0.0650429
   0.0308764
  -0.0100207
  -0.0487341
  -0.0768235
  -0.0881663
  -0.0802898
  -0.0549123
 -0.00508257
  0.00683263
   0.0172588
   0.0239232
   0.0253722
   0.0212903
   0.0125674
  0.00110525
   -0.010598
  -0.0199915
  -0.0250265
  -0.0246061
  -0.0188216
 -0.00893471
  0.00289971
   0.0141024
    0.022231
   0.0255133
   0.0232336
   0.0158899
  0.00508257
 -0.00683263
  -0.0172588
  -0.0239232
  -0.0253722
  -0.0212903
  -0.0125674
 -0.00110525
    0.010598
   0.0199915
   0.0250265
   0.0246061
   0.0188216
  0.00893471
 -0.00289971
  -0.0141024
   -0.022231
  -0.0255133
  -0.0232336
  -0.0158899
   0.0132015
  -0.0177495
  -0.0448299
  -0.0621386
  -0.0659024
  -0.0553009
  -0.0326431
 -0.00286981
   0.0275285
   0.0519264
    0.065004
   0.0639136
   0.0488891
   0.0232082
 -0.00753211
  -0.0366307
  -0.0577433
  -0.0662691
  -0.0603494
  -0.0412752
  -0.0132015
   0.0177495
   0.0448299
   0.0621386
   0.0659024
   0.0553009
   0.0326431
  0.00286981
  -0.0275285
  -0.0519264
   -0.065004
  -0.0639136
  -0.0488891
  -0.0232082
  0.00753211
   0.0366307
   0.0577433
   0.0662691
   0.0603494
   0.0412752
    0.010591
  -0.0142394
  -0.0359649
  -0.0498511
  -0.0528707
  -0.0443654
  -0.0261881
 -0.00230243
   0.0220848
   0.0416583
   0.0521499
    0.051275
   0.0392214
   0.0186188
 -0.00604266
  -0.0293872
   -0.046325
  -0.0531648
  -0.0484155
   -0.033113
   -0.010591
   0.0142394
   0.0359649
   0.0498511
   0.0528707
   0.0443654
   0.0261881
  0.00230243
  -0.0220848
  -0.0416583
  -0.0521499
   -0.051275
  -0.0392214
  -0.0186188
  0.00604266
   0.0293872
    0.046325
   0.0531648
   0.0484155
    0.033113
   -0.010591
   0.0142394
   0.0359649
   0.0498511
   0.0528707
   0.0443654
   0.0261881
  0.00230243
  -0.0220848
  -0.0416583
  -0.0521499
   -0.051275
  -0.0392214
  -0.0186188
  0.00604266
   0.0293872
    0.046325
   0.0531648
   0.0484155
    0.033113
    0.010591
  -0.0142394
  -0.0359649
  -0.0498511
  -0.0528707
  -0.0443654
  -0.0261881
 -0.00230243
   0.0220848
   0.0416583
   0.0521499
    0.051275
   0.0392214
   0.0186188
 -0.00604266
  -0.0293872
   -0.046325
  -0.0531648
  -0.0484155
   -0.033113
  -0.0132015
   0.0177495
   0.0448299
   0.0621386
   0.0659024
   0.0553009
   0.0326431
  0.00286981
  -0.0275285
  -0.0519264
   -0.065004
  -0.0639136
  -0.0488891
  -0.0232082
  0.00753211
   0.0366307
   0.0577433
   0.0662691
   0.0603494
   0.0412752
   0.0132015
  -0.0177495
  -0.0448299
  -0.0621386
  -0.0659024
  -0.0553009
  -0.0326431
 -0.00286981
   0.0275285
   0.0519264
    0.065004
   0.0639136
   0.0488891
   0.0232082
 -0.00753211
  -0.0366307
  -0.0577433
  -0.0662691
  -0.0603494
  -0.0412752
  0.00508257
 -0.00683263
  -0.0172588
  -0.0239232
  -0.0253722
  -0.0212903
  -0.0125674
 -0.00110525
    0.010598
   0.0199915
   0.0250265
   0.0246061
   0.0188216
  0.00893471
 -0.00289971
  -0.0141024
   -0.022231
  -0.0255133
  -0.0232336
  -0.0158899
 -0.00508257
  0.00683263
   0.0172588
   0.0239232
   0.0253722
   0.0212903
   0.0125674
  0.00110525
   -0.010598
  -0.0199915
  -0.0250265
  -0.0246061
  -0.0188216
 -0.00893471
  0.00289971
   0.0141024
    0.022231
   0.0255133
   0.0232336
   0.0158899
   0.0175638
  -0.0236132
  -0.0596425
  -0.0826712
  -0.0876786
  -0.0735732
  -0.0434291
 -0.00381861
   0.0366243
   0.0690843
   0.0864836
   0.0850319
   0.0650429
   0.0308764
  -0.0100207
  -0.0487341
  -0.0768235
  -0.0881663
  -0.0802898
  -0.0549123
  -0.0175638
   0.0236132
   0.0596425
   0.0826712
   0.0876786
   0.0735732
   0.0434291
  0.00381861
  -0.0366243
  -0.0690843
  -0.0864836
  -0.0850319
  -0.0650429
  -0.0308764
   0.0100207
   0.0487341
   0.0768235
   0.0881663
   0.0802898
   0.0549123
   0.0161273
   -0.021682
  -0.0547646
  -0.0759096
  -0.0805073
  -0.0675556
   -0.039877
 -0.00350618
    0.033629
   0.0634339
   0.0794103
   0.0780772
   0.0597234
   0.0283512
 -0.00920114
  -0.0447481
  -0.0705402
  -0.0809554
  -0.0737233
  -0.0504212
  -0.0161273
    0.021682
   0.0547646
   0.0759096
   0.0805073
   0.0675556
    0.039877
  0.00350618
   -0.033629
  -0.0634339
  -0.0794103
  -0.0780772
  -0.0597234
  -0.0283512
  0.00920114
   0.0447481
   0.0705402
   0.0809554
   0.0737233
   0.0504212
  0.00876084
  -0.0117784
    -0.02975
  -0.0412365
  -0.0437341
  -0.0366982
  -0.0216624
 -0.00190461
   0.0182684
   0.0344592
   0.0431382
   0.0424139
   0.0324437
   0.0154013
 -0.00499832
  -0.0243085
  -0.0383196
  -0.0439775
   -0.040049
  -0.0273904
 -0.00876084
   0.0117784
     0.02975
   0.0412365
   0.0437341
   0.0366982
   0.0216624
  0.00190461
  -0.0182684
  -0.0344592
  -0.0431382
  -0.0424139
  -0.0324437
  -0.0154013
  0.00499832
   0.0243085
   0.0383196
   0.0439775
    0.040049
   0.0273904
  0.00231438
 -0.00311157
  -0.0078592
  -0.0108935
  -0.0115533
 -0.00969457
 -0.00572256
-0.000503087
  0.00482609
  0.00910314
   0.0113959
   0.0112046
  0.00857085
  0.00406866
 -0.00132039
 -0.00642158
  -0.0101229
  -0.0116177
    -0.01058
 -0.00723582
 -0.00231438
  0.00311157
   0.0078592
   0.0108935
   0.0115533
  0.00969457
  0.00572256
 0.000503087
 -0.00482609
 -0.00910314
  -0.0113959
  -0.0112046
 -0.00857085
 -0.00406866
  0.00132039
  0.00642158
   0.0101229
   0.0116177
     0.01058
  0.00723582
 -0.00132331
  0.00177906
  0.00449361
  0.00622875
  0.00660605
  0.00554333
  0.00327214
 0.000287763
 -0.00275934
 -0.00520506
 -0.00651595
  -0.0064066
 -0.00490046
 -0.00232628
 0.000755025
  0.00367184
  0.00578818
  0.00664275
  0.00604923
  0.00413725
  0.00132331
 -0.00177906
 -0.00449361
 -0.00622875
 -0.00660605
 -0.00554333
 -0.00327214
-0.000287763
  0.00275934
  0.00520506
  0.00651595
   0.0064066
  0.00490046
  0.00232628
-0.000755025
 -0.00367184
 -0.00578818
 -0.00664275
 -0.00604923
 -0.00413725
 -0.00271923
  0.00365579
  0.00923388
   0.0127992
   0.0135745
   0.0113907
  0.00672374
 0.000591229
 -0.00567018
  -0.0106957
  -0.0133894
  -0.0131647
  -0.0100699
 -0.00478028
  0.00155143
  0.00754505
   0.0118939
     0.01365
   0.0124305
  0.00850153
  0.00271923
 -0.00365579
 -0.00923388
  -0.0127992
  -0.0135745
  -0.0113907
 -0.00672374
-0.000591229
  0.00567018
   0.0106957
   0.0133894
   0.0131647
   0.0100699
  0.00478028
 -0.00155143
 -0.00754505
  -0.0118939
    -0.01365
  -0.0124305
 -0.00850153
 -0.00286455
  0.00385117
  0.00972738
   0.0134832
   0.0142999
   0.0119994
  0.00708305
 0.000622807
 -0.00597323
  -0.0112672
   -0.014105
  -0.0138682
  -0.0106081
 -0.00503577
  0.00163433
  0.00794825
   0.0125295
   0.0143795
   0.0130949
  0.00895588
  0.00286455
 -0.00385117
 -0.00972738
  -0.0134832
  -0.0142999
  -0.0119994
 -0.00708305
-0.000622807
  0.00597323
   0.0112672
    0.014105
   0.0138682
   0.0106081
  0.00503577
 -0.00163433
 -0.00794825
  -0.0125295
  -0.0143795
  -0.0130949
 -0.00895588
 -0.00247809
  0.00333161
  0.00841505
   0.0116642
   0.0123707
   0.0103805
  0.00612745
 0.000538775
 -0.00516738
 -0.00974715
  -0.0122021
  -0.0119972
   -0.009177
 -0.00435639
  0.00141383
  0.00687592
   0.0108391
   0.0124395
   0.0113282
  0.00774762
  0.00247809
 -0.00333161
 -0.00841505
  -0.0116642
  -0.0123707
  -0.0103805
 -0.00612745
-0.000538775
  0.00516738
  0.00974715
   0.0122021
   0.0119972
    0.009177
  0.00435639
 -0.00141383
 -0.00687592
  -0.0108391
  -0.0124395
  -0.0113282
 -0.00774762
 -0.00195178
  0.00262402
  0.00662783
  0.00918689
  0.00974331
  0.00817582
  0.00482607
 0.000424342
 -0.00406991
   -0.007677
 -0.00961055
 -0.00944918
 -0.00722795
 -0.00343116
  0.00111355
  0.00541557
  0.00853704
  0.00979754
  0.00892229
  0.00610214
  0.00195178
 -0.00262402
 -0.00662783
 -0.00918689
 -0.00974331
 -0.00817582
 -0.00482607
-0.000424342
  0.00406991
    0.007677
  0.00961055
  0.00944918
  0.00722795
  0.00343116
 -0.00111355
 -0.00541557
 -0.00853704
 -0.00979754
 -0.00892229
 -0.00610214
