 -0.00244817
 -0.00547445
 -0.00730738
  -0.0075474
 -0.00614219
 -0.00339805
 8.68316e-05
  0.00355275
  0.00624425
  0.00757458
  0.00725374
   0.0053517
  0.00228304
 -0.00128329
 -0.00456985
 -0.00686028
 -0.00765523
 -0.00678145
 -0.00442938
 -0.00111178
  0.00244817
  0.00547445
  0.00730738
   0.0075474
  0.00614219
  0.00339805
-8.68316e-05
 -0.00355275
 -0.00624425
 -0.00757458
 -0.00725374
  -0.0053517
 -0.00228304
  0.00128329
  0.00456985
  0.00686028
  0.00765523
  0.00678145
  0.00442938
  0.00111178
 -0.00345069
 -0.00771625
  -0.0102998
  -0.0106381
 -0.00865743
 -0.00478956
 0.000122388
  0.00500761
  0.00880127
   0.0106764
   0.0102242
  0.00754323
  0.00321795
  -0.0018088
 -0.00644122
 -0.00966958
  -0.0107901
 -0.00955846
 -0.00624322
 -0.00156706
  0.00345069
  0.00771625
   0.0102998
   0.0106381
  0.00865743
  0.00478956
-0.000122388
 -0.00500761
 -0.00880127
  -0.0106764
  -0.0102242
 -0.00754323
 -0.00321795
   0.0018088
  0.00644122
  0.00966958
   0.0107901
  0.00955846
  0.00624322
  0.00156706
 -0.00480716
  -0.0107495
  -0.0143486
  -0.0148199
  -0.0120607
 -0.00667234
 0.000170497
   0.0069761
    0.012261
   0.0148733
   0.0142433
   0.0105085
  0.00448292
 -0.00251985
 -0.00897327
  -0.0134707
  -0.0150316
  -0.0133159
 -0.00869743
 -0.00218307
  0.00480716
   0.0107495
   0.0143486
   0.0148199
   0.0120607
  0.00667234
-0.000170497
  -0.0069761
   -0.012261
  -0.0148733
  -0.0142433
  -0.0105085
 -0.00448292
  0.00251985
  0.00897327
   0.0134707
   0.0150316
   0.0133159
  0.00869743
  0.00218307
 -0.00655844
  -0.0146656
  -0.0195759
  -0.0202189
  -0.0164545
 -0.00910313
 0.000232607
  0.00951754
   0.0167278
   0.0202917
   0.0194322
   0.0143368
  0.00611607
 -0.00343785
  -0.0122423
  -0.0183782
  -0.0205078
   -0.018167
   -0.011866
 -0.00297838
  0.00655844
   0.0146656
   0.0195759
   0.0202189
   0.0164545
  0.00910313
-0.000232607
 -0.00951754
  -0.0167278
  -0.0202917
  -0.0194322
  -0.0143368
 -0.00611607
  0.00343785
   0.0122423
   0.0183782
   0.0205078
    0.018167
    0.011866
  0.00297838
 -0.00863475
  -0.0193086
  -0.0257733
  -0.0266199
  -0.0216637
  -0.0119851
 0.000306245
   0.0125307
   0.0220236
   0.0267158
   0.0255841
   0.0188756
  0.00805233
 -0.00452622
   -0.016118
  -0.0241965
  -0.0270003
  -0.0239184
  -0.0156226
 -0.00392129
  0.00863475
   0.0193086
   0.0257733
   0.0266199
   0.0216637
   0.0119851
-0.000306245
  -0.0125307
  -0.0220236
  -0.0267158
  -0.0255841
  -0.0188756
 -0.00805233
  0.00452622
    0.016118
   0.0241965
   0.0270003
   0.0239184
   0.0156226
  0.00392129
  -0.0106976
  -0.0239216
  -0.0319307
  -0.0329796
  -0.0268393
  -0.0148484
 0.000379405
   0.0155243
   0.0272852
   0.0330984
   0.0316964
   0.0233852
  0.00997608
 -0.00560758
  -0.0199688
  -0.0299772
  -0.0334508
  -0.0296327
  -0.0193549
 -0.00485812
   0.0106976
   0.0239216
   0.0319307
   0.0329796
   0.0268393
   0.0148484
-0.000379405
  -0.0155243
  -0.0272852
  -0.0330984
  -0.0316964
  -0.0233852
 -0.00997608
  0.00560758
   0.0199688
   0.0299772
   0.0334508
   0.0296327
   0.0193549
  0.00485812
  -0.0118816
  -0.0265691
  -0.0354646
  -0.0366296
  -0.0298098
  -0.0164917
 0.000421391
   0.0172425
   0.0303049
   0.0367616
   0.0352043
   0.0259733
   0.0110802
 -0.00622819
  -0.0221788
  -0.0332949
   -0.037153
  -0.0329122
   -0.021497
 -0.00539579
   0.0118816
   0.0265691
   0.0354646
   0.0366296
   0.0298098
   0.0164917
-0.000421391
  -0.0172425
  -0.0303049
  -0.0367616
  -0.0352043
  -0.0259733
  -0.0110802
  0.00622819
   0.0221788
   0.0332949
    0.037153
   0.0329122
    0.021497
  0.00539579
  -0.0105269
  -0.0235398
   -0.031421
  -0.0324532
  -0.0264109
  -0.0146114
 0.000373339
   0.0152765
   0.0268496
   0.0325702
   0.0311904
   0.0230119
  0.00981681
 -0.00551808
  -0.0196501
  -0.0294988
  -0.0329169
  -0.0291597
  -0.0190459
 -0.00478058
   0.0105269
   0.0235398
    0.031421
   0.0324532
   0.0264109
   0.0146114
-0.000373339
  -0.0152765
  -0.0268496
  -0.0325702
  -0.0311904
  -0.0230119
 -0.00981681
  0.00551808
   0.0196501
   0.0294988
   0.0329169
   0.0291597
   0.0190459
  0.00478058
 -0.00433442
  -0.0096925
  -0.0129375
  -0.0133625
  -0.0108747
 -0.00601627
 0.000153711
  0.00629006
   0.0110552
   0.0134108
   0.0128426
  0.00947516
  0.00404203
 -0.00227207
 -0.00809091
  -0.0121462
  -0.0135535
  -0.0120064
 -0.00784208
 -0.00196841
  0.00433442
   0.0096925
   0.0129375
   0.0133625
   0.0108747
  0.00601627
-0.000153711
 -0.00629006
  -0.0110552
  -0.0134108
  -0.0128426
 -0.00947516
 -0.00404203
  0.00227207
  0.00809091
   0.0121462
   0.0135535
   0.0120064
  0.00784208
  0.00196841
  0.00815453
   0.0182347
     0.02434
   0.0251394
   0.0204588
   0.0113185
-0.000289224
  -0.0118338
  -0.0207988
  -0.0252299
  -0.0241613
  -0.0178258
 -0.00760452
  0.00427448
   0.0152216
   0.0228507
   0.0254986
   0.0225881
   0.0147537
  0.00370319
 -0.00815453
  -0.0182347
    -0.02434
  -0.0251394
  -0.0204588
  -0.0113185
 0.000289224
   0.0118338
   0.0207988
   0.0252299
   0.0241613
   0.0178258
  0.00760452
 -0.00427448
  -0.0152216
  -0.0228507
  -0.0254986
  -0.0225881
  -0.0147537
 -0.00370319
   0.0244721
   0.0547232
    0.073045
   0.0754444
   0.0613979
   0.0339673
-0.000867938
  -0.0355136
  -0.0624178
  -0.0757163
  -0.0725089
  -0.0534961
  -0.0228214
   0.0128279
   0.0456807
   0.0685761
   0.0765224
   0.0677879
   0.0442764
   0.0111135
  -0.0244721
  -0.0547232
   -0.073045
  -0.0754444
  -0.0613979
  -0.0339673
 0.000867938
   0.0355136
   0.0624178
   0.0757163
   0.0725089
   0.0534961
   0.0228214
  -0.0128279
  -0.0456807
  -0.0685761
  -0.0765224
  -0.0677879
  -0.0442764
  -0.0111135
   0.0367061
   0.0820804
    0.109561
    0.113161
   0.0920919
   0.0509483
 -0.00130183
  -0.0532675
  -0.0936216
   -0.113568
   -0.108757
  -0.0802399
  -0.0342302
   0.0192409
   0.0685174
    0.102859
    0.114777
    0.101676
    0.066411
   0.0166693
  -0.0367061
  -0.0820804
   -0.109561
   -0.113161
  -0.0920919
  -0.0509483
  0.00130183
   0.0532675
   0.0936216
    0.113568
    0.108757
   0.0802399
   0.0342302
  -0.0192409
  -0.0685174
   -0.102859
   -0.114777
   -0.101676
   -0.066411
  -0.0166693
   0.0367061
   0.0820804
    0.109561
    0.113161
   0.0920919
   0.0509483
 -0.00130183
  -0.0532675
  -0.0936216
   -0.113568
   -0.108757
  -0.0802399
  -0.0342302
   0.0192409
   0.0685174
    0.102859
    0.114777
    0.101676
    0.066411
   0.0166693
  -0.0367061
  -0.0820804
   -0.109561
   -0.113161
  -0.0920919
  -0.0509483
  0.00130183
   0.0532675
   0.0936216
    0.113568
    0.108757
   0.0802399
   0.0342302
  -0.0192409
  -0.0685174
   -0.102859
   -0.114777
   -0.101676
   -0.066411
  -0.0166693
   0.0244721
   0.0547232
    0.073045
   0.0754444
   0.0613979
   0.0339673
-0.000867938
  -0.0355136
  -0.0624178
  -0.0757163
  -0.0725089
  -0.0534961
  -0.0228214
   0.0128279
   0.0456807
   0.0685761
   0.0765224
   0.0677879
   0.0442764
   0.0111135
  -0.0244721
  -0.0547232
   -0.073045
  -0.0754444
  -0.0613979
  -0.0339673
 0.000867938
   0.0355136
   0.0624178
   0.0757163
   0.0725089
   0.0534961
   0.0228214
  -0.0128279
  -0.0456807
  -0.0685761
  -0.0765224
  -0.0677879
  -0.0442764
  -0.0111135
  0.00815453
   0.0182347
     0.02434
   0.0251394
   0.0204588
   0.0113185
-0.000289224
  -0.0118338
  -0.0207988
  -0.0252299
  -0.0241613
  -0.0178258
 -0.00760452
  0.00427448
   0.0152216
   0.0228507
   0.0254986
   0.0225881
   0.0147537
  0.00370319
 -0.00815453
  -0.0182347
    -0.02434
  -0.0251394
  -0.0204588
  -0.0113185
 0.000289224
   0.0118338
   0.0207988
   0.0252299
   0.0241613
   0.0178258
  0.00760452
 -0.00427448
  -0.0152216
  -0.0228507
  -0.0254986
  -0.0225881
  -0.0147537
 -0.00370319
 -0.00433442
  -0.0096925
  -0.0129375
  -0.0133625
  -0.0108747
 -0.00601627
 0.000153711
  0.00629006
   0.0110552
   0.0134108
   0.0128426
  0.00947516
  0.00404203
 -0.00227207
 -0.00809091
  -0.0121462
  -0.0135535
  -0.0120064
 -0.00784208
 -0.00196841
  0.00433442
   0.0096925
   0.0129375
   0.0133625
   0.0108747
  0.00601627
-0.000153711
 -0.00629006
  -0.0110552
  -0.0134108
  -0.0128426
 -0.00947516
 -0.00404203
  0.00227207
  0.00809091
   0.0121462
   0.0135535
   0.0120064
  0.00784208
  0.00196841
  -0.0105269
  -0.0235398
   -0.031421
  -0.0324532
  -0.0264109
  -0.0146114
 0.000373339
   0.0152765
   0.0268496
   0.0325702
   0.0311904
   0.0230119
  0.00981681
 -0.00551808
  -0.0196501
  -0.0294988
  -0.0329169
  -0.0291597
  -0.0190459
 -0.00478058
   0.0105269
   0.0235398
    0.031421
   0.0324532
   0.0264109
   0.0146114
-0.000373339
  -0.0152765
  -0.0268496
  -0.0325702
  -0.0311904
  -0.0230119
 -0.00981681
  0.00551808
   0.0196501
   0.0294988
   0.0329169
   0.0291597
   0.0190459
  0.00478058
  -0.0118816
  -0.0265691
  -0.0354646
  -0.0366296
  -0.0298098
  -0.0164917
 0.000421391
   0.0172425
   0.0303049
   0.0367616
   0.0352043
   0.0259733
   0.0110802
 -0.00622819
  -0.0221788
  -0.0332949
   -0.037153
  -0.0329122
   -0.021497
 -0.00539579
   0.0118816
   0.0265691
   0.0354646
   0.0366296
   0.0298098
   0.0164917
-0.000421391
  -0.0172425
  -0.0303049
  -0.0367616
  -0.0352043
  -0.0259733
  -0.0110802
  0.00622819
   0.0221788
   0.0332949
    0.037153
   0.0329122
    0.021497
  0.00539579
  -0.0106976
  -0.0239216
  -0.0319307
  -0.0329796
  -0.0268393
  -0.0148484
 0.000379405
   0.0155243
   0.0272852
   0.0330984
   0.0316964
   0.0233852
  0.00997608
 -0.00560758
  -0.0199688
  -0.0299772
  -0.0334508
  -0.0296327
  -0.0193549
 -0.00485812
   0.0106976
   0.0239216
   0.0319307
   0.0329796
   0.0268393
   0.0148484
-0.000379405
  -0.0155243
  -0.0272852
  -0.0330984
  -0.0316964
  -0.0233852
 -0.00997608
  0.00560758
   0.0199688
   0.0299772
   0.0334508
   0.0296327
   0.0193549
  0.00485812
 -0.00863475
  -0.0193086
  -0.0257733
  -0.0266199
  -0.0216637
  -0.0119851
 0.000306245
   0.0125307
   0.0220236
   0.0267158
   0.0255841
   0.0188756
  0.00805233
 -0.00452622
   -0.016118
  -0.0241965
  -0.0270003
  -0.0239184
  -0.0156226
 -0.00392129
  0.00863475
   0.0193086
   0.0257733
   0.0266199
   0.0216637
   0.0119851
-0.000306245
  -0.0125307
  -0.0220236
  -0.0267158
  -0.0255841
  -0.0188756
 -0.00805233
  0.00452622
    0.016118
   0.0241965
   0.0270003
   0.0239184
   0.0156226
  0.00392129
 -0.00655844
  -0.0146656
  -0.0195759
  -0.0202189
  -0.0164545
 -0.00910313
 0.000232607
  0.00951754
   0.0167278
   0.0202917
   0.0194322
   0.0143368
  0.00611607
 -0.00343785
  -0.0122423
  -0.0183782
  -0.0205078
   -0.018167
   -0.011866
 -0.00297838
  0.00655844
   0.0146656
   0.0195759
   0.0202189
   0.0164545
  0.00910313
-0.000232607
 -0.00951754
  -0.0167278
  -0.0202917
  -0.0194322
  -0.0143368
 -0.00611607
  0.00343785
   0.0122423
   0.0183782
   0.0205078
    0.018167
    0.011866
  0.00297838
 -0.00480716
  -0.0107495
  -0.0143486
  -0.0148199
  -0.0120607
 -0.00667234
 0.000170497
   0.0069761
    0.012261
   0.0148733
   0.0142433
   0.0105085
  0.00448292
 -0.00251985
 -0.00897327
  -0.0134707
  -0.0150316
  -0.0133159
 -0.00869743
 -0.00218307
  0.00480716
   0.0107495
   0.0143486
   0.0148199
   0.0120607
  0.00667234
-0.000170497
  -0.0069761
   -0.012261
  -0.0148733
  -0.0142433
  -0.0105085
 -0.00448292
  0.00251985
  0.00897327
   0.0134707
   0.0150316
   0.0133159
  0.00869743
  0.00218307
 -0.00345069
 -0.00771625
  -0.0102998
  -0.0106381
 -0.00865743
 -0.00478956
 0.000122388
  0.00500761
  0.00880127
   0.0106764
   0.0102242
  0.00754323
  0.00321795
  -0.0018088
 -0.00644122
 -0.00966958
  -0.0107901
 -0.00955846
 -0.00624322
 -0.00156706
  0.00345069
  0.00771625
   0.0102998
   0.0106381
  0.00865743
  0.00478956
-0.000122388
 -0.00500761
 -0.00880127
  -0.0106764
  -0.0102242
 -0.00754323
 -0.00321795
   0.0018088
  0.00644122
  0.00966958
   0.0107901
  0.00955846
  0.00624322
  0.00156706
 -0.00244817
 -0.00547445
 -0.00730738
  -0.0075474
 -0.00614219
 -0.00339805
 8.68316e-05
  0.00355275
  0.00624425
  0.00757458
  0.00725374
   0.0053517
  0.00228304
 -0.00128329
 -0.00456985
 -0.00686028
 -0.00765523
 -0.00678145
 -0.00442938
 -0.00111178
  0.00244817
  0.00547445
  0.00730738
   0.0075474
  0.00614219
  0.00339805
-8.68316e-05
 -0.00355275
 -0.00624425
 -0.00757458
 -0.00725374
  -0.0053517
 -0.00228304
  0.00128329
  0.00456985
  0.00686028
  0.00765523
  0.00678145
  0.00442938
  0.00111178
