 -0.00315464
 -0.00185422
 0.000974958
  0.00300042
  0.00255229
-1.66567e-12
 -0.00255229
 -0.00300042
-0.000974958
  0.00185422
  0.00315464
  0.00185422
-0.000974958
 -0.00300042
 -0.00255229
 1.70003e-12
  0.00255229
  0.00300042
 0.000974958
 -0.00185422
 -0.00315464
 -0.00185422
 0.000974958
  0.00300042
  0.00255229
-1.67441e-12
 -0.00255229
 -0.00300042
-0.000974958
  0.00185422
  0.00315464
  0.00185422
-0.000974958
 -0.00300042
 -0.00255229
 1.67033e-12
  0.00255229
  0.00300042
 0.000974958
 -0.00185422
 -0.00580945
 -0.00341468
  0.00179535
  0.00552532
   0.0047001
-3.08063e-12
  -0.0047001
 -0.00552532
 -0.00179535
  0.00341468
  0.00580945
  0.00341468
 -0.00179535
 -0.00552532
  -0.0047001
 3.09032e-12
   0.0047001
  0.00552532
  0.00179535
 -0.00341468
 -0.00580945
 -0.00341468
  0.00179535
  0.00552532
   0.0047001
-3.09478e-12
  -0.0047001
 -0.00552532
 -0.00179535
  0.00341468
  0.00580945
  0.00341468
 -0.00179535
 -0.00552532
  -0.0047001
 3.10453e-12
   0.0047001
  0.00552532
  0.00179535
 -0.00341468
  -0.0104412
 -0.00613716
  0.00322663
  0.00993037
  0.00844728
-5.52852e-12
 -0.00844728
 -0.00993037
 -0.00322663
  0.00613716
   0.0104412
  0.00613716
 -0.00322663
 -0.00993037
 -0.00844728
 5.52891e-12
  0.00844728
  0.00993037
  0.00322663
 -0.00613716
  -0.0104412
 -0.00613716
  0.00322663
  0.00993037
  0.00844728
-5.57485e-12
 -0.00844728
 -0.00993037
 -0.00322663
  0.00613716
   0.0104412
  0.00613716
 -0.00322663
 -0.00993037
 -0.00844728
 5.60672e-12
  0.00844728
  0.00993037
  0.00322663
 -0.00613716
  -0.0179674
   -0.010561
  0.00555233
   0.0170882
   0.0145361
-9.53639e-12
  -0.0145361
  -0.0170882
 -0.00555233
    0.010561
   0.0179674
    0.010561
 -0.00555233
  -0.0170882
  -0.0145361
 9.51829e-12
   0.0145361
   0.0170882
  0.00555233
   -0.010561
  -0.0179674
   -0.010561
  0.00555233
   0.0170882
   0.0145361
-9.58914e-12
  -0.0145361
  -0.0170882
 -0.00555233
    0.010561
   0.0179674
    0.010561
 -0.00555233
  -0.0170882
  -0.0145361
 9.63939e-12
   0.0145361
   0.0170882
  0.00555233
   -0.010561
  -0.0286746
  -0.0168547
  0.00886096
   0.0272714
   0.0231985
 -1.5295e-11
  -0.0231985
  -0.0272714
 -0.00886096
   0.0168547
   0.0286746
   0.0168547
 -0.00886096
  -0.0272714
  -0.0231985
 1.52371e-11
   0.0231985
   0.0272714
  0.00886096
  -0.0168547
  -0.0286746
  -0.0168547
  0.00886096
   0.0272714
   0.0231985
-1.52768e-11
  -0.0231985
  -0.0272714
 -0.00886096
   0.0168547
   0.0286746
   0.0168547
 -0.00886096
  -0.0272714
  -0.0231985
 1.53275e-11
   0.0231985
   0.0272714
  0.00886096
  -0.0168547
  -0.0399967
  -0.0235097
   0.0123595
   0.0380392
   0.0323582
-2.13704e-11
  -0.0323582
  -0.0380392
  -0.0123595
   0.0235097
   0.0399967
   0.0235097
  -0.0123595
  -0.0380392
  -0.0323582
 2.13094e-11
   0.0323582
   0.0380392
   0.0123595
  -0.0235097
  -0.0399967
  -0.0235097
   0.0123595
   0.0380392
   0.0323582
-2.12545e-11
  -0.0323582
  -0.0380392
  -0.0123595
   0.0235097
   0.0399967
   0.0235097
  -0.0123595
  -0.0380392
  -0.0323582
 2.12927e-11
   0.0323582
   0.0380392
   0.0123595
  -0.0235097
  -0.0424221
  -0.0249355
   0.0131088
   0.0403458
   0.0343204
-2.25311e-11
  -0.0343204
  -0.0403458
  -0.0131088
   0.0249355
   0.0424221
   0.0249355
  -0.0131088
  -0.0403458
  -0.0343204
 2.26099e-11
   0.0343204
   0.0403458
   0.0131088
  -0.0249355
  -0.0424221
  -0.0249355
   0.0131088
   0.0403458
   0.0343204
-2.25776e-11
  -0.0343204
  -0.0403458
  -0.0131088
   0.0249355
   0.0424221
   0.0249355
  -0.0131088
  -0.0403458
  -0.0343204
 2.25743e-11
   0.0343204
   0.0403458
   0.0131088
  -0.0249355
  -0.0175919
  -0.0103407
  0.00543569
   0.0167307
   0.0142323
-9.41871e-12
  -0.0142323
  -0.0167307
 -0.00543569
   0.0103407
   0.0175919
   0.0103407
 -0.00543569
  -0.0167307
  -0.0142323
 9.34563e-12
   0.0142323
   0.0167307
  0.00543569
  -0.0103407
  -0.0175919
  -0.0103407
  0.00543569
   0.0167307
   0.0142323
 -9.3702e-12
  -0.0142323
  -0.0167307
 -0.00543569
   0.0103407
   0.0175919
   0.0103407
 -0.00543569
  -0.0167307
  -0.0142323
 9.36595e-12
   0.0142323
   0.0167307
  0.00543569
  -0.0103407
   0.0457125
   0.0268691
  -0.0141263
  -0.0434755
  -0.0369823
 2.44083e-11
   0.0369823
   0.0434755
   0.0141263
  -0.0268691
  -0.0457125
  -0.0268691
   0.0141263
   0.0434755
   0.0369823
  -2.433e-11
  -0.0369823
  -0.0434755
  -0.0141263
   0.0268691
   0.0457125
   0.0268691
  -0.0141263
  -0.0434755
  -0.0369823
 2.42643e-11
   0.0369823
   0.0434755
   0.0141263
  -0.0268691
  -0.0457125
  -0.0268691
   0.0141263
   0.0434755
   0.0369823
-2.44052e-11
  -0.0369823
  -0.0434755
  -0.0141263
   0.0268691
     0.10554
   0.0620358
  -0.0326138
   -0.100375
  -0.0853845
 5.62153e-11
   0.0853845
    0.100375
   0.0326138
  -0.0620358
    -0.10554
  -0.0620358
   0.0326138
    0.100375
   0.0853845
-5.62337e-11
  -0.0853845
   -0.100375
  -0.0326138
   0.0620358
     0.10554
   0.0620358
  -0.0326138
   -0.100375
  -0.0853845
 5.62166e-11
   0.0853845
    0.100375
   0.0326138
  -0.0620358
    -0.10554
  -0.0620358
   0.0326138
    0.100375
   0.0853845
-5.62332e-11
  -0.0853845
   -0.100375
  -0.0326138
   0.0620358
   0.0666543
   0.0391791
   -0.020597
  -0.0633924
  -0.0539252
 3.54782e-11
   0.0539252
   0.0633924
    0.020597
  -0.0391791
  -0.0666543
  -0.0391791
    0.020597
   0.0633924
   0.0539252
-3.55304e-11
  -0.0539252
  -0.0633924
   -0.020597
   0.0391791
   0.0666543
   0.0391791
   -0.020597
  -0.0633924
  -0.0539252
 3.55742e-11
   0.0539252
   0.0633924
    0.020597
  -0.0391791
  -0.0666543
  -0.0391791
    0.020597
   0.0633924
   0.0539252
-3.54759e-11
  -0.0539252
  -0.0633924
   -0.020597
   0.0391791
  -0.0481867
  -0.0283237
   0.0148906
   0.0458278
   0.0389832
-2.57397e-11
  -0.0389832
  -0.0458278
  -0.0148906
   0.0283237
   0.0481867
   0.0283237
  -0.0148906
  -0.0458278
  -0.0389832
 2.56824e-11
   0.0389832
   0.0458278
   0.0148906
  -0.0283237
  -0.0481867
  -0.0283237
   0.0148906
   0.0458278
   0.0389832
 -2.5733e-11
  -0.0389832
  -0.0458278
  -0.0148906
   0.0283237
   0.0481867
   0.0283237
  -0.0148906
  -0.0458278
  -0.0389832
 2.56954e-11
   0.0389832
   0.0458278
   0.0148906
  -0.0283237
  -0.0481867
  -0.0283237
   0.0148906
   0.0458278
   0.0389832
-2.56508e-11
  -0.0389832
  -0.0458278
  -0.0148906
   0.0283237
   0.0481867
   0.0283237
  -0.0148906
  -0.0458278
  -0.0389832
 2.56433e-11
   0.0389832
   0.0458278
   0.0148906
  -0.0283237
  -0.0481867
  -0.0283237
   0.0148906
   0.0458278
   0.0389832
-2.56199e-11
  -0.0389832
  -0.0458278
  -0.0148906
   0.0283237
   0.0481867
   0.0283237
  -0.0148906
  -0.0458278
  -0.0389832
 2.56746e-11
   0.0389832
   0.0458278
   0.0148906
  -0.0283237
   0.0666543
   0.0391791
   -0.020597
  -0.0633924
  -0.0539252
 3.55228e-11
   0.0539252
   0.0633924
    0.020597
  -0.0391791
  -0.0666543
  -0.0391791
    0.020597
   0.0633924
   0.0539252
 -3.5552e-11
  -0.0539252
  -0.0633924
   -0.020597
   0.0391791
   0.0666543
   0.0391791
   -0.020597
  -0.0633924
  -0.0539252
 3.55056e-11
   0.0539252
   0.0633924
    0.020597
  -0.0391791
  -0.0666543
  -0.0391791
    0.020597
   0.0633924
   0.0539252
 -3.5513e-11
  -0.0539252
  -0.0633924
   -0.020597
   0.0391791
     0.10554
   0.0620358
  -0.0326138
   -0.100375
  -0.0853845
 5.62201e-11
   0.0853845
    0.100375
   0.0326138
  -0.0620358
    -0.10554
  -0.0620358
   0.0326138
    0.100375
   0.0853845
-5.62331e-11
  -0.0853845
   -0.100375
  -0.0326138
   0.0620358
     0.10554
   0.0620358
  -0.0326138
   -0.100375
  -0.0853845
 5.63007e-11
   0.0853845
    0.100375
   0.0326138
  -0.0620358
    -0.10554
  -0.0620358
   0.0326138
    0.100375
   0.0853845
-5.63089e-11
  -0.0853845
   -0.100375
  -0.0326138
   0.0620358
   0.0457125
   0.0268691
  -0.0141263
  -0.0434755
  -0.0369823
 2.43432e-11
   0.0369823
   0.0434755
   0.0141263
  -0.0268691
  -0.0457125
  -0.0268691
   0.0141263
   0.0434755
   0.0369823
-2.43041e-11
  -0.0369823
  -0.0434755
  -0.0141263
   0.0268691
   0.0457125
   0.0268691
  -0.0141263
  -0.0434755
  -0.0369823
 2.44192e-11
   0.0369823
   0.0434755
   0.0141263
  -0.0268691
  -0.0457125
  -0.0268691
   0.0141263
   0.0434755
   0.0369823
-2.42904e-11
  -0.0369823
  -0.0434755
  -0.0141263
   0.0268691
  -0.0175919
  -0.0103407
  0.00543569
   0.0167307
   0.0142323
-9.41459e-12
  -0.0142323
  -0.0167307
 -0.00543569
   0.0103407
   0.0175919
   0.0103407
 -0.00543569
  -0.0167307
  -0.0142323
 9.38974e-12
   0.0142323
   0.0167307
  0.00543569
  -0.0103407
  -0.0175919
  -0.0103407
  0.00543569
   0.0167307
   0.0142323
-9.39376e-12
  -0.0142323
  -0.0167307
 -0.00543569
   0.0103407
   0.0175919
   0.0103407
 -0.00543569
  -0.0167307
  -0.0142323
 9.39253e-12
   0.0142323
   0.0167307
  0.00543569
  -0.0103407
  -0.0424221
  -0.0249355
   0.0131088
   0.0403458
   0.0343204
 -2.2551e-11
  -0.0343204
  -0.0403458
  -0.0131088
   0.0249355
   0.0424221
   0.0249355
  -0.0131088
  -0.0403458
  -0.0343204
  2.2688e-11
   0.0343204
   0.0403458
   0.0131088
  -0.0249355
  -0.0424221
  -0.0249355
   0.0131088
   0.0403458
   0.0343204
-2.26892e-11
  -0.0343204
  -0.0403458
  -0.0131088
   0.0249355
   0.0424221
   0.0249355
  -0.0131088
  -0.0403458
  -0.0343204
 2.26777e-11
   0.0343204
   0.0403458
   0.0131088
  -0.0249355
  -0.0399967
  -0.0235097
   0.0123595
   0.0380392
   0.0323582
-2.12962e-11
  -0.0323582
  -0.0380392
  -0.0123595
   0.0235097
   0.0399967
   0.0235097
  -0.0123595
  -0.0380392
  -0.0323582
 2.12014e-11
   0.0323582
   0.0380392
   0.0123595
  -0.0235097
  -0.0399967
  -0.0235097
   0.0123595
   0.0380392
   0.0323582
-2.12591e-11
  -0.0323582
  -0.0380392
  -0.0123595
   0.0235097
   0.0399967
   0.0235097
  -0.0123595
  -0.0380392
  -0.0323582
 2.13104e-11
   0.0323582
   0.0380392
   0.0123595
  -0.0235097
  -0.0286746
  -0.0168547
  0.00886096
   0.0272714
   0.0231985
-1.52574e-11
  -0.0231985
  -0.0272714
 -0.00886096
   0.0168547
   0.0286746
   0.0168547
 -0.00886096
  -0.0272714
  -0.0231985
 1.52219e-11
   0.0231985
   0.0272714
  0.00886096
  -0.0168547
  -0.0286746
  -0.0168547
  0.00886096
   0.0272714
   0.0231985
-1.52351e-11
  -0.0231985
  -0.0272714
 -0.00886096
   0.0168547
   0.0286746
   0.0168547
 -0.00886096
  -0.0272714
  -0.0231985
 1.52488e-11
   0.0231985
   0.0272714
  0.00886096
  -0.0168547
  -0.0179674
   -0.010561
  0.00555233
   0.0170882
   0.0145361
-9.54204e-12
  -0.0145361
  -0.0170882
 -0.00555233
    0.010561
   0.0179674
    0.010561
 -0.00555233
  -0.0170882
  -0.0145361
 9.58659e-12
   0.0145361
   0.0170882
  0.00555233
   -0.010561
  -0.0179674
   -0.010561
  0.00555233
   0.0170882
   0.0145361
 -9.5577e-12
  -0.0145361
  -0.0170882
 -0.00555233
    0.010561
   0.0179674
    0.010561
 -0.00555233
  -0.0170882
  -0.0145361
  9.5915e-12
   0.0145361
   0.0170882
  0.00555233
   -0.010561
  -0.0104412
 -0.00613716
  0.00322663
  0.00993037
  0.00844728
-5.57357e-12
 -0.00844728
 -0.00993037
 -0.00322663
  0.00613716
   0.0104412
  0.00613716
 -0.00322663
 -0.00993037
 -0.00844728
 5.57818e-12
  0.00844728
  0.00993037
  0.00322663
 -0.00613716
  -0.0104412
 -0.00613716
  0.00322663
  0.00993037
  0.00844728
-5.54652e-12
 -0.00844728
 -0.00993037
 -0.00322663
  0.00613716
   0.0104412
  0.00613716
 -0.00322663
 -0.00993037
 -0.00844728
 5.58663e-12
  0.00844728
  0.00993037
  0.00322663
 -0.00613716
 -0.00580945
 -0.00341468
  0.00179535
  0.00552532
   0.0047001
-3.13077e-12
  -0.0047001
 -0.00552532
 -0.00179535
  0.00341468
  0.00580945
  0.00341468
 -0.00179535
 -0.00552532
  -0.0047001
 3.09006e-12
   0.0047001
  0.00552532
  0.00179535
 -0.00341468
 -0.00580945
 -0.00341468
  0.00179535
  0.00552532
   0.0047001
-3.07971e-12
  -0.0047001
 -0.00552532
 -0.00179535
  0.00341468
  0.00580945
  0.00341468
 -0.00179535
 -0.00552532
  -0.0047001
 3.10304e-12
   0.0047001
  0.00552532
  0.00179535
 -0.00341468
 -0.00315464
 -0.00185422
 0.000974958
  0.00300042
  0.00255229
 -1.7239e-12
 -0.00255229
 -0.00300042
-0.000974958
  0.00185422
  0.00315464
  0.00185422
-0.000974958
 -0.00300042
 -0.00255229
 1.66517e-12
  0.00255229
  0.00300042
 0.000974958
 -0.00185422
 -0.00315464
 -0.00185422
 0.000974958
  0.00300042
  0.00255229
  -1.677e-12
 -0.00255229
 -0.00300042
-0.000974958
  0.00185422
  0.00315464
  0.00185422
-0.000974958
 -0.00300042
 -0.00255229
 1.68173e-12
  0.00255229
  0.00300042
 0.000974958
 -0.00185422
