 1.67933e-12
  0.00255231
  0.00300047
 0.000975033
 -0.00185412
 -0.00315456
 -0.00185412
 0.000975033
  0.00300047
  0.00255231
-1.67823e-12
 -0.00255231
 -0.00300047
-0.000975033
  0.00185412
  0.00315456
  0.00185412
-0.000975033
 -0.00300047
 -0.00255231
 1.67592e-12
  0.00255231
  0.00300047
 0.000975033
 -0.00185412
 -0.00315456
 -0.00185412
 0.000975033
  0.00300047
  0.00255231
-1.70068e-12
 -0.00255231
 -0.00300047
-0.000975033
  0.00185412
  0.00315456
  0.00185412
-0.000975033
 -0.00300047
 -0.00255231
 3.08492e-12
  0.00470013
  0.00552538
  0.00179544
 -0.00341456
 -0.00580937
 -0.00341456
  0.00179544
  0.00552538
  0.00470013
-3.10789e-12
 -0.00470013
 -0.00552538
 -0.00179544
  0.00341456
  0.00580937
  0.00341456
 -0.00179544
 -0.00552538
 -0.00470013
 3.09406e-12
  0.00470013
  0.00552538
  0.00179544
 -0.00341456
 -0.00580937
 -0.00341456
  0.00179544
  0.00552538
  0.00470013
-3.12067e-12
 -0.00470013
 -0.00552538
 -0.00179544
  0.00341456
  0.00580937
  0.00341456
 -0.00179544
 -0.00552538
 -0.00470013
 5.54364e-12
   0.0084473
  0.00993043
  0.00322673
 -0.00613701
  -0.0104411
 -0.00613701
  0.00322673
  0.00993043
   0.0084473
-5.60136e-12
  -0.0084473
 -0.00993043
 -0.00322673
  0.00613701
   0.0104411
  0.00613701
 -0.00322673
 -0.00993043
  -0.0084473
 5.57694e-12
   0.0084473
  0.00993043
  0.00322673
 -0.00613701
  -0.0104411
 -0.00613701
  0.00322673
  0.00993043
   0.0084473
-5.57887e-12
  -0.0084473
 -0.00993043
 -0.00322673
  0.00613701
   0.0104411
  0.00613701
 -0.00322673
 -0.00993043
  -0.0084473
 9.55726e-12
   0.0145362
   0.0170883
  0.00555242
  -0.0105608
  -0.0179674
  -0.0105608
  0.00555242
   0.0170883
   0.0145362
-9.61318e-12
  -0.0145362
  -0.0170883
 -0.00555242
   0.0105608
   0.0179674
   0.0105608
 -0.00555242
  -0.0170883
  -0.0145362
 9.61575e-12
   0.0145362
   0.0170883
  0.00555242
  -0.0105608
  -0.0179674
  -0.0105608
  0.00555242
   0.0170883
   0.0145362
-9.56557e-12
  -0.0145362
  -0.0170883
 -0.00555242
   0.0105608
   0.0179674
   0.0105608
 -0.00555242
  -0.0170883
  -0.0145362
 1.52975e-11
   0.0231985
   0.0272713
  0.00886103
  -0.0168545
  -0.0286748
  -0.0168545
  0.00886103
   0.0272713
   0.0231985
-1.52612e-11
  -0.0231985
  -0.0272713
 -0.00886103
   0.0168545
   0.0286748
   0.0168545
 -0.00886103
  -0.0272713
  -0.0231985
 1.53116e-11
   0.0231985
   0.0272713
  0.00886103
  -0.0168545
  -0.0286748
  -0.0168545
  0.00886103
   0.0272713
   0.0231985
-1.52692e-11
  -0.0231985
  -0.0272713
 -0.00886103
   0.0168545
   0.0286748
   0.0168545
 -0.00886103
  -0.0272713
  -0.0231985
 2.13608e-11
   0.0323582
   0.0380391
   0.0123595
  -0.0235096
  -0.0399971
  -0.0235096
   0.0123595
   0.0380391
   0.0323582
-2.12215e-11
  -0.0323582
  -0.0380391
  -0.0123595
   0.0235096
   0.0399971
   0.0235096
  -0.0123595
  -0.0380391
  -0.0323582
 2.12392e-11
   0.0323582
   0.0380391
   0.0123595
  -0.0235096
  -0.0399971
  -0.0235096
   0.0123595
   0.0380391
   0.0323582
-2.13304e-11
  -0.0323582
  -0.0380391
  -0.0123595
   0.0235096
   0.0399971
   0.0235096
  -0.0123595
  -0.0380391
  -0.0323582
 2.25784e-11
   0.0343204
   0.0403455
   0.0131088
  -0.0249354
  -0.0424229
  -0.0249354
   0.0131088
   0.0403455
   0.0343204
-2.26197e-11
  -0.0343204
  -0.0403455
  -0.0131088
   0.0249354
   0.0424229
   0.0249354
  -0.0131088
  -0.0403455
  -0.0343204
 2.25462e-11
   0.0343204
   0.0403455
   0.0131088
  -0.0249354
  -0.0424229
  -0.0249354
   0.0131088
   0.0403455
   0.0343204
-2.25726e-11
  -0.0343204
  -0.0403455
  -0.0131088
   0.0249354
   0.0424229
   0.0249354
  -0.0131088
  -0.0403455
  -0.0343204
 9.37382e-12
   0.0142322
   0.0167304
  0.00543564
  -0.0103408
  -0.0175926
  -0.0103408
  0.00543564
   0.0167304
   0.0142322
-9.37655e-12
  -0.0142322
  -0.0167304
 -0.00543564
   0.0103408
   0.0175926
   0.0103408
 -0.00543564
  -0.0167304
  -0.0142322
 9.36634e-12
   0.0142322
   0.0167304
  0.00543564
  -0.0103408
  -0.0175926
  -0.0103408
  0.00543564
   0.0167304
   0.0142322
 -9.4139e-12
  -0.0142322
  -0.0167304
 -0.00543564
   0.0103408
   0.0175926
   0.0103408
 -0.00543564
  -0.0167304
  -0.0142322
-2.42959e-11
  -0.0369825
  -0.0434755
  -0.0141264
   0.0268687
   0.0457125
   0.0268687
  -0.0141264
  -0.0434755
  -0.0369825
 2.43429e-11
   0.0369825
   0.0434755
   0.0141264
  -0.0268687
  -0.0457125
  -0.0268687
   0.0141264
   0.0434755
   0.0369825
-2.43428e-11
  -0.0369825
  -0.0434755
  -0.0141264
   0.0268687
   0.0457125
   0.0268687
  -0.0141264
  -0.0434755
  -0.0369825
  2.4393e-11
   0.0369825
   0.0434755
   0.0141264
  -0.0268687
  -0.0457125
  -0.0268687
   0.0141264
   0.0434755
   0.0369825
-5.62662e-11
  -0.0853848
   -0.100375
  -0.0326139
   0.0620351
    0.105542
   0.0620351
  -0.0326139
   -0.100375
  -0.0853848
 5.62403e-11
   0.0853848
    0.100375
   0.0326139
  -0.0620351
   -0.105542
  -0.0620351
   0.0326139
    0.100375
   0.0853848
-5.62394e-11
  -0.0853848
   -0.100375
  -0.0326139
   0.0620351
    0.105542
   0.0620351
  -0.0326139
   -0.100375
  -0.0853848
 5.62214e-11
   0.0853848
    0.100375
   0.0326139
  -0.0620351
   -0.105542
  -0.0620351
   0.0326139
    0.100375
   0.0853848
-3.55417e-11
  -0.0539252
  -0.0633921
  -0.0205972
   0.0391787
   0.0666553
   0.0391787
  -0.0205972
  -0.0633921
  -0.0539252
 3.55323e-11
   0.0539252
   0.0633921
   0.0205972
  -0.0391787
  -0.0666553
  -0.0391787
   0.0205972
   0.0633921
   0.0539252
 -3.5468e-11
  -0.0539252
  -0.0633921
  -0.0205972
   0.0391787
   0.0666553
   0.0391787
  -0.0205972
  -0.0633921
  -0.0539252
 3.55264e-11
   0.0539252
   0.0633921
   0.0205972
  -0.0391787
  -0.0666553
  -0.0391787
   0.0205972
   0.0633921
   0.0539252
 2.57247e-11
   0.0389837
   0.0458273
   0.0148904
  -0.0283234
  -0.0481874
  -0.0283234
   0.0148904
   0.0458273
   0.0389837
-2.56467e-11
  -0.0389837
  -0.0458273
  -0.0148904
   0.0283234
   0.0481874
   0.0283234
  -0.0148904
  -0.0458273
  -0.0389837
 2.56328e-11
   0.0389837
   0.0458273
   0.0148904
  -0.0283234
  -0.0481874
  -0.0283234
   0.0148904
   0.0458273
   0.0389837
-2.57021e-11
  -0.0389837
  -0.0458273
  -0.0148904
   0.0283234
   0.0481874
   0.0283234
  -0.0148904
  -0.0458273
  -0.0389837
  2.5708e-11
   0.0389837
   0.0458273
   0.0148904
  -0.0283234
  -0.0481874
  -0.0283234
   0.0148904
   0.0458273
   0.0389837
 -2.5664e-11
  -0.0389837
  -0.0458273
  -0.0148904
   0.0283234
   0.0481874
   0.0283234
  -0.0148904
  -0.0458273
  -0.0389837
 2.56472e-11
   0.0389837
   0.0458273
   0.0148904
  -0.0283234
  -0.0481874
  -0.0283234
   0.0148904
   0.0458273
   0.0389837
-2.56892e-11
  -0.0389837
  -0.0458273
  -0.0148904
   0.0283234
   0.0481874
   0.0283234
  -0.0148904
  -0.0458273
  -0.0389837
 -3.5491e-11
  -0.0539252
  -0.0633921
  -0.0205972
   0.0391787
   0.0666553
   0.0391787
  -0.0205972
  -0.0633921
  -0.0539252
 3.54842e-11
   0.0539252
   0.0633921
   0.0205972
  -0.0391787
  -0.0666553
  -0.0391787
   0.0205972
   0.0633921
   0.0539252
-3.55368e-11
  -0.0539252
  -0.0633921
  -0.0205972
   0.0391787
   0.0666553
   0.0391787
  -0.0205972
  -0.0633921
  -0.0539252
 3.55785e-11
   0.0539252
   0.0633921
   0.0205972
  -0.0391787
  -0.0666553
  -0.0391787
   0.0205972
   0.0633921
   0.0539252
-5.62589e-11
  -0.0853848
   -0.100375
  -0.0326139
   0.0620351
    0.105542
   0.0620351
  -0.0326139
   -0.100375
  -0.0853848
 5.61816e-11
   0.0853848
    0.100375
   0.0326139
  -0.0620351
   -0.105542
  -0.0620351
   0.0326139
    0.100375
   0.0853848
 -5.6231e-11
  -0.0853848
   -0.100375
  -0.0326139
   0.0620351
    0.105542
   0.0620351
  -0.0326139
   -0.100375
  -0.0853848
 5.62438e-11
   0.0853848
    0.100375
   0.0326139
  -0.0620351
   -0.105542
  -0.0620351
   0.0326139
    0.100375
   0.0853848
-2.43857e-11
  -0.0369825
  -0.0434755
  -0.0141264
   0.0268687
   0.0457125
   0.0268687
  -0.0141264
  -0.0434755
  -0.0369825
 2.43389e-11
   0.0369825
   0.0434755
   0.0141264
  -0.0268687
  -0.0457125
  -0.0268687
   0.0141264
   0.0434755
   0.0369825
-2.43079e-11
  -0.0369825
  -0.0434755
  -0.0141264
   0.0268687
   0.0457125
   0.0268687
  -0.0141264
  -0.0434755
  -0.0369825
 2.44273e-11
   0.0369825
   0.0434755
   0.0141264
  -0.0268687
  -0.0457125
  -0.0268687
   0.0141264
   0.0434755
   0.0369825
 9.33355e-12
   0.0142322
   0.0167304
  0.00543564
  -0.0103408
  -0.0175926
  -0.0103408
  0.00543564
   0.0167304
   0.0142322
-9.38864e-12
  -0.0142322
  -0.0167304
 -0.00543564
   0.0103408
   0.0175926
   0.0103408
 -0.00543564
  -0.0167304
  -0.0142322
 9.35464e-12
   0.0142322
   0.0167304
  0.00543564
  -0.0103408
  -0.0175926
  -0.0103408
  0.00543564
   0.0167304
   0.0142322
 -9.3791e-12
  -0.0142322
  -0.0167304
 -0.00543564
   0.0103408
   0.0175926
   0.0103408
 -0.00543564
  -0.0167304
  -0.0142322
 2.26521e-11
   0.0343204
   0.0403455
   0.0131088
  -0.0249354
  -0.0424229
  -0.0249354
   0.0131088
   0.0403455
   0.0343204
-2.26335e-11
  -0.0343204
  -0.0403455
  -0.0131088
   0.0249354
   0.0424229
   0.0249354
  -0.0131088
  -0.0403455
  -0.0343204
  2.2631e-11
   0.0343204
   0.0403455
   0.0131088
  -0.0249354
  -0.0424229
  -0.0249354
   0.0131088
   0.0403455
   0.0343204
-2.26287e-11
  -0.0343204
  -0.0403455
  -0.0131088
   0.0249354
   0.0424229
   0.0249354
  -0.0131088
  -0.0403455
  -0.0343204
  2.1311e-11
   0.0323582
   0.0380391
   0.0123595
  -0.0235096
  -0.0399971
  -0.0235096
   0.0123595
   0.0380391
   0.0323582
-2.13121e-11
  -0.0323582
  -0.0380391
  -0.0123595
   0.0235096
   0.0399971
   0.0235096
  -0.0123595
  -0.0380391
  -0.0323582
 2.13079e-11
   0.0323582
   0.0380391
   0.0123595
  -0.0235096
  -0.0399971
  -0.0235096
   0.0123595
   0.0380391
   0.0323582
-2.12855e-11
  -0.0323582
  -0.0380391
  -0.0123595
   0.0235096
   0.0399971
   0.0235096
  -0.0123595
  -0.0380391
  -0.0323582
 1.52876e-11
   0.0231985
   0.0272713
  0.00886103
  -0.0168545
  -0.0286748
  -0.0168545
  0.00886103
   0.0272713
   0.0231985
-1.52454e-11
  -0.0231985
  -0.0272713
 -0.00886103
   0.0168545
   0.0286748
   0.0168545
 -0.00886103
  -0.0272713
  -0.0231985
 1.52712e-11
   0.0231985
   0.0272713
  0.00886103
  -0.0168545
  -0.0286748
  -0.0168545
  0.00886103
   0.0272713
   0.0231985
-1.52682e-11
  -0.0231985
  -0.0272713
 -0.00886103
   0.0168545
   0.0286748
   0.0168545
 -0.00886103
  -0.0272713
  -0.0231985
 9.57487e-12
   0.0145362
   0.0170883
  0.00555242
  -0.0105608
  -0.0179674
  -0.0105608
  0.00555242
   0.0170883
   0.0145362
-9.55027e-12
  -0.0145362
  -0.0170883
 -0.00555242
   0.0105608
   0.0179674
   0.0105608
 -0.00555242
  -0.0170883
  -0.0145362
 9.56694e-12
   0.0145362
   0.0170883
  0.00555242
  -0.0105608
  -0.0179674
  -0.0105608
  0.00555242
   0.0170883
   0.0145362
-9.57217e-12
  -0.0145362
  -0.0170883
 -0.00555242
   0.0105608
   0.0179674
   0.0105608
 -0.00555242
  -0.0170883
  -0.0145362
 5.55085e-12
   0.0084473
  0.00993043
  0.00322673
 -0.00613701
  -0.0104411
 -0.00613701
  0.00322673
  0.00993043
   0.0084473
-5.56285e-12
  -0.0084473
 -0.00993043
 -0.00322673
  0.00613701
   0.0104411
  0.00613701
 -0.00322673
 -0.00993043
  -0.0084473
  5.5569e-12
   0.0084473
  0.00993043
  0.00322673
 -0.00613701
  -0.0104411
 -0.00613701
  0.00322673
  0.00993043
   0.0084473
-5.56401e-12
  -0.0084473
 -0.00993043
 -0.00322673
  0.00613701
   0.0104411
  0.00613701
 -0.00322673
 -0.00993043
  -0.0084473
 3.07605e-12
  0.00470013
  0.00552538
  0.00179544
 -0.00341456
 -0.00580937
 -0.00341456
  0.00179544
  0.00552538
  0.00470013
-3.10404e-12
 -0.00470013
 -0.00552538
 -0.00179544
  0.00341456
  0.00580937
  0.00341456
 -0.00179544
 -0.00552538
 -0.00470013
 3.08931e-12
  0.00470013
  0.00552538
  0.00179544
 -0.00341456
 -0.00580937
 -0.00341456
  0.00179544
  0.00552538
  0.00470013
-3.10147e-12
 -0.00470013
 -0.00552538
 -0.00179544
  0.00341456
  0.00580937
  0.00341456
 -0.00179544
 -0.00552538
 -0.00470013
 1.66798e-12
  0.00255231
  0.00300047
 0.000975033
 -0.00185412
 -0.00315456
 -0.00185412
 0.000975033
  0.00300047
  0.00255231
-1.68373e-12
 -0.00255231
 -0.00300047
-0.000975033
  0.00185412
  0.00315456
  0.00185412
-0.000975033
 -0.00300047
 -0.00255231
 1.67503e-12
  0.00255231
  0.00300047
 0.000975033
 -0.00185412
 -0.00315456
 -0.00185412
 0.000975033
  0.00300047
  0.00255231
-1.69242e-12
 -0.00255231
 -0.00300047
-0.000975033
  0.00185412
  0.00315456
  0.00185412
-0.000975033
 -0.00300047
 -0.00255231
