-1.87672e-05
-3.68717e-05
 3.02567e-05
 2.73409e-05
-3.88742e-05
-1.52243e-05
 4.36191e-05
 1.58663e-06
-4.40849e-05
 1.22489e-05
 4.02958e-05
-2.48237e-05
-3.25174e-05
 3.49873e-05
 2.15432e-05
-4.17674e-05
-8.52572e-06
 4.43747e-05
-5.41981e-06
-4.27282e-05
 1.87672e-05
 3.68717e-05
-3.02567e-05
-2.73409e-05
 3.88742e-05
 1.52243e-05
-4.36191e-05
-1.58663e-06
 4.40849e-05
-1.22489e-05
-4.02958e-05
 2.48237e-05
 3.25174e-05
-3.49873e-05
-2.15432e-05
 4.17674e-05
 8.52572e-06
-4.43747e-05
 5.41981e-06
 4.27282e-05
-5.58125e-05
-0.000109639
 9.00505e-05
 8.13772e-05
-0.000115595
-4.52694e-05
  0.00012974
 4.69622e-06
-0.000131164
 3.64017e-05
 0.000119837
-7.38468e-05
-9.67138e-05
 0.000104095
 6.41152e-05
-0.000124195
-2.53097e-05
 0.000132045
-1.60808e-05
-0.000127079
 5.58125e-05
 0.000109639
-9.00505e-05
-8.13772e-05
 0.000115595
 4.52694e-05
 -0.00012974
-4.69622e-06
 0.000131164
-3.64017e-05
-0.000119837
 7.38468e-05
 9.67138e-05
-0.000104095
-6.41152e-05
 0.000124195
 2.53097e-05
-0.000132045
 1.60808e-05
 0.000127079
-0.000165298
-0.000324697
 0.000266801
 0.000241109
-0.000342342
 -0.00013407
 0.000384274
 1.38736e-05
-0.000388555
 0.000107771
 0.000354917
-0.000218747
-0.000286453
 0.000308356
 0.000189946
-0.000367818
-7.49064e-05
 0.000391183
-4.75753e-05
-0.000376382
 0.000165298
 0.000324697
-0.000266801
-0.000241109
 0.000342342
  0.00013407
-0.000384274
-1.38736e-05
 0.000388555
-0.000107771
-0.000354917
 0.000218747
 0.000286453
-0.000308356
-0.000189946
 0.000367818
 7.49064e-05
-0.000391183
 4.75753e-05
 0.000376382
-0.000481129
-0.000945063
 0.000776711
 0.000701923
-0.000996436
-0.000390239
  0.00111853
 4.03314e-05
 -0.00113108
 0.000313635
  0.00103305
-0.000636756
-0.000833801
 0.000897603
 0.000552934
 -0.00107061
-0.000217973
  0.00113875
-0.000138408
 -0.00109555
 0.000481129
 0.000945063
-0.000776711
-0.000701923
 0.000996436
 0.000390239
 -0.00111853
-4.03314e-05
  0.00113108
-0.000313635
 -0.00103305
 0.000636756
 0.000833801
-0.000897603
-0.000552934
  0.00107061
 0.000217973
 -0.00113875
 0.000138408
  0.00109555
 -0.00135005
 -0.00265184
  0.00217964
  0.00196977
 -0.00279601
 -0.00109504
  0.00313865
 0.000113107
 -0.00317399
 0.000879999
  0.00289875
 -0.00178682
 -0.00233969
  0.00251879
   0.0015516
 -0.00300421
 -0.00061159
  0.00319554
-0.000388287
 -0.00307418
  0.00135005
  0.00265184
 -0.00217964
 -0.00196977
  0.00279601
  0.00109504
 -0.00313865
-0.000113107
  0.00317399
-0.000879999
 -0.00289875
  0.00178682
  0.00233969
 -0.00251879
  -0.0015516
  0.00300421
  0.00061159
 -0.00319554
 0.000388287
  0.00307418
 -0.00354984
 -0.00697274
  0.00573136
  0.00517952
 -0.00735188
 -0.00287935
  0.00825283
 0.000297338
 -0.00834588
  0.00231381
  0.00762198
 -0.00469836
 -0.00615202
  0.00662304
  0.00407983
 -0.00789942
  -0.0016081
   0.0084026
 -0.00102085
 -0.00808331
  0.00354984
  0.00697274
 -0.00573136
 -0.00517952
  0.00735188
  0.00287935
 -0.00825283
-0.000297338
  0.00834588
 -0.00231381
 -0.00762198
  0.00469836
  0.00615202
 -0.00662304
 -0.00407983
  0.00789942
   0.0016081
  -0.0084026
  0.00102085
  0.00808331
 -0.00837427
  -0.0164491
   0.0135208
    0.012219
  -0.0173435
 -0.00679262
   0.0194689
  0.00070139
  -0.0196885
  0.00545835
   0.0179807
  -0.0110838
  -0.0145129
   0.0156243
  0.00962455
  -0.0186354
 -0.00379363
   0.0198224
 -0.00240811
  -0.0190691
  0.00837427
   0.0164491
  -0.0135208
   -0.012219
   0.0173435
  0.00679262
  -0.0194689
 -0.00070139
   0.0196885
 -0.00545835
  -0.0179807
   0.0110838
   0.0145129
  -0.0156243
 -0.00962455
   0.0186354
  0.00379363
  -0.0198224
  0.00240811
   0.0190691
  -0.0165155
  -0.0324405
   0.0266654
    0.024098
  -0.0342045
  -0.0133963
   0.0383961
  0.00138326
  -0.0388292
   0.0107648
   0.0354609
  -0.0218592
  -0.0286219
   0.0308139
   0.0189812
  -0.0367526
 -0.00748177
   0.0390935
 -0.00474906
  -0.0376076
   0.0165155
   0.0324405
  -0.0266654
   -0.024098
   0.0342045
   0.0133963
  -0.0383961
 -0.00138326
   0.0388292
  -0.0107648
  -0.0354609
   0.0218592
   0.0286219
  -0.0308139
  -0.0189812
   0.0367526
  0.00748177
  -0.0390935
  0.00474906
   0.0376076
  -0.0238341
  -0.0468163
    0.038482
    0.034777
  -0.0493621
   -0.019333
    0.055411
  0.00199626
  -0.0560359
   0.0155351
   0.0511751
   -0.031546
  -0.0413053
    0.044469
   0.0273925
  -0.0530396
  -0.0107974
   0.0564176
 -0.00685342
  -0.0542731
   0.0238341
   0.0468163
   -0.038482
   -0.034777
   0.0493621
    0.019333
   -0.055411
 -0.00199626
   0.0560359
  -0.0155351
  -0.0511751
    0.031546
   0.0413053
   -0.044469
  -0.0273925
   0.0530396
   0.0107974
  -0.0564176
  0.00685342
   0.0542731
  -0.0167086
    -0.03282
   0.0269773
     0.02438
  -0.0346047
  -0.0135533
   0.0388451
  0.00139947
  -0.0392831
   0.0108907
   0.0358755
   -0.022115
  -0.0289563
   0.0311745
    0.019203
  -0.0371831
 -0.00756948
    0.039551
 -0.00480433
  -0.0380475
   0.0167086
     0.03282
  -0.0269773
    -0.02438
   0.0346047
   0.0135533
  -0.0388451
 -0.00139947
   0.0392831
  -0.0108907
  -0.0358755
    0.022115
   0.0289563
  -0.0311745
   -0.019203
   0.0371831
  0.00756948
   -0.039551
  0.00480433
   0.0380475
   0.0164736
   0.0323583
  -0.0265976
  -0.0240368
   0.0341178
   0.0133623
  -0.0382987
  -0.0013798
   0.0387306
  -0.0107376
  -0.0353711
   0.0218037
   0.0285494
  -0.0307356
  -0.0189331
   0.0366592
  0.00746283
  -0.0389941
  0.00473719
   0.0375122
  -0.0164736
  -0.0323583
   0.0265976
   0.0240368
  -0.0341178
  -0.0133623
   0.0382987
   0.0013798
  -0.0387306
   0.0107376
   0.0353711
  -0.0218037
  -0.0285494
   0.0307356
   0.0189331
  -0.0366592
 -0.00746283
   0.0389941
 -0.00473719
  -0.0375122
   0.0545894
    0.107227
  -0.0881383
  -0.0796524
    0.113058
     0.04428
   -0.126913
 -0.00457233
    0.128344
  -0.0355816
   -0.117211
   0.0722524
   0.0946051
   -0.101851
  -0.0627392
    0.121481
   0.0247303
   -0.129218
   0.0156972
    0.124306
  -0.0545894
   -0.107227
   0.0881383
   0.0796524
   -0.113058
    -0.04428
    0.126913
  0.00457233
   -0.128344
   0.0355816
    0.117211
  -0.0722524
  -0.0946051
    0.101851
   0.0627392
   -0.121481
  -0.0247303
    0.129218
  -0.0156972
   -0.124306
   0.0545894
    0.107227
  -0.0881383
  -0.0796524
    0.113058
     0.04428
   -0.126913
 -0.00457233
    0.128344
  -0.0355816
   -0.117211
   0.0722524
   0.0946051
   -0.101851
  -0.0627392
    0.121481
   0.0247303
   -0.129218
   0.0156972
    0.124306
  -0.0545894
   -0.107227
   0.0881383
   0.0796524
   -0.113058
    -0.04428
    0.126913
  0.00457233
   -0.128344
   0.0355816
    0.117211
  -0.0722524
  -0.0946051
    0.101851
   0.0627392
   -0.121481
  -0.0247303
    0.129218
  -0.0156972
   -0.124306
   0.0164736
   0.0323583
  -0.0265976
  -0.0240368
   0.0341178
   0.0133623
  -0.0382987
  -0.0013798
   0.0387306
  -0.0107376
  -0.0353711
   0.0218037
   0.0285494
  -0.0307356
  -0.0189331
   0.0366592
  0.00746283
  -0.0389941
  0.00473719
   0.0375122
  -0.0164736
  -0.0323583
   0.0265976
   0.0240368
  -0.0341178
  -0.0133623
   0.0382987
   0.0013798
  -0.0387306
   0.0107376
   0.0353711
  -0.0218037
  -0.0285494
   0.0307356
   0.0189331
  -0.0366592
 -0.00746283
   0.0389941
 -0.00473719
  -0.0375122
  -0.0167086
    -0.03282
   0.0269773
     0.02438
  -0.0346047
  -0.0135533
   0.0388451
  0.00139947
  -0.0392831
   0.0108907
   0.0358755
   -0.022115
  -0.0289563
   0.0311745
    0.019203
  -0.0371831
 -0.00756948
    0.039551
 -0.00480433
  -0.0380475
   0.0167086
     0.03282
  -0.0269773
    -0.02438
   0.0346047
   0.0135533
  -0.0388451
 -0.00139947
   0.0392831
  -0.0108907
  -0.0358755
    0.022115
   0.0289563
  -0.0311745
   -0.019203
   0.0371831
  0.00756948
   -0.039551
  0.00480433
   0.0380475
  -0.0238341
  -0.0468163
    0.038482
    0.034777
  -0.0493621
   -0.019333
    0.055411
  0.00199626
  -0.0560359
   0.0155351
   0.0511751
   -0.031546
  -0.0413053
    0.044469
   0.0273925
  -0.0530396
  -0.0107974
   0.0564176
 -0.00685342
  -0.0542731
   0.0238341
   0.0468163
   -0.038482
   -0.034777
   0.0493621
    0.019333
   -0.055411
 -0.00199626
   0.0560359
  -0.0155351
  -0.0511751
    0.031546
   0.0413053
   -0.044469
  -0.0273925
   0.0530396
   0.0107974
  -0.0564176
  0.00685342
   0.0542731
  -0.0165155
  -0.0324405
   0.0266654
    0.024098
  -0.0342045
  -0.0133963
   0.0383961
  0.00138326
  -0.0388292
   0.0107648
   0.0354609
  -0.0218592
  -0.0286219
   0.0308139
   0.0189812
  -0.0367526
 -0.00748177
   0.0390935
 -0.00474906
  -0.0376076
   0.0165155
   0.0324405
  -0.0266654
   -0.024098
   0.0342045
   0.0133963
  -0.0383961
 -0.00138326
   0.0388292
  -0.0107648
  -0.0354609
   0.0218592
   0.0286219
  -0.0308139
  -0.0189812
   0.0367526
  0.00748177
  -0.0390935
  0.00474906
   0.0376076
 -0.00837427
  -0.0164491
   0.0135208
    0.012219
  -0.0173435
 -0.00679262
   0.0194689
  0.00070139
  -0.0196885
  0.00545835
   0.0179807
  -0.0110838
  -0.0145129
   0.0156243
  0.00962455
  -0.0186354
 -0.00379363
   0.0198224
 -0.00240811
  -0.0190691
  0.00837427
   0.0164491
  -0.0135208
   -0.012219
   0.0173435
  0.00679262
  -0.0194689
 -0.00070139
   0.0196885
 -0.00545835
  -0.0179807
   0.0110838
   0.0145129
  -0.0156243
 -0.00962455
   0.0186354
  0.00379363
  -0.0198224
  0.00240811
   0.0190691
 -0.00354984
 -0.00697274
  0.00573136
  0.00517952
 -0.00735188
 -0.00287935
  0.00825283
 0.000297338
 -0.00834588
  0.00231381
  0.00762198
 -0.00469836
 -0.00615202
  0.00662304
  0.00407983
 -0.00789942
  -0.0016081
   0.0084026
 -0.00102085
 -0.00808331
  0.00354984
  0.00697274
 -0.00573136
 -0.00517952
  0.00735188
  0.00287935
 -0.00825283
-0.000297338
  0.00834588
 -0.00231381
 -0.00762198
  0.00469836
  0.00615202
 -0.00662304
 -0.00407983
  0.00789942
   0.0016081
  -0.0084026
  0.00102085
  0.00808331
 -0.00135005
 -0.00265184
  0.00217964
  0.00196977
 -0.00279601
 -0.00109504
  0.00313865
 0.000113107
 -0.00317399
 0.000879999
  0.00289875
 -0.00178682
 -0.00233969
  0.00251879
   0.0015516
 -0.00300421
 -0.00061159
  0.00319554
-0.000388287
 -0.00307418
  0.00135005
  0.00265184
 -0.00217964
 -0.00196977
  0.00279601
  0.00109504
 -0.00313865
-0.000113107
  0.00317399
-0.000879999
 -0.00289875
  0.00178682
  0.00233969
 -0.00251879
  -0.0015516
  0.00300421
  0.00061159
 -0.00319554
 0.000388287
  0.00307418
-0.000481129
-0.000945063
 0.000776711
 0.000701923
-0.000996436
-0.000390239
  0.00111853
 4.03314e-05
 -0.00113108
 0.000313635
  0.00103305
-0.000636756
-0.000833801
 0.000897603
 0.000552934
 -0.00107061
-0.000217973
  0.00113875
-0.000138408
 -0.00109555
 0.000481129
 0.000945063
-0.000776711
-0.000701923
 0.000996436
 0.000390239
 -0.00111853
-4.03314e-05
  0.00113108
-0.000313635
 -0.00103305
 0.000636756
 0.000833801
-0.000897603
-0.000552934
  0.00107061
 0.000217973
 -0.00113875
 0.000138408
  0.00109555
-0.000165298
-0.000324697
 0.000266801
 0.000241109
-0.000342342
 -0.00013407
 0.000384274
 1.38736e-05
-0.000388555
 0.000107771
 0.000354917
-0.000218747
-0.000286453
 0.000308356
 0.000189946
-0.000367818
-7.49064e-05
 0.000391183
-4.75753e-05
-0.000376382
 0.000165298
 0.000324697
-0.000266801
-0.000241109
 0.000342342
  0.00013407
-0.000384274
-1.38736e-05
 0.000388555
-0.000107771
-0.000354917
 0.000218747
 0.000286453
-0.000308356
-0.000189946
 0.000367818
 7.49064e-05
-0.000391183
 4.75753e-05
 0.000376382
-5.58125e-05
-0.000109639
 9.00505e-05
 8.13772e-05
-0.000115595
-4.52694e-05
  0.00012974
 4.69622e-06
-0.000131164
 3.64017e-05
 0.000119837
-7.38468e-05
-9.67138e-05
 0.000104095
 6.41152e-05
-0.000124195
-2.53097e-05
 0.000132045
-1.60808e-05
-0.000127079
 5.58125e-05
 0.000109639
-9.00505e-05
-8.13772e-05
 0.000115595
 4.52694e-05
 -0.00012974
-4.69622e-06
 0.000131164
-3.64017e-05
-0.000119837
 7.38468e-05
 9.67138e-05
-0.000104095
-6.41152e-05
 0.000124195
 2.53097e-05
-0.000132045
 1.60808e-05
 0.000127079
-1.87672e-05
-3.68717e-05
 3.02567e-05
 2.73409e-05
-3.88742e-05
-1.52243e-05
 4.36191e-05
 1.58663e-06
-4.40849e-05
 1.22489e-05
 4.02958e-05
-2.48237e-05
-3.25174e-05
 3.49873e-05
 2.15432e-05
-4.17674e-05
-8.52572e-06
 4.43747e-05
-5.41981e-06
-4.27282e-05
 1.87672e-05
 3.68717e-05
-3.02567e-05
-2.73409e-05
 3.88742e-05
 1.52243e-05
-4.36191e-05
-1.58663e-06
 4.40849e-05
-1.22489e-05
-4.02958e-05
 2.48237e-05
 3.25174e-05
-3.49873e-05
-2.15432e-05
 4.17674e-05
 8.52572e-06
-4.43747e-05
 5.41981e-06
 4.27282e-05
