 8.44493e-13
 9.99854e-05
 8.28301e-09
-9.99673e-05
 2.05871e-08
 0.000100006
 2.05855e-08
-9.99673e-05
 8.28467e-09
 9.99854e-05
-8.20621e-13
-9.99854e-05
-8.28305e-09
 9.99673e-05
-2.05871e-08
-0.000100006
-2.05855e-08
 9.99673e-05
-8.28469e-09
-9.99854e-05
 8.54209e-13
 9.99854e-05
 8.28299e-09
-9.99673e-05
 2.05871e-08
 0.000100006
 2.05854e-08
-9.99673e-05
 8.28469e-09
 9.99854e-05
-7.85704e-13
-9.99854e-05
-8.28302e-09
 9.99673e-05
 -2.0587e-08
-0.000100006
-2.05854e-08
 9.99673e-05
-8.28467e-09
-9.99854e-05
 2.26828e-12
  0.00027134
 5.19254e-09
-0.000271326
 2.10348e-08
 0.000271366
 2.10303e-08
-0.000271326
 5.19699e-09
  0.00027134
-2.19502e-12
 -0.00027134
-5.19253e-09
 0.000271326
-2.10348e-08
-0.000271366
-2.10303e-08
 0.000271326
-5.19704e-09
 -0.00027134
 2.27111e-12
  0.00027134
 5.19251e-09
-0.000271326
 2.10348e-08
 0.000271366
 2.10303e-08
-0.000271326
 5.19702e-09
  0.00027134
-2.18489e-12
 -0.00027134
 -5.1925e-09
 0.000271326
-2.10347e-08
-0.000271366
-2.10303e-08
 0.000271326
-5.19703e-09
 -0.00027134
  6.0276e-12
 0.000726408
-3.03403e-09
-0.000726406
  1.6129e-08
  0.00072644
  1.6117e-08
-0.000726406
-3.02214e-09
 0.000726408
-5.90605e-12
-0.000726408
  3.0341e-09
 0.000726406
-1.61291e-08
 -0.00072644
 -1.6117e-08
 0.000726406
 3.02203e-09
-0.000726408
 5.98989e-12
 0.000726408
-3.03406e-09
-0.000726406
  1.6129e-08
  0.00072644
  1.6117e-08
-0.000726406
-3.02209e-09
 0.000726408
-5.96035e-12
-0.000726408
 3.03409e-09
 0.000726406
 -1.6129e-08
 -0.00072644
 -1.6117e-08
 0.000726406
 3.02207e-09
-0.000726408
 1.55842e-11
  0.00188638
-1.96787e-08
 -0.00188641
-1.34404e-10
  0.00188642
-1.65489e-10
 -0.00188641
-1.96477e-08
  0.00188638
-1.54921e-11
 -0.00188638
 1.96788e-08
  0.00188641
  1.3428e-10
 -0.00188642
 1.65567e-10
  0.00188641
 1.96475e-08
 -0.00188638
 1.54711e-11
  0.00188638
-1.96787e-08
 -0.00188641
-1.34396e-10
  0.00188642
-1.65468e-10
 -0.00188641
-1.96476e-08
  0.00188638
-1.55794e-11
 -0.00188638
 1.96787e-08
  0.00188641
 1.34344e-10
 -0.00188642
 1.65537e-10
  0.00188641
 1.96476e-08
 -0.00188638
 3.81784e-11
  0.00463018
-4.73704e-08
 -0.00463025
-3.76132e-08
  0.00463023
-3.76895e-08
 -0.00463025
 -4.7294e-08
  0.00463018
-3.82213e-11
 -0.00463018
 4.73704e-08
  0.00463025
 3.76131e-08
 -0.00463023
 3.76896e-08
  0.00463025
  4.7294e-08
 -0.00463018
  3.8102e-11
  0.00463018
-4.73704e-08
 -0.00463025
-3.76131e-08
  0.00463023
-3.76895e-08
 -0.00463025
 -4.7294e-08
  0.00463018
-3.81996e-11
 -0.00463018
 4.73704e-08
  0.00463025
 3.76132e-08
 -0.00463023
 3.76895e-08
  0.00463025
  4.7294e-08
 -0.00463018
 8.48874e-11
   0.0102969
-8.32555e-08
   -0.010297
-1.08092e-07
    0.010297
-1.08262e-07
   -0.010297
-8.30854e-08
   0.0102969
-8.50439e-11
  -0.0102969
 8.32554e-08
    0.010297
 1.08092e-07
   -0.010297
 1.08262e-07
    0.010297
 8.30856e-08
  -0.0102969
 8.50784e-11
   0.0102969
-8.32555e-08
   -0.010297
-1.08092e-07
    0.010297
-1.08262e-07
   -0.010297
-8.30856e-08
   0.0102969
-8.48441e-11
  -0.0102969
 8.32556e-08
    0.010297
 1.08092e-07
   -0.010297
 1.08262e-07
    0.010297
 8.30855e-08
  -0.0102969
  1.5829e-10
   0.0191961
-1.09467e-07
  -0.0191962
-2.10806e-07
   0.0191961
-2.11123e-07
  -0.0191962
 -1.0915e-07
   0.0191961
-1.58385e-10
  -0.0191961
 1.09467e-07
   0.0191962
 2.10806e-07
  -0.0191961
 2.11123e-07
   0.0191962
  1.0915e-07
  -0.0191961
 1.58354e-10
   0.0191961
-1.09467e-07
  -0.0191962
-2.10806e-07
   0.0191961
-2.11123e-07
  -0.0191962
 -1.0915e-07
   0.0191961
-1.58403e-10
  -0.0191961
 1.09467e-07
   0.0191962
 2.10806e-07
  -0.0191961
 2.11123e-07
   0.0191962
  1.0915e-07
  -0.0191961
 2.05456e-10
   0.0249136
 -8.5422e-08
  -0.0249136
 -2.8904e-07
   0.0249136
-2.89451e-07
  -0.0249136
-8.50107e-08
   0.0249136
-2.05521e-10
  -0.0249136
 8.54218e-08
   0.0249136
  2.8904e-07
  -0.0249136
 2.89451e-07
   0.0249136
  8.5011e-08
  -0.0249136
 2.05502e-10
   0.0249136
-8.54219e-08
  -0.0249136
 -2.8904e-07
   0.0249136
-2.89451e-07
  -0.0249136
-8.50108e-08
   0.0249136
 -2.0542e-10
  -0.0249136
  8.5422e-08
   0.0249136
  2.8904e-07
  -0.0249136
 2.89451e-07
   0.0249136
 8.50108e-08
  -0.0249136
 4.99359e-11
  0.00606378
 3.16285e-08
 -0.00606365
-1.77187e-07
   0.0060636
-1.77287e-07
 -0.00606365
 3.17286e-08
  0.00606378
-5.00577e-11
 -0.00606378
-3.16286e-08
  0.00606365
 1.77187e-07
  -0.0060636
 1.77287e-07
  0.00606365
-3.17286e-08
 -0.00606378
 5.00025e-11
  0.00606378
 3.16285e-08
 -0.00606365
-1.77187e-07
   0.0060636
-1.77287e-07
 -0.00606365
 3.17286e-08
  0.00606378
 -5.0016e-11
 -0.00606378
-3.16285e-08
  0.00606365
 1.77187e-07
  -0.0060636
 1.77287e-07
  0.00606365
-3.17286e-08
 -0.00606378
-4.85873e-10
  -0.0589019
 2.11122e-07
    0.058902
 2.82018e-07
  -0.0589023
  2.8299e-07
    0.058902
  2.1015e-07
  -0.0589019
 4.85916e-10
   0.0589019
-2.11122e-07
   -0.058902
-2.82018e-07
   0.0589023
 -2.8299e-07
   -0.058902
 -2.1015e-07
   0.0589019
-4.85861e-10
  -0.0589019
 2.11122e-07
    0.058902
 2.82018e-07
  -0.0589023
  2.8299e-07
    0.058902
  2.1015e-07
  -0.0589019
 4.85927e-10
   0.0589019
-2.11122e-07
   -0.058902
-2.82018e-07
   0.0589023
 -2.8299e-07
   -0.058902
 -2.1015e-07
   0.0589019
-1.01863e-09
   -0.123481
 2.95306e-07
    0.123481
 7.62894e-07
   -0.123482
 7.64931e-07
    0.123481
 2.93268e-07
   -0.123481
 1.01856e-09
    0.123481
-2.95306e-07
   -0.123481
-7.62894e-07
    0.123482
-7.64931e-07
   -0.123481
-2.93269e-07
    0.123481
-1.01863e-09
   -0.123481
 2.95306e-07
    0.123481
 7.62894e-07
   -0.123482
 7.64931e-07
    0.123481
 2.93268e-07
   -0.123481
 1.01859e-09
    0.123481
-2.95306e-07
   -0.123481
-7.62894e-07
    0.123482
-7.64931e-07
   -0.123481
-2.93269e-07
    0.123481
-5.90542e-10
  -0.0715911
 1.42796e-07
   0.0715909
 4.60748e-07
  -0.0715914
 4.61929e-07
   0.0715909
 1.41615e-07
  -0.0715911
 5.90519e-10
   0.0715911
-1.42796e-07
  -0.0715909
-4.60747e-07
   0.0715914
-4.61929e-07
  -0.0715909
-1.41615e-07
   0.0715911
-5.90534e-10
  -0.0715911
 1.42796e-07
   0.0715909
 4.60747e-07
  -0.0715914
 4.61929e-07
   0.0715909
 1.41615e-07
  -0.0715911
 5.90618e-10
   0.0715911
-1.42796e-07
  -0.0715909
-4.60747e-07
   0.0715914
-4.61929e-07
  -0.0715909
-1.41615e-07
   0.0715911
 5.90506e-10
   0.0715911
-1.42796e-07
  -0.0715909
-4.60748e-07
   0.0715914
-4.61929e-07
  -0.0715909
-1.41615e-07
   0.0715911
-5.90514e-10
  -0.0715911
 1.42796e-07
   0.0715909
 4.60747e-07
  -0.0715914
 4.61929e-07
   0.0715909
 1.41615e-07
  -0.0715911
 5.90539e-10
   0.0715911
-1.42796e-07
  -0.0715909
-4.60748e-07
   0.0715914
-4.61929e-07
  -0.0715909
-1.41615e-07
   0.0715911
-5.90569e-10
  -0.0715911
 1.42796e-07
   0.0715909
 4.60748e-07
  -0.0715914
 4.61929e-07
   0.0715909
 1.41615e-07
  -0.0715911
 1.01852e-09
    0.123481
-2.95306e-07
   -0.123481
-7.62894e-07
    0.123482
-7.64931e-07
   -0.123481
-2.93269e-07
    0.123481
 -1.0186e-09
   -0.123481
 2.95306e-07
    0.123481
 7.62894e-07
   -0.123482
 7.64931e-07
    0.123481
 2.93268e-07
   -0.123481
 1.01863e-09
    0.123481
-2.95306e-07
   -0.123481
-7.62894e-07
    0.123482
-7.64931e-07
   -0.123481
-2.93269e-07
    0.123481
-1.01862e-09
   -0.123481
 2.95306e-07
    0.123481
 7.62894e-07
   -0.123482
 7.64931e-07
    0.123481
 2.93269e-07
   -0.123481
 4.85904e-10
   0.0589019
-2.11122e-07
   -0.058902
-2.82018e-07
   0.0589023
 -2.8299e-07
   -0.058902
 -2.1015e-07
   0.0589019
 -4.8583e-10
  -0.0589019
 2.11122e-07
    0.058902
 2.82018e-07
  -0.0589023
  2.8299e-07
    0.058902
  2.1015e-07
  -0.0589019
 4.85854e-10
   0.0589019
-2.11122e-07
   -0.058902
-2.82018e-07
   0.0589023
 -2.8299e-07
   -0.058902
 -2.1015e-07
   0.0589019
-4.85794e-10
  -0.0589019
 2.11122e-07
    0.058902
 2.82018e-07
  -0.0589023
  2.8299e-07
    0.058902
  2.1015e-07
  -0.0589019
-5.00253e-11
 -0.00606378
-3.16285e-08
  0.00606365
 1.77187e-07
  -0.0060636
 1.77287e-07
  0.00606365
-3.17287e-08
 -0.00606378
 4.99714e-11
  0.00606378
 3.16286e-08
 -0.00606365
-1.77187e-07
   0.0060636
-1.77287e-07
 -0.00606365
 3.17286e-08
  0.00606378
-5.00834e-11
 -0.00606378
-3.16286e-08
  0.00606365
 1.77187e-07
  -0.0060636
 1.77287e-07
  0.00606365
-3.17286e-08
 -0.00606378
 5.00007e-11
  0.00606378
 3.16286e-08
 -0.00606365
-1.77187e-07
   0.0060636
-1.77287e-07
 -0.00606365
 3.17286e-08
  0.00606378
-2.05407e-10
  -0.0249136
 8.54219e-08
   0.0249136
  2.8904e-07
  -0.0249136
 2.89451e-07
   0.0249136
 8.50107e-08
  -0.0249136
 2.05528e-10
   0.0249136
-8.54219e-08
  -0.0249136
 -2.8904e-07
   0.0249136
-2.89451e-07
  -0.0249136
-8.50109e-08
   0.0249136
-2.05435e-10
  -0.0249136
 8.54219e-08
   0.0249136
  2.8904e-07
  -0.0249136
 2.89451e-07
   0.0249136
 8.50109e-08
  -0.0249136
 2.05463e-10
   0.0249136
-8.54218e-08
  -0.0249136
 -2.8904e-07
   0.0249136
-2.89451e-07
  -0.0249136
-8.50108e-08
   0.0249136
-1.58425e-10
  -0.0191961
 1.09467e-07
   0.0191962
 2.10806e-07
  -0.0191961
 2.11123e-07
   0.0191962
  1.0915e-07
  -0.0191961
 1.58355e-10
   0.0191961
-1.09467e-07
  -0.0191962
-2.10806e-07
   0.0191961
-2.11123e-07
  -0.0191962
 -1.0915e-07
   0.0191961
-1.58532e-10
  -0.0191961
 1.09467e-07
   0.0191962
 2.10806e-07
  -0.0191961
 2.11123e-07
   0.0191962
  1.0915e-07
  -0.0191961
 1.58363e-10
   0.0191961
-1.09467e-07
  -0.0191962
-2.10806e-07
   0.0191961
-2.11123e-07
  -0.0191962
 -1.0915e-07
   0.0191961
-8.49213e-11
  -0.0102969
 8.32554e-08
    0.010297
 1.08092e-07
   -0.010297
 1.08262e-07
    0.010297
 8.30855e-08
  -0.0102969
 8.50311e-11
   0.0102969
-8.32555e-08
   -0.010297
-1.08092e-07
    0.010297
-1.08262e-07
   -0.010297
-8.30858e-08
   0.0102969
-8.48293e-11
  -0.0102969
 8.32555e-08
    0.010297
 1.08092e-07
   -0.010297
 1.08262e-07
    0.010297
 8.30856e-08
  -0.0102969
 8.47978e-11
   0.0102969
-8.32553e-08
   -0.010297
-1.08092e-07
    0.010297
-1.08262e-07
   -0.010297
-8.30855e-08
   0.0102969
-3.82224e-11
 -0.00463018
 4.73704e-08
  0.00463025
 3.76131e-08
 -0.00463023
 3.76895e-08
  0.00463025
  4.7294e-08
 -0.00463018
 3.81943e-11
  0.00463018
-4.73704e-08
 -0.00463025
-3.76132e-08
  0.00463023
-3.76895e-08
 -0.00463025
 -4.7294e-08
  0.00463018
-3.81798e-11
 -0.00463018
 4.73704e-08
  0.00463025
 3.76132e-08
 -0.00463023
 3.76896e-08
  0.00463025
 4.72941e-08
 -0.00463018
 3.81391e-11
  0.00463018
-4.73704e-08
 -0.00463025
-3.76131e-08
  0.00463023
-3.76895e-08
 -0.00463025
 -4.7294e-08
  0.00463018
-1.55683e-11
 -0.00188638
 1.96788e-08
  0.00188641
 1.34305e-10
 -0.00188642
 1.65463e-10
  0.00188641
 1.96476e-08
 -0.00188638
 1.55483e-11
  0.00188638
-1.96787e-08
 -0.00188641
-1.34431e-10
  0.00188642
-1.65492e-10
 -0.00188641
-1.96475e-08
  0.00188638
-1.55901e-11
 -0.00188638
 1.96787e-08
  0.00188641
 1.34354e-10
 -0.00188642
 1.65495e-10
  0.00188641
 1.96476e-08
 -0.00188638
 1.55727e-11
  0.00188638
-1.96788e-08
 -0.00188641
-1.34333e-10
  0.00188642
-1.65422e-10
 -0.00188641
-1.96477e-08
  0.00188638
-5.96128e-12
-0.000726408
 3.03412e-09
 0.000726406
-1.61291e-08
 -0.00072644
-1.61171e-08
 0.000726406
 3.02211e-09
-0.000726408
 6.00494e-12
 0.000726408
-3.03403e-09
-0.000726406
  1.6129e-08
  0.00072644
  1.6117e-08
-0.000726406
-3.02205e-09
 0.000726408
-5.98012e-12
-0.000726408
 3.03409e-09
 0.000726406
 -1.6129e-08
 -0.00072644
 -1.6117e-08
 0.000726406
 3.02202e-09
-0.000726408
 6.01264e-12
 0.000726408
 -3.0341e-09
-0.000726406
 1.61291e-08
  0.00072644
 1.61171e-08
-0.000726406
-3.02214e-09
 0.000726408
-2.19363e-12
 -0.00027134
-5.19254e-09
 0.000271326
-2.10348e-08
-0.000271366
-2.10303e-08
 0.000271326
-5.19699e-09
 -0.00027134
 2.25112e-12
  0.00027134
 5.19257e-09
-0.000271326
 2.10348e-08
 0.000271366
 2.10303e-08
-0.000271326
 5.19702e-09
  0.00027134
 -2.1975e-12
 -0.00027134
-5.19249e-09
 0.000271326
-2.10348e-08
-0.000271366
-2.10303e-08
 0.000271326
-5.19705e-09
 -0.00027134
 2.25724e-12
  0.00027134
 5.19251e-09
-0.000271326
 2.10348e-08
 0.000271366
 2.10303e-08
-0.000271326
 5.19699e-09
  0.00027134
-7.97467e-13
-9.99854e-05
-8.28306e-09
 9.99673e-05
-2.05871e-08
-0.000100006
-2.05854e-08
 9.99673e-05
-8.28466e-09
-9.99854e-05
 8.15291e-13
 9.99854e-05
 8.28302e-09
-9.99673e-05
 2.05871e-08
 0.000100006
 2.05854e-08
-9.99673e-05
 8.28468e-09
 9.99854e-05
-7.83055e-13
-9.99854e-05
-8.28298e-09
 9.99673e-05
-2.05871e-08
-0.000100006
-2.05854e-08
 9.99673e-05
-8.28468e-09
-9.99854e-05
 8.43692e-13
 9.99854e-05
   8.283e-09
-9.99673e-05
 2.05871e-08
 0.000100006
 2.05854e-08
-9.99673e-05
 8.28469e-09
 9.99854e-05
