-0.000100023
-3.57271e-08
 9.99594e-05
-1.17037e-08
-9.99865e-05
 8.29616e-13
 9.99865e-05
  1.1702e-08
-9.99594e-05
 3.57288e-08
 0.000100023
 3.57271e-08
-9.99594e-05
 1.17037e-08
 9.99865e-05
-8.15259e-13
-9.99865e-05
 -1.1702e-08
 9.99594e-05
-3.57288e-08
-0.000100023
-3.57271e-08
 9.99594e-05
-1.17037e-08
-9.99865e-05
 8.28795e-13
 9.99865e-05
  1.1702e-08
-9.99594e-05
 3.57288e-08
 0.000100023
 3.57271e-08
-9.99594e-05
 1.17037e-08
 9.99865e-05
-8.00057e-13
-9.99865e-05
 -1.1702e-08
 9.99594e-05
-3.57288e-08
-0.000271385
-3.73818e-08
 0.000271323
-3.97559e-09
-0.000271339
 2.26235e-12
 0.000271339
 3.97112e-09
-0.000271323
 3.73863e-08
 0.000271385
 3.73818e-08
-0.000271323
  3.9756e-09
 0.000271339
 -2.2187e-12
-0.000271339
-3.97114e-09
 0.000271323
-3.73863e-08
-0.000271385
-3.73818e-08
 0.000271323
-3.97563e-09
-0.000271339
 2.24131e-12
 0.000271339
 3.97112e-09
-0.000271323
 3.73863e-08
 0.000271385
 3.73819e-08
-0.000271323
 3.97564e-09
 0.000271339
-2.22963e-12
-0.000271339
-3.97115e-09
 0.000271323
-3.73864e-08
-0.000726458
-3.24098e-08
 0.000726414
 1.43547e-08
-0.000726401
  6.0524e-12
 0.000726401
-1.43666e-08
-0.000726414
 3.24217e-08
 0.000726458
 3.24098e-08
-0.000726414
-1.43546e-08
 0.000726401
-5.97403e-12
-0.000726401
 1.43666e-08
 0.000726414
-3.24218e-08
-0.000726458
-3.24098e-08
 0.000726414
 1.43546e-08
-0.000726401
 5.99494e-12
 0.000726401
-1.43667e-08
-0.000726414
 3.24218e-08
 0.000726458
 3.24099e-08
-0.000726414
-1.43546e-08
 0.000726401
-6.01154e-12
-0.000726401
 1.43666e-08
 0.000726414
-3.24218e-08
 -0.00188643
-1.54021e-08
  0.00188644
 4.95982e-08
 -0.00188637
 1.56202e-11
  0.00188637
-4.96293e-08
 -0.00188644
 1.54332e-08
  0.00188643
 1.54021e-08
 -0.00188644
-4.95982e-08
  0.00188637
-1.55745e-11
 -0.00188637
 4.96293e-08
  0.00188644
-1.54332e-08
 -0.00188643
-1.54021e-08
  0.00188644
 4.95982e-08
 -0.00188637
 1.55684e-11
  0.00188637
-4.96293e-08
 -0.00188644
 1.54332e-08
  0.00188643
 1.54022e-08
 -0.00188644
-4.95982e-08
  0.00188637
-1.56139e-11
 -0.00188637
 4.96293e-08
  0.00188644
-1.54333e-08
 -0.00463022
 1.95457e-08
  0.00463032
 1.06135e-07
 -0.00463016
 3.81852e-11
  0.00463016
-1.06212e-07
 -0.00463032
-1.94694e-08
  0.00463022
-1.95457e-08
 -0.00463032
-1.06135e-07
  0.00463016
-3.82468e-11
 -0.00463016
 1.06212e-07
  0.00463032
 1.94694e-08
 -0.00463022
 1.95457e-08
  0.00463032
 1.06135e-07
 -0.00463016
 3.81824e-11
  0.00463016
-1.06212e-07
 -0.00463032
-1.94693e-08
  0.00463022
-1.95457e-08
 -0.00463032
-1.06135e-07
  0.00463016
-3.82449e-11
 -0.00463016
 1.06212e-07
  0.00463032
 1.94693e-08
  -0.0102969
 7.45056e-08
   0.0102972
 1.76038e-07
  -0.0102969
 8.49094e-11
   0.0102969
-1.76207e-07
  -0.0102972
-7.43356e-08
   0.0102969
-7.45055e-08
  -0.0102972
-1.76038e-07
   0.0102969
-8.49782e-11
  -0.0102969
 1.76207e-07
   0.0102972
 7.43356e-08
  -0.0102969
 7.45054e-08
   0.0102972
 1.76038e-07
  -0.0102969
 8.49117e-11
   0.0102969
-1.76207e-07
  -0.0102972
-7.43355e-08
   0.0102969
-7.45055e-08
  -0.0102972
-1.76038e-07
   0.0102969
-8.49411e-11
  -0.0102969
 1.76207e-07
   0.0102972
 7.43357e-08
   -0.019196
 1.39812e-07
   0.0191964
 2.19246e-07
  -0.0191961
 1.58473e-10
   0.0191961
-2.19563e-07
  -0.0191964
-1.39496e-07
    0.019196
-1.39812e-07
  -0.0191964
-2.19246e-07
   0.0191961
-1.58341e-10
  -0.0191961
 2.19563e-07
   0.0191964
 1.39496e-07
   -0.019196
 1.39812e-07
   0.0191964
 2.19246e-07
  -0.0191961
 1.58348e-10
   0.0191961
-2.19563e-07
  -0.0191964
-1.39496e-07
    0.019196
-1.39812e-07
  -0.0191964
-2.19246e-07
   0.0191961
-1.58302e-10
  -0.0191961
 2.19563e-07
   0.0191964
 1.39496e-07
  -0.0249133
 1.89762e-07
   0.0249138
 1.49061e-07
  -0.0249136
  2.0542e-10
   0.0249136
-1.49472e-07
  -0.0249138
-1.89351e-07
   0.0249133
-1.89763e-07
  -0.0249138
-1.49061e-07
   0.0249136
-2.05547e-10
  -0.0249136
 1.49472e-07
   0.0249138
 1.89352e-07
  -0.0249133
 1.89762e-07
   0.0249138
 1.49061e-07
  -0.0249136
 2.05409e-10
   0.0249136
-1.49472e-07
  -0.0249138
-1.89352e-07
   0.0249133
-1.89763e-07
  -0.0249138
-1.49061e-07
   0.0249136
-2.05556e-10
  -0.0249136
 1.49472e-07
   0.0249138
 1.89352e-07
 -0.00606326
 1.99396e-07
  0.00606352
-1.20614e-07
 -0.00606381
 5.00806e-11
  0.00606381
 1.20514e-07
 -0.00606352
-1.99296e-07
  0.00606326
-1.99396e-07
 -0.00606352
 1.20614e-07
  0.00606381
-5.00453e-11
 -0.00606381
-1.20514e-07
  0.00606352
 1.99296e-07
 -0.00606326
 1.99396e-07
  0.00606352
-1.20614e-07
 -0.00606381
 4.99334e-11
  0.00606381
 1.20514e-07
 -0.00606352
-1.99296e-07
  0.00606326
-1.99396e-07
 -0.00606352
 1.20614e-07
  0.00606381
-5.00154e-11
 -0.00606381
-1.20514e-07
  0.00606352
 1.99296e-07
   0.0589022
 1.76179e-07
  -0.0589024
-5.13078e-07
   0.0589019
-4.85859e-10
  -0.0589019
  5.1405e-07
   0.0589024
-1.77151e-07
  -0.0589022
-1.76179e-07
   0.0589024
 5.13078e-07
  -0.0589019
 4.85918e-10
   0.0589019
 -5.1405e-07
  -0.0589024
 1.77151e-07
   0.0589022
 1.76179e-07
  -0.0589024
-5.13078e-07
   0.0589019
-4.85876e-10
  -0.0589019
  5.1405e-07
   0.0589024
-1.77151e-07
  -0.0589022
-1.76179e-07
   0.0589024
 5.13078e-07
  -0.0589019
 4.85928e-10
   0.0589019
 -5.1405e-07
  -0.0589024
 1.77151e-07
    0.123481
 1.37447e-07
   -0.123482
-6.81135e-07
    0.123481
-1.01864e-09
   -0.123481
 6.83172e-07
    0.123482
-1.39485e-07
   -0.123481
-1.37447e-07
    0.123482
 6.81135e-07
   -0.123481
 1.01857e-09
    0.123481
-6.83172e-07
   -0.123482
 1.39484e-07
    0.123481
 1.37447e-07
   -0.123482
-6.81135e-07
    0.123481
-1.01848e-09
   -0.123481
 6.83172e-07
    0.123482
-1.39484e-07
   -0.123481
-1.37447e-07
    0.123482
 6.81135e-07
   -0.123481
 1.01861e-09
    0.123481
-6.83172e-07
   -0.123482
 1.39485e-07
   0.0715908
 5.73747e-08
  -0.0715911
-3.24246e-07
   0.0715911
-5.90657e-10
  -0.0715911
 3.25427e-07
   0.0715911
-5.85558e-08
  -0.0715908
-5.73746e-08
   0.0715911
 3.24246e-07
  -0.0715911
 5.90554e-10
   0.0715911
-3.25428e-07
  -0.0715911
 5.85557e-08
   0.0715908
 5.73748e-08
  -0.0715911
-3.24246e-07
   0.0715911
-5.90403e-10
  -0.0715911
 3.25427e-07
   0.0715911
-5.85557e-08
  -0.0715908
-5.73748e-08
   0.0715911
 3.24246e-07
  -0.0715911
  5.9051e-10
   0.0715911
-3.25427e-07
  -0.0715911
 5.85558e-08
  -0.0715908
-5.73747e-08
   0.0715911
 3.24246e-07
  -0.0715911
 5.90492e-10
   0.0715911
-3.25427e-07
  -0.0715911
 5.85558e-08
   0.0715908
 5.73747e-08
  -0.0715911
-3.24246e-07
   0.0715911
-5.90506e-10
  -0.0715911
 3.25427e-07
   0.0715911
-5.85557e-08
  -0.0715908
-5.73748e-08
   0.0715911
 3.24246e-07
  -0.0715911
 5.90523e-10
   0.0715911
-3.25427e-07
  -0.0715911
 5.85559e-08
   0.0715908
 5.73747e-08
  -0.0715911
-3.24246e-07
   0.0715911
-5.90587e-10
  -0.0715911
 3.25427e-07
   0.0715911
-5.85558e-08
   -0.123481
-1.37447e-07
    0.123482
 6.81135e-07
   -0.123481
 1.01859e-09
    0.123481
-6.83172e-07
   -0.123482
 1.39484e-07
    0.123481
 1.37447e-07
   -0.123482
-6.81135e-07
    0.123481
-1.01856e-09
   -0.123481
 6.83172e-07
    0.123482
-1.39484e-07
   -0.123481
-1.37447e-07
    0.123482
 6.81135e-07
   -0.123481
 1.01865e-09
    0.123481
-6.83172e-07
   -0.123482
 1.39485e-07
    0.123481
 1.37447e-07
   -0.123482
-6.81135e-07
    0.123481
-1.01862e-09
   -0.123481
 6.83172e-07
    0.123482
-1.39484e-07
  -0.0589022
-1.76179e-07
   0.0589024
 5.13078e-07
  -0.0589019
 4.85911e-10
   0.0589019
 -5.1405e-07
  -0.0589024
 1.77151e-07
   0.0589022
 1.76179e-07
  -0.0589024
-5.13078e-07
   0.0589019
-4.85918e-10
  -0.0589019
  5.1405e-07
   0.0589024
-1.77151e-07
  -0.0589022
-1.76179e-07
   0.0589024
 5.13078e-07
  -0.0589019
 4.85937e-10
   0.0589019
 -5.1405e-07
  -0.0589024
 1.77151e-07
   0.0589022
 1.76179e-07
  -0.0589024
-5.13078e-07
   0.0589019
-4.85806e-10
  -0.0589019
  5.1405e-07
   0.0589024
-1.77151e-07
  0.00606326
-1.99396e-07
 -0.00606352
 1.20614e-07
  0.00606381
-5.00004e-11
 -0.00606381
-1.20514e-07
  0.00606352
 1.99296e-07
 -0.00606326
 1.99396e-07
  0.00606352
-1.20614e-07
 -0.00606381
 4.99957e-11
  0.00606381
 1.20514e-07
 -0.00606352
-1.99296e-07
  0.00606326
-1.99396e-07
 -0.00606352
 1.20614e-07
  0.00606381
-5.00522e-11
 -0.00606381
-1.20514e-07
  0.00606352
 1.99296e-07
 -0.00606326
 1.99396e-07
  0.00606352
-1.20614e-07
 -0.00606381
 4.99968e-11
  0.00606381
 1.20514e-07
 -0.00606352
-1.99296e-07
   0.0249133
-1.89762e-07
  -0.0249138
-1.49061e-07
   0.0249136
-2.05456e-10
  -0.0249136
 1.49472e-07
   0.0249138
 1.89351e-07
  -0.0249133
 1.89762e-07
   0.0249138
 1.49061e-07
  -0.0249136
 2.05479e-10
   0.0249136
-1.49472e-07
  -0.0249138
-1.89352e-07
   0.0249133
-1.89763e-07
  -0.0249138
-1.49061e-07
   0.0249136
-2.05519e-10
  -0.0249136
 1.49472e-07
   0.0249138
 1.89352e-07
  -0.0249133
 1.89762e-07
   0.0249138
 1.49061e-07
  -0.0249136
 2.05437e-10
   0.0249136
-1.49472e-07
  -0.0249138
-1.89352e-07
    0.019196
-1.39812e-07
  -0.0191964
-2.19246e-07
   0.0191961
-1.58386e-10
  -0.0191961
 2.19563e-07
   0.0191964
 1.39496e-07
   -0.019196
 1.39812e-07
   0.0191964
 2.19246e-07
  -0.0191961
   1.584e-10
   0.0191961
-2.19563e-07
  -0.0191964
-1.39496e-07
    0.019196
-1.39812e-07
  -0.0191964
-2.19246e-07
   0.0191961
-1.58363e-10
  -0.0191961
 2.19563e-07
   0.0191964
 1.39496e-07
   -0.019196
 1.39812e-07
   0.0191964
 2.19246e-07
  -0.0191961
 1.58337e-10
   0.0191961
-2.19563e-07
  -0.0191964
-1.39496e-07
   0.0102969
-7.45056e-08
  -0.0102972
-1.76038e-07
   0.0102969
-8.49488e-11
  -0.0102969
 1.76207e-07
   0.0102972
 7.43356e-08
  -0.0102969
 7.45055e-08
   0.0102972
 1.76038e-07
  -0.0102969
 8.48523e-11
   0.0102969
-1.76207e-07
  -0.0102972
-7.43357e-08
   0.0102969
-7.45056e-08
  -0.0102972
-1.76037e-07
   0.0102969
-8.49848e-11
  -0.0102969
 1.76207e-07
   0.0102972
 7.43357e-08
  -0.0102969
 7.45056e-08
   0.0102972
 1.76038e-07
  -0.0102969
 8.49272e-11
   0.0102969
-1.76207e-07
  -0.0102972
-7.43356e-08
  0.00463022
-1.95457e-08
 -0.00463032
-1.06135e-07
  0.00463016
-3.82392e-11
 -0.00463016
 1.06212e-07
  0.00463032
 1.94694e-08
 -0.00463022
 1.95457e-08
  0.00463032
 1.06135e-07
 -0.00463016
 3.81659e-11
  0.00463016
-1.06212e-07
 -0.00463032
-1.94693e-08
  0.00463022
-1.95458e-08
 -0.00463032
-1.06135e-07
  0.00463016
-3.82407e-11
 -0.00463016
 1.06212e-07
  0.00463032
 1.94694e-08
 -0.00463022
 1.95458e-08
  0.00463032
 1.06135e-07
 -0.00463016
 3.82144e-11
  0.00463016
-1.06212e-07
 -0.00463032
-1.94694e-08
  0.00188643
 1.54022e-08
 -0.00188644
-4.95981e-08
  0.00188637
-1.55949e-11
 -0.00188637
 4.96293e-08
  0.00188644
-1.54332e-08
 -0.00188643
-1.54021e-08
  0.00188644
 4.95981e-08
 -0.00188637
  1.5585e-11
  0.00188637
-4.96292e-08
 -0.00188644
 1.54333e-08
  0.00188643
 1.54021e-08
 -0.00188644
-4.95982e-08
  0.00188637
-1.55888e-11
 -0.00188637
 4.96293e-08
  0.00188644
-1.54333e-08
 -0.00188643
-1.54021e-08
  0.00188644
 4.95982e-08
 -0.00188637
 1.55986e-11
  0.00188637
-4.96292e-08
 -0.00188644
 1.54332e-08
 0.000726458
 3.24098e-08
-0.000726414
-1.43546e-08
 0.000726401
-6.00396e-12
-0.000726401
 1.43666e-08
 0.000726414
-3.24218e-08
-0.000726458
-3.24098e-08
 0.000726414
 1.43546e-08
-0.000726401
 6.01137e-12
 0.000726401
-1.43666e-08
-0.000726414
 3.24218e-08
 0.000726458
 3.24098e-08
-0.000726414
-1.43547e-08
 0.000726401
-5.99144e-12
-0.000726401
 1.43667e-08
 0.000726414
-3.24218e-08
-0.000726458
-3.24098e-08
 0.000726414
 1.43546e-08
-0.000726401
 5.99644e-12
 0.000726401
-1.43666e-08
-0.000726414
 3.24217e-08
 0.000271385
 3.73818e-08
-0.000271323
 3.97558e-09
 0.000271339
-2.22007e-12
-0.000271339
-3.97111e-09
 0.000271323
-3.73863e-08
-0.000271385
-3.73818e-08
 0.000271323
-3.97565e-09
-0.000271339
 2.23955e-12
 0.000271339
 3.97112e-09
-0.000271323
 3.73863e-08
 0.000271385
 3.73819e-08
-0.000271323
  3.9756e-09
 0.000271339
-2.22039e-12
-0.000271339
-3.97111e-09
 0.000271323
-3.73864e-08
-0.000271385
-3.73819e-08
 0.000271323
-3.97562e-09
-0.000271339
 2.22423e-12
 0.000271339
 3.97114e-09
-0.000271323
 3.73863e-08
 0.000100023
 3.57271e-08
-9.99594e-05
 1.17036e-08
 9.99865e-05
-7.96129e-13
-9.99865e-05
 -1.1702e-08
 9.99594e-05
-3.57288e-08
-0.000100023
-3.57271e-08
 9.99594e-05
-1.17037e-08
-9.99865e-05
  8.1819e-13
 9.99865e-05
  1.1702e-08
-9.99594e-05
 3.57288e-08
 0.000100023
 3.57272e-08
-9.99594e-05
 1.17037e-08
 9.99865e-05
-8.04361e-13
-9.99865e-05
 -1.1702e-08
 9.99594e-05
-3.57288e-08
-0.000100023
-3.57271e-08
 9.99594e-05
-1.17037e-08
-9.99865e-05
 8.23359e-13
 9.99865e-05
  1.1702e-08
-9.99594e-05
 3.57288e-08
