 2.34505e-11
   0.0080744
   0.0153584
   0.0211391
   0.0248506
   0.0261295
   0.0248506
   0.0211391
   0.0153584
   0.0080744
-2.34345e-11
  -0.0080744
  -0.0153584
  -0.0211391
  -0.0248506
  -0.0261295
  -0.0248506
  -0.0211391
  -0.0153584
  -0.0080744
 2.34835e-11
   0.0080744
   0.0153584
   0.0211391
   0.0248506
   0.0261295
   0.0248506
   0.0211391
   0.0153584
   0.0080744
 -2.3381e-11
  -0.0080744
  -0.0153584
  -0.0211391
  -0.0248506
  -0.0261295
  -0.0248506
  -0.0211391
  -0.0153584
  -0.0080744
 2.52914e-11
   0.0087091
   0.0165657
   0.0228008
    0.026804
   0.0281835
    0.026804
   0.0228008
   0.0165657
   0.0087091
-2.52338e-11
  -0.0087091
  -0.0165657
  -0.0228008
   -0.026804
  -0.0281835
   -0.026804
  -0.0228008
  -0.0165657
  -0.0087091
 2.53331e-11
   0.0087091
   0.0165657
   0.0228008
    0.026804
   0.0281835
    0.026804
   0.0228008
   0.0165657
   0.0087091
 -2.5247e-11
  -0.0087091
  -0.0165657
  -0.0228008
   -0.026804
  -0.0281835
   -0.026804
  -0.0228008
  -0.0165657
  -0.0087091
 2.36486e-11
  0.00814259
   0.0154881
   0.0213178
   0.0250606
   0.0263504
   0.0250606
   0.0213178
   0.0154881
  0.00814259
-2.35399e-11
 -0.00814259
  -0.0154881
  -0.0213178
  -0.0250606
  -0.0263504
  -0.0250606
  -0.0213178
  -0.0154881
 -0.00814259
 2.36637e-11
  0.00814259
   0.0154881
   0.0213178
   0.0250606
   0.0263504
   0.0250606
   0.0213178
   0.0154881
  0.00814259
-2.36644e-11
 -0.00814259
  -0.0154881
  -0.0213178
  -0.0250606
  -0.0263504
  -0.0250606
  -0.0213178
  -0.0154881
 -0.00814259
 1.54402e-11
  0.00531912
   0.0101176
   0.0139259
   0.0163711
   0.0172137
   0.0163711
   0.0139259
   0.0101176
  0.00531912
-1.53842e-11
 -0.00531912
  -0.0101176
  -0.0139259
  -0.0163711
  -0.0172137
  -0.0163711
  -0.0139259
  -0.0101176
 -0.00531912
   1.537e-11
  0.00531912
   0.0101176
   0.0139259
   0.0163711
   0.0172137
   0.0163711
   0.0139259
   0.0101176
  0.00531912
-1.55019e-11
 -0.00531912
  -0.0101176
  -0.0139259
  -0.0163711
  -0.0172137
  -0.0163711
  -0.0139259
  -0.0101176
 -0.00531912
-2.76739e-12
-0.000925304
 -0.00175993
 -0.00242203
 -0.00284701
 -0.00299338
 -0.00284701
 -0.00242203
 -0.00175993
-0.000925304
  2.6716e-12
 0.000925304
  0.00175993
  0.00242203
  0.00284701
  0.00299338
  0.00284701
  0.00242203
  0.00175993
 0.000925304
-2.79977e-12
-0.000925304
 -0.00175993
 -0.00242203
 -0.00284701
 -0.00299338
 -0.00284701
 -0.00242203
 -0.00175993
-0.000925304
 2.70886e-12
 0.000925304
  0.00175993
  0.00242203
  0.00284701
  0.00299338
  0.00284701
  0.00242203
  0.00175993
 0.000925304
-3.16676e-11
  -0.0108592
  -0.0206552
  -0.0284292
  -0.0334201
    -0.03514
  -0.0334201
  -0.0284292
  -0.0206552
  -0.0108592
 3.15009e-11
   0.0108592
   0.0206552
   0.0284292
   0.0334201
     0.03514
   0.0334201
   0.0284292
   0.0206552
   0.0108592
 -3.1406e-11
  -0.0108592
  -0.0206552
  -0.0284292
  -0.0334201
    -0.03514
  -0.0334201
  -0.0284292
  -0.0206552
  -0.0108592
 3.16456e-11
   0.0108592
   0.0206552
   0.0284292
   0.0334201
     0.03514
   0.0334201
   0.0284292
   0.0206552
   0.0108592
-6.26634e-11
  -0.0215783
  -0.0410439
  -0.0564919
  -0.0664099
  -0.0698277
  -0.0664099
  -0.0564919
  -0.0410439
  -0.0215783
 6.25903e-11
   0.0215783
   0.0410439
   0.0564919
   0.0664099
   0.0698277
   0.0664099
   0.0564919
   0.0410439
   0.0215783
-6.27156e-11
  -0.0215783
  -0.0410439
  -0.0564919
  -0.0664099
  -0.0698277
  -0.0664099
  -0.0564919
  -0.0410439
  -0.0215783
  6.2648e-11
   0.0215783
   0.0410439
   0.0564919
   0.0664099
   0.0698277
   0.0664099
   0.0564919
   0.0410439
   0.0215783
 -7.1312e-11
  -0.0245566
  -0.0467089
  -0.0642895
  -0.0755768
  -0.0794665
  -0.0755768
  -0.0642895
  -0.0467089
  -0.0245566
 7.13142e-11
   0.0245566
   0.0467089
   0.0642895
   0.0755768
   0.0794665
   0.0755768
   0.0642895
   0.0467089
   0.0245566
 -7.1286e-11
  -0.0245566
  -0.0467089
  -0.0642895
  -0.0755768
  -0.0794665
  -0.0755768
  -0.0642895
  -0.0467089
  -0.0245566
 7.13342e-11
   0.0245566
   0.0467089
   0.0642895
   0.0755768
   0.0794665
   0.0755768
   0.0642895
   0.0467089
   0.0245566
-2.81571e-11
 -0.00970434
  -0.0184588
  -0.0254068
   -0.029868
  -0.0314055
   -0.029868
  -0.0254068
  -0.0184588
 -0.00970434
 2.81942e-11
  0.00970434
   0.0184588
   0.0254068
    0.029868
   0.0314055
    0.029868
   0.0254068
   0.0184588
  0.00970434
-2.81427e-11
 -0.00970434
  -0.0184588
  -0.0254068
   -0.029868
  -0.0314055
   -0.029868
  -0.0254068
  -0.0184588
 -0.00970434
 2.80947e-11
  0.00970434
   0.0184588
   0.0254068
    0.029868
   0.0314055
    0.029868
   0.0254068
   0.0184588
  0.00970434
 4.28804e-11
   0.0147646
   0.0280829
   0.0386523
   0.0454377
   0.0477761
   0.0454377
   0.0386523
   0.0280829
   0.0147646
-4.28731e-11
  -0.0147646
  -0.0280829
  -0.0386523
  -0.0454377
  -0.0477761
  -0.0454377
  -0.0386523
  -0.0280829
  -0.0147646
 4.29238e-11
   0.0147646
   0.0280829
   0.0386523
   0.0454377
   0.0477761
   0.0454377
   0.0386523
   0.0280829
   0.0147646
-4.28751e-11
  -0.0147646
  -0.0280829
  -0.0386523
  -0.0454377
  -0.0477761
  -0.0454377
  -0.0386523
  -0.0280829
  -0.0147646
 3.36606e-11
   0.0115993
   0.0220622
   0.0303658
   0.0356968
   0.0375341
   0.0356968
   0.0303658
   0.0220622
   0.0115993
-3.37332e-11
  -0.0115993
  -0.0220622
  -0.0303658
  -0.0356968
  -0.0375341
  -0.0356968
  -0.0303658
  -0.0220622
  -0.0115993
 3.37084e-11
   0.0115993
   0.0220622
   0.0303658
   0.0356968
   0.0375341
   0.0356968
   0.0303658
   0.0220622
   0.0115993
-3.36862e-11
  -0.0115993
  -0.0220622
  -0.0303658
  -0.0356968
  -0.0375341
  -0.0356968
  -0.0303658
  -0.0220622
  -0.0115993
-6.60472e-11
  -0.0227504
  -0.0432732
  -0.0595607
  -0.0700174
  -0.0736208
  -0.0700174
  -0.0595607
  -0.0432732
  -0.0227504
 6.59888e-11
   0.0227504
   0.0432732
   0.0595607
   0.0700174
   0.0736208
   0.0700174
   0.0595607
   0.0432732
   0.0227504
 -6.6115e-11
  -0.0227504
  -0.0432732
  -0.0595607
  -0.0700174
  -0.0736208
  -0.0700174
  -0.0595607
  -0.0432732
  -0.0227504
 6.60765e-11
   0.0227504
   0.0432732
   0.0595607
   0.0700174
   0.0736208
   0.0700174
   0.0595607
   0.0432732
   0.0227504
-6.60512e-11
  -0.0227504
  -0.0432732
  -0.0595607
  -0.0700174
  -0.0736208
  -0.0700174
  -0.0595607
  -0.0432732
  -0.0227504
 6.60384e-11
   0.0227504
   0.0432732
   0.0595607
   0.0700174
   0.0736208
   0.0700174
   0.0595607
   0.0432732
   0.0227504
-6.61165e-11
  -0.0227504
  -0.0432732
  -0.0595607
  -0.0700174
  -0.0736208
  -0.0700174
  -0.0595607
  -0.0432732
  -0.0227504
 6.60822e-11
   0.0227504
   0.0432732
   0.0595607
   0.0700174
   0.0736208
   0.0700174
   0.0595607
   0.0432732
   0.0227504
 3.37103e-11
   0.0115993
   0.0220622
   0.0303658
   0.0356968
   0.0375341
   0.0356968
   0.0303658
   0.0220622
   0.0115993
 -3.3701e-11
  -0.0115993
  -0.0220622
  -0.0303658
  -0.0356968
  -0.0375341
  -0.0356968
  -0.0303658
  -0.0220622
  -0.0115993
 3.36784e-11
   0.0115993
   0.0220622
   0.0303658
   0.0356968
   0.0375341
   0.0356968
   0.0303658
   0.0220622
   0.0115993
-3.37072e-11
  -0.0115993
  -0.0220622
  -0.0303658
  -0.0356968
  -0.0375341
  -0.0356968
  -0.0303658
  -0.0220622
  -0.0115993
 4.28714e-11
   0.0147646
   0.0280829
   0.0386523
   0.0454377
   0.0477761
   0.0454377
   0.0386523
   0.0280829
   0.0147646
-4.28493e-11
  -0.0147646
  -0.0280829
  -0.0386523
  -0.0454377
  -0.0477761
  -0.0454377
  -0.0386523
  -0.0280829
  -0.0147646
 4.28581e-11
   0.0147646
   0.0280829
   0.0386523
   0.0454377
   0.0477761
   0.0454377
   0.0386523
   0.0280829
   0.0147646
-4.29254e-11
  -0.0147646
  -0.0280829
  -0.0386523
  -0.0454377
  -0.0477761
  -0.0454377
  -0.0386523
  -0.0280829
  -0.0147646
-2.81875e-11
 -0.00970434
  -0.0184588
  -0.0254068
   -0.029868
  -0.0314055
   -0.029868
  -0.0254068
  -0.0184588
 -0.00970434
 2.81803e-11
  0.00970434
   0.0184588
   0.0254068
    0.029868
   0.0314055
    0.029868
   0.0254068
   0.0184588
  0.00970434
-2.81963e-11
 -0.00970434
  -0.0184588
  -0.0254068
   -0.029868
  -0.0314055
   -0.029868
  -0.0254068
  -0.0184588
 -0.00970434
 2.81039e-11
  0.00970434
   0.0184588
   0.0254068
    0.029868
   0.0314055
    0.029868
   0.0254068
   0.0184588
  0.00970434
-7.13154e-11
  -0.0245566
  -0.0467089
  -0.0642895
  -0.0755768
  -0.0794665
  -0.0755768
  -0.0642895
  -0.0467089
  -0.0245566
 7.13485e-11
   0.0245566
   0.0467089
   0.0642895
   0.0755768
   0.0794665
   0.0755768
   0.0642895
   0.0467089
   0.0245566
-7.12545e-11
  -0.0245566
  -0.0467089
  -0.0642895
  -0.0755768
  -0.0794665
  -0.0755768
  -0.0642895
  -0.0467089
  -0.0245566
 7.13062e-11
   0.0245566
   0.0467089
   0.0642895
   0.0755768
   0.0794665
   0.0755768
   0.0642895
   0.0467089
   0.0245566
-6.27599e-11
  -0.0215783
  -0.0410439
  -0.0564919
  -0.0664099
  -0.0698277
  -0.0664099
  -0.0564919
  -0.0410439
  -0.0215783
 6.26547e-11
   0.0215783
   0.0410439
   0.0564919
   0.0664099
   0.0698277
   0.0664099
   0.0564919
   0.0410439
   0.0215783
-6.28118e-11
  -0.0215783
  -0.0410439
  -0.0564919
  -0.0664099
  -0.0698277
  -0.0664099
  -0.0564919
  -0.0410439
  -0.0215783
 6.27955e-11
   0.0215783
   0.0410439
   0.0564919
   0.0664099
   0.0698277
   0.0664099
   0.0564919
   0.0410439
   0.0215783
-3.14522e-11
  -0.0108592
  -0.0206552
  -0.0284292
  -0.0334201
    -0.03514
  -0.0334201
  -0.0284292
  -0.0206552
  -0.0108592
  3.1503e-11
   0.0108592
   0.0206552
   0.0284292
   0.0334201
     0.03514
   0.0334201
   0.0284292
   0.0206552
   0.0108592
-3.13771e-11
  -0.0108592
  -0.0206552
  -0.0284292
  -0.0334201
    -0.03514
  -0.0334201
  -0.0284292
  -0.0206552
  -0.0108592
 3.13877e-11
   0.0108592
   0.0206552
   0.0284292
   0.0334201
     0.03514
   0.0334201
   0.0284292
   0.0206552
   0.0108592
-2.65792e-12
-0.000925304
 -0.00175993
 -0.00242203
 -0.00284701
 -0.00299338
 -0.00284701
 -0.00242203
 -0.00175993
-0.000925304
 2.71277e-12
 0.000925304
  0.00175993
  0.00242203
  0.00284701
  0.00299338
  0.00284701
  0.00242203
  0.00175993
 0.000925304
-2.65797e-12
-0.000925304
 -0.00175993
 -0.00242203
 -0.00284701
 -0.00299338
 -0.00284701
 -0.00242203
 -0.00175993
-0.000925304
 2.71089e-12
 0.000925304
  0.00175993
  0.00242203
  0.00284701
  0.00299338
  0.00284701
  0.00242203
  0.00175993
 0.000925304
 1.54203e-11
  0.00531912
   0.0101176
   0.0139259
   0.0163711
   0.0172137
   0.0163711
   0.0139259
   0.0101176
  0.00531912
-1.53876e-11
 -0.00531912
  -0.0101176
  -0.0139259
  -0.0163711
  -0.0172137
  -0.0163711
  -0.0139259
  -0.0101176
 -0.00531912
 1.53975e-11
  0.00531912
   0.0101176
   0.0139259
   0.0163711
   0.0172137
   0.0163711
   0.0139259
   0.0101176
  0.00531912
-1.54053e-11
 -0.00531912
  -0.0101176
  -0.0139259
  -0.0163711
  -0.0172137
  -0.0163711
  -0.0139259
  -0.0101176
 -0.00531912
 2.36114e-11
  0.00814259
   0.0154881
   0.0213178
   0.0250606
   0.0263504
   0.0250606
   0.0213178
   0.0154881
  0.00814259
-2.36001e-11
 -0.00814259
  -0.0154881
  -0.0213178
  -0.0250606
  -0.0263504
  -0.0250606
  -0.0213178
  -0.0154881
 -0.00814259
 2.36213e-11
  0.00814259
   0.0154881
   0.0213178
   0.0250606
   0.0263504
   0.0250606
   0.0213178
   0.0154881
  0.00814259
-2.36683e-11
 -0.00814259
  -0.0154881
  -0.0213178
  -0.0250606
  -0.0263504
  -0.0250606
  -0.0213178
  -0.0154881
 -0.00814259
 2.52957e-11
   0.0087091
   0.0165657
   0.0228008
    0.026804
   0.0281835
    0.026804
   0.0228008
   0.0165657
   0.0087091
-2.52795e-11
  -0.0087091
  -0.0165657
  -0.0228008
   -0.026804
  -0.0281835
   -0.026804
  -0.0228008
  -0.0165657
  -0.0087091
 2.53063e-11
   0.0087091
   0.0165657
   0.0228008
    0.026804
   0.0281835
    0.026804
   0.0228008
   0.0165657
   0.0087091
-2.53213e-11
  -0.0087091
  -0.0165657
  -0.0228008
   -0.026804
  -0.0281835
   -0.026804
  -0.0228008
  -0.0165657
  -0.0087091
 2.34562e-11
   0.0080744
   0.0153584
   0.0211391
   0.0248506
   0.0261295
   0.0248506
   0.0211391
   0.0153584
   0.0080744
-2.34826e-11
  -0.0080744
  -0.0153584
  -0.0211391
  -0.0248506
  -0.0261295
  -0.0248506
  -0.0211391
  -0.0153584
  -0.0080744
 2.34805e-11
   0.0080744
   0.0153584
   0.0211391
   0.0248506
   0.0261295
   0.0248506
   0.0211391
   0.0153584
   0.0080744
-2.34498e-11
  -0.0080744
  -0.0153584
  -0.0211391
  -0.0248506
  -0.0261295
  -0.0248506
  -0.0211391
  -0.0153584
  -0.0080744
