  -0.0261294
  -0.0248506
  -0.0211391
  -0.0153585
 -0.00807445
 2.34945e-11
  0.00807445
   0.0153585
   0.0211391
   0.0248506
   0.0261294
   0.0248506
   0.0211391
   0.0153585
  0.00807445
-2.34576e-11
 -0.00807445
  -0.0153585
  -0.0211391
  -0.0248506
  -0.0261294
  -0.0248506
  -0.0211391
  -0.0153585
 -0.00807445
 2.34766e-11
  0.00807445
   0.0153585
   0.0211391
   0.0248506
   0.0261294
   0.0248506
   0.0211391
   0.0153585
  0.00807445
-2.34235e-11
 -0.00807445
  -0.0153585
  -0.0211391
  -0.0248506
  -0.0281834
  -0.0268041
  -0.0228008
  -0.0165657
 -0.00870916
 2.53213e-11
  0.00870916
   0.0165657
   0.0228008
   0.0268041
   0.0281834
   0.0268041
   0.0228008
   0.0165657
  0.00870916
-2.52852e-11
 -0.00870916
  -0.0165657
  -0.0228008
  -0.0268041
  -0.0281834
  -0.0268041
  -0.0228008
  -0.0165657
 -0.00870916
 2.53218e-11
  0.00870916
   0.0165657
   0.0228008
   0.0268041
   0.0281834
   0.0268041
   0.0228008
   0.0165657
  0.00870916
-2.52645e-11
 -0.00870916
  -0.0165657
  -0.0228008
  -0.0268041
  -0.0263502
  -0.0250607
  -0.0213177
  -0.0154882
 -0.00814266
 2.37087e-11
  0.00814266
   0.0154882
   0.0213177
   0.0250607
   0.0263502
   0.0250607
   0.0213177
   0.0154882
  0.00814266
-2.36316e-11
 -0.00814266
  -0.0154882
  -0.0213177
  -0.0250607
  -0.0263502
  -0.0250607
  -0.0213177
  -0.0154882
 -0.00814266
 2.36567e-11
  0.00814266
   0.0154882
   0.0213177
   0.0250607
   0.0263502
   0.0250607
   0.0213177
   0.0154882
  0.00814266
-2.36265e-11
 -0.00814266
  -0.0154882
  -0.0213177
  -0.0250607
  -0.0172135
  -0.0163711
  -0.0139259
  -0.0101177
  -0.0053192
 1.55121e-11
   0.0053192
   0.0101177
   0.0139259
   0.0163711
   0.0172135
   0.0163711
   0.0139259
   0.0101177
   0.0053192
-1.54622e-11
  -0.0053192
  -0.0101177
  -0.0139259
  -0.0163711
  -0.0172135
  -0.0163711
  -0.0139259
  -0.0101177
  -0.0053192
 1.54478e-11
   0.0053192
   0.0101177
   0.0139259
   0.0163711
   0.0172135
   0.0163711
   0.0139259
   0.0101177
   0.0053192
-1.54783e-11
  -0.0053192
  -0.0101177
  -0.0139259
  -0.0163711
  0.00299362
  0.00284708
  0.00242205
   0.0017598
  0.00092523
-2.66274e-12
 -0.00092523
  -0.0017598
 -0.00242205
 -0.00284708
 -0.00299362
 -0.00284708
 -0.00242205
  -0.0017598
 -0.00092523
 2.67751e-12
  0.00092523
   0.0017598
  0.00242205
  0.00284708
  0.00299362
  0.00284708
  0.00242205
   0.0017598
  0.00092523
-2.70896e-12
 -0.00092523
  -0.0017598
 -0.00242205
 -0.00284708
 -0.00299362
 -0.00284708
 -0.00242205
  -0.0017598
 -0.00092523
 2.65777e-12
  0.00092523
   0.0017598
  0.00242205
  0.00284708
   0.0351401
   0.0334204
   0.0284291
   0.0206551
   0.0108592
 -3.1556e-11
  -0.0108592
  -0.0206551
  -0.0284291
  -0.0334204
  -0.0351401
  -0.0334204
  -0.0284291
  -0.0206551
  -0.0108592
 3.16285e-11
   0.0108592
   0.0206551
   0.0284291
   0.0334204
   0.0351401
   0.0334204
   0.0284291
   0.0206551
   0.0108592
-3.15308e-11
  -0.0108592
  -0.0206551
  -0.0284291
  -0.0334204
  -0.0351401
  -0.0334204
  -0.0284291
  -0.0206551
  -0.0108592
 3.15896e-11
   0.0108592
   0.0206551
   0.0284291
   0.0334204
   0.0698275
   0.0664103
   0.0564917
   0.0410439
   0.0215783
-6.26293e-11
  -0.0215783
  -0.0410439
  -0.0564917
  -0.0664103
  -0.0698275
  -0.0664103
  -0.0564917
  -0.0410439
  -0.0215783
 6.25986e-11
   0.0215783
   0.0410439
   0.0564917
   0.0664103
   0.0698275
   0.0664103
   0.0564917
   0.0410439
   0.0215783
-6.27841e-11
  -0.0215783
  -0.0410439
  -0.0564917
  -0.0664103
  -0.0698275
  -0.0664103
  -0.0564917
  -0.0410439
  -0.0215783
 6.26541e-11
   0.0215783
   0.0410439
   0.0564917
   0.0664103
   0.0794661
   0.0755772
   0.0642891
   0.0467091
   0.0245567
-7.14594e-11
  -0.0245567
  -0.0467091
  -0.0642891
  -0.0755772
  -0.0794661
  -0.0755772
  -0.0642891
  -0.0467091
  -0.0245567
  7.1248e-11
   0.0245567
   0.0467091
   0.0642891
   0.0755772
   0.0794661
   0.0755772
   0.0642891
   0.0467091
   0.0245567
-7.14429e-11
  -0.0245567
  -0.0467091
  -0.0642891
  -0.0755772
  -0.0794661
  -0.0755772
  -0.0642891
  -0.0467091
  -0.0245567
 7.12371e-11
   0.0245567
   0.0467091
   0.0642891
   0.0755772
    0.031405
    0.029868
   0.0254067
    0.018459
  0.00970455
-2.83882e-11
 -0.00970455
   -0.018459
  -0.0254067
   -0.029868
   -0.031405
   -0.029868
  -0.0254067
   -0.018459
 -0.00970455
 2.80606e-11
  0.00970455
    0.018459
   0.0254067
    0.029868
    0.031405
    0.029868
   0.0254067
    0.018459
  0.00970455
-2.83095e-11
 -0.00970455
   -0.018459
  -0.0254067
   -0.029868
   -0.031405
   -0.029868
  -0.0254067
   -0.018459
 -0.00970455
 2.80314e-11
  0.00970455
    0.018459
   0.0254067
    0.029868
  -0.0477759
  -0.0454384
  -0.0386519
  -0.0280828
  -0.0147643
 4.26879e-11
   0.0147643
   0.0280828
   0.0386519
   0.0454384
   0.0477759
   0.0454384
   0.0386519
   0.0280828
   0.0147643
-4.30982e-11
  -0.0147643
  -0.0280828
  -0.0386519
  -0.0454384
  -0.0477759
  -0.0454384
  -0.0386519
  -0.0280828
  -0.0147643
  4.2898e-11
   0.0147643
   0.0280828
   0.0386519
   0.0454384
   0.0477759
   0.0454384
   0.0386519
   0.0280828
   0.0147643
-4.30227e-11
  -0.0147643
  -0.0280828
  -0.0386519
  -0.0454384
  -0.0375337
  -0.0356973
  -0.0303654
  -0.0220623
  -0.0115991
 3.36646e-11
   0.0115991
   0.0220623
   0.0303654
   0.0356973
   0.0375337
   0.0356973
   0.0303654
   0.0220623
   0.0115991
-3.35101e-11
  -0.0115991
  -0.0220623
  -0.0303654
  -0.0356973
  -0.0375337
  -0.0356973
  -0.0303654
  -0.0220623
  -0.0115991
  3.3898e-11
   0.0115991
   0.0220623
   0.0303654
   0.0356973
   0.0375337
   0.0356973
   0.0303654
   0.0220623
   0.0115991
 -3.3508e-11
  -0.0115991
  -0.0220623
  -0.0303654
  -0.0356973
   0.0736202
    0.070018
   0.0595603
   0.0432734
   0.0227502
-6.58907e-11
  -0.0227502
  -0.0432734
  -0.0595603
   -0.070018
  -0.0736202
   -0.070018
  -0.0595603
  -0.0432734
  -0.0227502
 6.61603e-11
   0.0227502
   0.0432734
   0.0595603
    0.070018
   0.0736202
    0.070018
   0.0595603
   0.0432734
   0.0227502
-6.59902e-11
  -0.0227502
  -0.0432734
  -0.0595603
   -0.070018
  -0.0736202
   -0.070018
  -0.0595603
  -0.0432734
  -0.0227502
  6.6223e-11
   0.0227502
   0.0432734
   0.0595603
    0.070018
   0.0736202
    0.070018
   0.0595603
   0.0432734
   0.0227502
-6.61197e-11
  -0.0227502
  -0.0432734
  -0.0595603
   -0.070018
  -0.0736202
   -0.070018
  -0.0595603
  -0.0432734
  -0.0227502
 6.60505e-11
   0.0227502
   0.0432734
   0.0595603
    0.070018
   0.0736202
    0.070018
   0.0595603
   0.0432734
   0.0227502
-6.61907e-11
  -0.0227502
  -0.0432734
  -0.0595603
   -0.070018
  -0.0736202
   -0.070018
  -0.0595603
  -0.0432734
  -0.0227502
  6.6011e-11
   0.0227502
   0.0432734
   0.0595603
    0.070018
  -0.0375337
  -0.0356973
  -0.0303654
  -0.0220623
  -0.0115991
 3.35267e-11
   0.0115991
   0.0220623
   0.0303654
   0.0356973
   0.0375337
   0.0356973
   0.0303654
   0.0220623
   0.0115991
-3.38334e-11
  -0.0115991
  -0.0220623
  -0.0303654
  -0.0356973
  -0.0375337
  -0.0356973
  -0.0303654
  -0.0220623
  -0.0115991
 3.37066e-11
   0.0115991
   0.0220623
   0.0303654
   0.0356973
   0.0375337
   0.0356973
   0.0303654
   0.0220623
   0.0115991
-3.38047e-11
  -0.0115991
  -0.0220623
  -0.0303654
  -0.0356973
  -0.0477759
  -0.0454384
  -0.0386519
  -0.0280828
  -0.0147643
 4.28394e-11
   0.0147643
   0.0280828
   0.0386519
   0.0454384
   0.0477759
   0.0454384
   0.0386519
   0.0280828
   0.0147643
-4.28429e-11
  -0.0147643
  -0.0280828
  -0.0386519
  -0.0454384
  -0.0477759
  -0.0454384
  -0.0386519
  -0.0280828
  -0.0147643
 4.30311e-11
   0.0147643
   0.0280828
   0.0386519
   0.0454384
   0.0477759
   0.0454384
   0.0386519
   0.0280828
   0.0147643
-4.28031e-11
  -0.0147643
  -0.0280828
  -0.0386519
  -0.0454384
    0.031405
    0.029868
   0.0254067
    0.018459
  0.00970455
-2.81004e-11
 -0.00970455
   -0.018459
  -0.0254067
   -0.029868
   -0.031405
   -0.029868
  -0.0254067
   -0.018459
 -0.00970455
 2.83642e-11
  0.00970455
    0.018459
   0.0254067
    0.029868
    0.031405
    0.029868
   0.0254067
    0.018459
  0.00970455
-2.80279e-11
 -0.00970455
   -0.018459
  -0.0254067
   -0.029868
   -0.031405
   -0.029868
  -0.0254067
   -0.018459
 -0.00970455
 2.83708e-11
  0.00970455
    0.018459
   0.0254067
    0.029868
   0.0794661
   0.0755772
   0.0642891
   0.0467091
   0.0245567
-7.11481e-11
  -0.0245567
  -0.0467091
  -0.0642891
  -0.0755772
  -0.0794661
  -0.0755772
  -0.0642891
  -0.0467091
  -0.0245567
 7.14498e-11
   0.0245567
   0.0467091
   0.0642891
   0.0755772
   0.0794661
   0.0755772
   0.0642891
   0.0467091
   0.0245567
-7.12976e-11
  -0.0245567
  -0.0467091
  -0.0642891
  -0.0755772
  -0.0794661
  -0.0755772
  -0.0642891
  -0.0467091
  -0.0245567
 7.14558e-11
   0.0245567
   0.0467091
   0.0642891
   0.0755772
   0.0698275
   0.0664103
   0.0564917
   0.0410439
   0.0215783
-6.25472e-11
  -0.0215783
  -0.0410439
  -0.0564917
  -0.0664103
  -0.0698275
  -0.0664103
  -0.0564917
  -0.0410439
  -0.0215783
 6.26537e-11
   0.0215783
   0.0410439
   0.0564917
   0.0664103
   0.0698275
   0.0664103
   0.0564917
   0.0410439
   0.0215783
-6.26746e-11
  -0.0215783
  -0.0410439
  -0.0564917
  -0.0664103
  -0.0698275
  -0.0664103
  -0.0564917
  -0.0410439
  -0.0215783
 6.27205e-11
   0.0215783
   0.0410439
   0.0564917
   0.0664103
   0.0351401
   0.0334204
   0.0284291
   0.0206551
   0.0108592
-3.14452e-11
  -0.0108592
  -0.0206551
  -0.0284291
  -0.0334204
  -0.0351401
  -0.0334204
  -0.0284291
  -0.0206551
  -0.0108592
 3.16549e-11
   0.0108592
   0.0206551
   0.0284291
   0.0334204
   0.0351401
   0.0334204
   0.0284291
   0.0206551
   0.0108592
 -3.1587e-11
  -0.0108592
  -0.0206551
  -0.0284291
  -0.0334204
  -0.0351401
  -0.0334204
  -0.0284291
  -0.0206551
  -0.0108592
  3.1458e-11
   0.0108592
   0.0206551
   0.0284291
   0.0334204
  0.00299362
  0.00284708
  0.00242205
   0.0017598
  0.00092523
-2.69552e-12
 -0.00092523
  -0.0017598
 -0.00242205
 -0.00284708
 -0.00299362
 -0.00284708
 -0.00242205
  -0.0017598
 -0.00092523
 2.64274e-12
  0.00092523
   0.0017598
  0.00242205
  0.00284708
  0.00299362
  0.00284708
  0.00242205
   0.0017598
  0.00092523
-2.70939e-12
 -0.00092523
  -0.0017598
 -0.00242205
 -0.00284708
 -0.00299362
 -0.00284708
 -0.00242205
  -0.0017598
 -0.00092523
 2.61246e-12
  0.00092523
   0.0017598
  0.00242205
  0.00284708
  -0.0172135
  -0.0163711
  -0.0139259
  -0.0101177
  -0.0053192
 1.54706e-11
   0.0053192
   0.0101177
   0.0139259
   0.0163711
   0.0172135
   0.0163711
   0.0139259
   0.0101177
   0.0053192
-1.55281e-11
  -0.0053192
  -0.0101177
  -0.0139259
  -0.0163711
  -0.0172135
  -0.0163711
  -0.0139259
  -0.0101177
  -0.0053192
 1.54302e-11
   0.0053192
   0.0101177
   0.0139259
   0.0163711
   0.0172135
   0.0163711
   0.0139259
   0.0101177
   0.0053192
-1.54748e-11
  -0.0053192
  -0.0101177
  -0.0139259
  -0.0163711
  -0.0263502
  -0.0250607
  -0.0213177
  -0.0154882
 -0.00814266
 2.36308e-11
  0.00814266
   0.0154882
   0.0213177
   0.0250607
   0.0263502
   0.0250607
   0.0213177
   0.0154882
  0.00814266
-2.36816e-11
 -0.00814266
  -0.0154882
  -0.0213177
  -0.0250607
  -0.0263502
  -0.0250607
  -0.0213177
  -0.0154882
 -0.00814266
 2.36367e-11
  0.00814266
   0.0154882
   0.0213177
   0.0250607
   0.0263502
   0.0250607
   0.0213177
   0.0154882
  0.00814266
-2.37424e-11
 -0.00814266
  -0.0154882
  -0.0213177
  -0.0250607
  -0.0281834
  -0.0268041
  -0.0228008
  -0.0165657
 -0.00870916
 2.52814e-11
  0.00870916
   0.0165657
   0.0228008
   0.0268041
   0.0281834
   0.0268041
   0.0228008
   0.0165657
  0.00870916
-2.53014e-11
 -0.00870916
  -0.0165657
  -0.0228008
  -0.0268041
  -0.0281834
  -0.0268041
  -0.0228008
  -0.0165657
 -0.00870916
 2.52857e-11
  0.00870916
   0.0165657
   0.0228008
   0.0268041
   0.0281834
   0.0268041
   0.0228008
   0.0165657
  0.00870916
-2.53988e-11
 -0.00870916
  -0.0165657
  -0.0228008
  -0.0268041
  -0.0261294
  -0.0248506
  -0.0211391
  -0.0153585
 -0.00807445
 2.34298e-11
  0.00807445
   0.0153585
   0.0211391
   0.0248506
   0.0261294
   0.0248506
   0.0211391
   0.0153585
  0.00807445
-2.34563e-11
 -0.00807445
  -0.0153585
  -0.0211391
  -0.0248506
  -0.0261294
  -0.0248506
  -0.0211391
  -0.0153585
 -0.00807445
 2.34387e-11
  0.00807445
   0.0153585
   0.0211391
   0.0248506
   0.0261294
   0.0248506
   0.0211391
   0.0153585
  0.00807445
-2.34835e-11
 -0.00807445
  -0.0153585
  -0.0211391
  -0.0248506
