  0.00740265
  0.00598889
  0.00228754
 -0.00228757
 -0.00598888
 -0.00740269
 -0.00598888
 -0.00228757
  0.00228754
  0.00598889
  0.00740265
  0.00598889
  0.00228754
 -0.00228757
 -0.00598888
 -0.00740269
 -0.00598888
 -0.00228757
  0.00228754
  0.00598889
  0.00740265
  0.00598889
  0.00228754
 -0.00228757
 -0.00598888
 -0.00740269
 -0.00598888
 -0.00228757
  0.00228754
  0.00598889
  0.00740265
  0.00598889
  0.00228754
 -0.00228757
 -0.00598888
 -0.00740269
 -0.00598888
 -0.00228757
  0.00228754
  0.00598889
   0.0106746
  0.00863597
  0.00329863
 -0.00329867
 -0.00863596
  -0.0106747
 -0.00863596
 -0.00329867
  0.00329863
  0.00863597
   0.0106746
  0.00863597
  0.00329863
 -0.00329867
 -0.00863596
  -0.0106747
 -0.00863596
 -0.00329867
  0.00329863
  0.00863597
   0.0106746
  0.00863597
  0.00329863
 -0.00329867
 -0.00863596
  -0.0106747
 -0.00863596
 -0.00329867
  0.00329863
  0.00863597
   0.0106746
  0.00863597
  0.00329863
 -0.00329867
 -0.00863596
  -0.0106747
 -0.00863596
 -0.00329867
  0.00329863
  0.00863597
   0.0143892
   0.0116411
  0.00444648
 -0.00444655
  -0.0116411
  -0.0143893
  -0.0116411
 -0.00444655
  0.00444648
   0.0116411
   0.0143892
   0.0116411
  0.00444648
 -0.00444655
  -0.0116411
  -0.0143893
  -0.0116411
 -0.00444655
  0.00444648
   0.0116411
   0.0143892
   0.0116411
  0.00444648
 -0.00444655
  -0.0116411
  -0.0143893
  -0.0116411
 -0.00444655
  0.00444648
   0.0116411
   0.0143892
   0.0116411
  0.00444648
 -0.00444655
  -0.0116411
  -0.0143893
  -0.0116411
 -0.00444655
  0.00444648
   0.0116411
   0.0171061
   0.0138392
  0.00528604
 -0.00528614
  -0.0138392
  -0.0171063
  -0.0138392
 -0.00528614
  0.00528604
   0.0138392
   0.0171061
   0.0138392
  0.00528604
 -0.00528614
  -0.0138392
  -0.0171063
  -0.0138392
 -0.00528614
  0.00528604
   0.0138392
   0.0171061
   0.0138392
  0.00528604
 -0.00528614
  -0.0138392
  -0.0171063
  -0.0138392
 -0.00528614
  0.00528604
   0.0138392
   0.0171061
   0.0138392
  0.00528604
 -0.00528614
  -0.0138392
  -0.0171063
  -0.0138392
 -0.00528614
  0.00528604
   0.0138392
   0.0152686
   0.0123526
  0.00471821
 -0.00471834
  -0.0123527
  -0.0152688
  -0.0123527
 -0.00471834
  0.00471821
   0.0123526
   0.0152686
   0.0123526
  0.00471821
 -0.00471834
  -0.0123527
  -0.0152688
  -0.0123527
 -0.00471834
  0.00471821
   0.0123526
   0.0152686
   0.0123526
  0.00471821
 -0.00471834
  -0.0123527
  -0.0152688
  -0.0123527
 -0.00471834
  0.00471821
   0.0123526
   0.0152686
   0.0123526
  0.00471821
 -0.00471834
  -0.0123527
  -0.0152688
  -0.0123527
 -0.00471834
  0.00471821
   0.0123526
  0.00243001
    0.001966
 0.000750859
-0.000751006
 -0.00196608
 -0.00243027
 -0.00196608
-0.000751006
 0.000750859
    0.001966
  0.00243001
    0.001966
 0.000750859
-0.000751006
 -0.00196608
 -0.00243027
 -0.00196608
-0.000751006
 0.000750859
    0.001966
  0.00243001
    0.001966
 0.000750859
-0.000751006
 -0.00196608
 -0.00243027
 -0.00196608
-0.000751006
 0.000750859
    0.001966
  0.00243001
    0.001966
 0.000750859
-0.000751006
 -0.00196608
 -0.00243027
 -0.00196608
-0.000751006
 0.000750859
    0.001966
  -0.0283887
   -0.022967
 -0.00877264
  0.00877254
   0.0229668
   0.0283886
   0.0229668
  0.00877254
 -0.00877264
   -0.022967
  -0.0283887
   -0.022967
 -0.00877264
  0.00877254
   0.0229668
   0.0283886
   0.0229668
  0.00877254
 -0.00877264
   -0.022967
  -0.0283887
   -0.022967
 -0.00877264
  0.00877254
   0.0229668
   0.0283886
   0.0229668
  0.00877254
 -0.00877264
   -0.022967
  -0.0283887
   -0.022967
 -0.00877264
  0.00877254
   0.0229668
   0.0283886
   0.0229668
  0.00877254
 -0.00877264
   -0.022967
  -0.0731917
  -0.0592138
  -0.0226175
   0.0226176
   0.0592134
   0.0731921
   0.0592134
   0.0226176
  -0.0226175
  -0.0592138
  -0.0731917
  -0.0592138
  -0.0226175
   0.0226176
   0.0592134
   0.0731921
   0.0592134
   0.0226176
  -0.0226175
  -0.0592138
  -0.0731917
  -0.0592138
  -0.0226175
   0.0226176
   0.0592134
   0.0731921
   0.0592134
   0.0226176
  -0.0226175
  -0.0592138
  -0.0731917
  -0.0592138
  -0.0226175
   0.0226176
   0.0592134
   0.0731921
   0.0592134
   0.0226176
  -0.0226175
  -0.0592138
  -0.0965637
  -0.0781224
  -0.0298398
     0.02984
   0.0781219
   0.0965646
   0.0781219
     0.02984
  -0.0298398
  -0.0781224
  -0.0965637
  -0.0781224
  -0.0298398
     0.02984
   0.0781219
   0.0965646
   0.0781219
     0.02984
  -0.0298398
  -0.0781224
  -0.0965637
  -0.0781224
  -0.0298398
     0.02984
   0.0781219
   0.0965646
   0.0781219
     0.02984
  -0.0298398
  -0.0781224
  -0.0965637
  -0.0781224
  -0.0298398
     0.02984
   0.0781219
   0.0965646
   0.0781219
     0.02984
  -0.0298398
  -0.0781224
  -0.0423945
  -0.0342982
  -0.0131006
   0.0131007
    0.034298
    0.042395
    0.034298
   0.0131007
  -0.0131006
  -0.0342982
  -0.0423945
  -0.0342982
  -0.0131006
   0.0131007
    0.034298
    0.042395
    0.034298
   0.0131007
  -0.0131006
  -0.0342982
  -0.0423945
  -0.0342982
  -0.0131006
   0.0131007
    0.034298
    0.042395
    0.034298
   0.0131007
  -0.0131006
  -0.0342982
  -0.0423945
  -0.0342982
  -0.0131006
   0.0131007
    0.034298
    0.042395
    0.034298
   0.0131007
  -0.0131006
  -0.0342982
   0.0606938
    0.049103
   0.0187553
  -0.0187555
  -0.0491025
  -0.0606946
  -0.0491025
  -0.0187555
   0.0187553
    0.049103
   0.0606938
    0.049103
   0.0187553
  -0.0187555
  -0.0491025
  -0.0606946
  -0.0491025
  -0.0187555
   0.0187553
    0.049103
   0.0606938
    0.049103
   0.0187553
  -0.0187555
  -0.0491025
  -0.0606946
  -0.0491025
  -0.0187555
   0.0187553
    0.049103
   0.0606938
    0.049103
   0.0187553
  -0.0187555
  -0.0491025
  -0.0606946
  -0.0491025
  -0.0187555
   0.0187553
    0.049103
   0.0558907
   0.0452172
   0.0172711
  -0.0172713
  -0.0452167
  -0.0558915
  -0.0452167
  -0.0172713
   0.0172711
   0.0452172
   0.0558907
   0.0452172
   0.0172711
  -0.0172713
  -0.0452167
  -0.0558915
  -0.0452167
  -0.0172713
   0.0172711
   0.0452172
   0.0558907
   0.0452172
   0.0172711
  -0.0172713
  -0.0452167
  -0.0558915
  -0.0452167
  -0.0172713
   0.0172711
   0.0452172
   0.0558907
   0.0452172
   0.0172711
  -0.0172713
  -0.0452167
  -0.0558915
  -0.0452167
  -0.0172713
   0.0172711
   0.0452172
  -0.0558907
  -0.0452172
  -0.0172711
   0.0172713
   0.0452167
   0.0558915
   0.0452167
   0.0172713
  -0.0172711
  -0.0452172
  -0.0558907
  -0.0452172
  -0.0172711
   0.0172713
   0.0452167
   0.0558915
   0.0452167
   0.0172713
  -0.0172711
  -0.0452172
  -0.0558907
  -0.0452172
  -0.0172711
   0.0172713
   0.0452167
   0.0558915
   0.0452167
   0.0172713
  -0.0172711
  -0.0452172
  -0.0558907
  -0.0452172
  -0.0172711
   0.0172713
   0.0452167
   0.0558915
   0.0452167
   0.0172713
  -0.0172711
  -0.0452172
  -0.0606938
   -0.049103
  -0.0187553
   0.0187555
   0.0491025
   0.0606946
   0.0491025
   0.0187555
  -0.0187553
   -0.049103
  -0.0606938
   -0.049103
  -0.0187553
   0.0187555
   0.0491025
   0.0606946
   0.0491025
   0.0187555
  -0.0187553
   -0.049103
  -0.0606938
   -0.049103
  -0.0187553
   0.0187555
   0.0491025
   0.0606946
   0.0491025
   0.0187555
  -0.0187553
   -0.049103
  -0.0606938
   -0.049103
  -0.0187553
   0.0187555
   0.0491025
   0.0606946
   0.0491025
   0.0187555
  -0.0187553
   -0.049103
   0.0423945
   0.0342982
   0.0131006
  -0.0131007
   -0.034298
   -0.042395
   -0.034298
  -0.0131007
   0.0131006
   0.0342982
   0.0423945
   0.0342982
   0.0131006
  -0.0131007
   -0.034298
   -0.042395
   -0.034298
  -0.0131007
   0.0131006
   0.0342982
   0.0423945
   0.0342982
   0.0131006
  -0.0131007
   -0.034298
   -0.042395
   -0.034298
  -0.0131007
   0.0131006
   0.0342982
   0.0423945
   0.0342982
   0.0131006
  -0.0131007
   -0.034298
   -0.042395
   -0.034298
  -0.0131007
   0.0131006
   0.0342982
   0.0965637
   0.0781224
   0.0298398
    -0.02984
  -0.0781219
  -0.0965646
  -0.0781219
    -0.02984
   0.0298398
   0.0781224
   0.0965637
   0.0781224
   0.0298398
    -0.02984
  -0.0781219
  -0.0965646
  -0.0781219
    -0.02984
   0.0298398
   0.0781224
   0.0965637
   0.0781224
   0.0298398
    -0.02984
  -0.0781219
  -0.0965646
  -0.0781219
    -0.02984
   0.0298398
   0.0781224
   0.0965637
   0.0781224
   0.0298398
    -0.02984
  -0.0781219
  -0.0965646
  -0.0781219
    -0.02984
   0.0298398
   0.0781224
   0.0731917
   0.0592138
   0.0226175
  -0.0226176
  -0.0592134
  -0.0731921
  -0.0592134
  -0.0226176
   0.0226175
   0.0592138
   0.0731917
   0.0592138
   0.0226175
  -0.0226176
  -0.0592134
  -0.0731921
  -0.0592134
  -0.0226176
   0.0226175
   0.0592138
   0.0731917
   0.0592138
   0.0226175
  -0.0226176
  -0.0592134
  -0.0731921
  -0.0592134
  -0.0226176
   0.0226175
   0.0592138
   0.0731917
   0.0592138
   0.0226175
  -0.0226176
  -0.0592134
  -0.0731921
  -0.0592134
  -0.0226176
   0.0226175
   0.0592138
   0.0283887
    0.022967
  0.00877264
 -0.00877254
  -0.0229668
  -0.0283886
  -0.0229668
 -0.00877254
  0.00877264
    0.022967
   0.0283887
    0.022967
  0.00877264
 -0.00877254
  -0.0229668
  -0.0283886
  -0.0229668
 -0.00877254
  0.00877264
    0.022967
   0.0283887
    0.022967
  0.00877264
 -0.00877254
  -0.0229668
  -0.0283886
  -0.0229668
 -0.00877254
  0.00877264
    0.022967
   0.0283887
    0.022967
  0.00877264
 -0.00877254
  -0.0229668
  -0.0283886
  -0.0229668
 -0.00877254
  0.00877264
    0.022967
 -0.00243001
   -0.001966
-0.000750859
 0.000751006
  0.00196608
  0.00243027
  0.00196608
 0.000751006
-0.000750859
   -0.001966
 -0.00243001
   -0.001966
-0.000750859
 0.000751006
  0.00196608
  0.00243027
  0.00196608
 0.000751006
-0.000750859
   -0.001966
 -0.00243001
   -0.001966
-0.000750859
 0.000751006
  0.00196608
  0.00243027
  0.00196608
 0.000751006
-0.000750859
   -0.001966
 -0.00243001
   -0.001966
-0.000750859
 0.000751006
  0.00196608
  0.00243027
  0.00196608
 0.000751006
-0.000750859
   -0.001966
  -0.0152686
  -0.0123526
 -0.00471821
  0.00471834
   0.0123527
   0.0152688
   0.0123527
  0.00471834
 -0.00471821
  -0.0123526
  -0.0152686
  -0.0123526
 -0.00471821
  0.00471834
   0.0123527
   0.0152688
   0.0123527
  0.00471834
 -0.00471821
  -0.0123526
  -0.0152686
  -0.0123526
 -0.00471821
  0.00471834
   0.0123527
   0.0152688
   0.0123527
  0.00471834
 -0.00471821
  -0.0123526
  -0.0152686
  -0.0123526
 -0.00471821
  0.00471834
   0.0123527
   0.0152688
   0.0123527
  0.00471834
 -0.00471821
  -0.0123526
  -0.0171061
  -0.0138392
 -0.00528604
  0.00528614
   0.0138392
   0.0171063
   0.0138392
  0.00528614
 -0.00528604
  -0.0138392
  -0.0171061
  -0.0138392
 -0.00528604
  0.00528614
   0.0138392
   0.0171063
   0.0138392
  0.00528614
 -0.00528604
  -0.0138392
  -0.0171061
  -0.0138392
 -0.00528604
  0.00528614
   0.0138392
   0.0171063
   0.0138392
  0.00528614
 -0.00528604
  -0.0138392
  -0.0171061
  -0.0138392
 -0.00528604
  0.00528614
   0.0138392
   0.0171063
   0.0138392
  0.00528614
 -0.00528604
  -0.0138392
  -0.0143892
  -0.0116411
 -0.00444648
  0.00444655
   0.0116411
   0.0143893
   0.0116411
  0.00444655
 -0.00444648
  -0.0116411
  -0.0143892
  -0.0116411
 -0.00444648
  0.00444655
   0.0116411
   0.0143893
   0.0116411
  0.00444655
 -0.00444648
  -0.0116411
  -0.0143892
  -0.0116411
 -0.00444648
  0.00444655
   0.0116411
   0.0143893
   0.0116411
  0.00444655
 -0.00444648
  -0.0116411
  -0.0143892
  -0.0116411
 -0.00444648
  0.00444655
   0.0116411
   0.0143893
   0.0116411
  0.00444655
 -0.00444648
  -0.0116411
  -0.0106746
 -0.00863597
 -0.00329863
  0.00329867
  0.00863596
   0.0106747
  0.00863596
  0.00329867
 -0.00329863
 -0.00863597
  -0.0106746
 -0.00863597
 -0.00329863
  0.00329867
  0.00863596
   0.0106747
  0.00863596
  0.00329867
 -0.00329863
 -0.00863597
  -0.0106746
 -0.00863597
 -0.00329863
  0.00329867
  0.00863596
   0.0106747
  0.00863596
  0.00329867
 -0.00329863
 -0.00863597
  -0.0106746
 -0.00863597
 -0.00329863
  0.00329867
  0.00863596
   0.0106747
  0.00863596
  0.00329867
 -0.00329863
 -0.00863597
 -0.00740265
 -0.00598889
 -0.00228754
  0.00228757
  0.00598888
  0.00740269
  0.00598888
  0.00228757
 -0.00228754
 -0.00598889
 -0.00740265
 -0.00598889
 -0.00228754
  0.00228757
  0.00598888
  0.00740269
  0.00598888
  0.00228757
 -0.00228754
 -0.00598889
 -0.00740265
 -0.00598889
 -0.00228754
  0.00228757
  0.00598888
  0.00740269
  0.00598888
  0.00228757
 -0.00228754
 -0.00598889
 -0.00740265
 -0.00598889
 -0.00228754
  0.00228757
  0.00598888
  0.00740269
  0.00598888
  0.00228757
 -0.00228754
 -0.00598889
