 -0.00179369
  -0.0017937
 -0.00179368
 -0.00179369
  -0.0017937
 -0.00179371
  -0.0017937
 -0.00179369
 -0.00179368
  -0.0017937
 -0.00179369
  -0.0017937
 -0.00179368
 -0.00179369
  -0.0017937
 -0.00179371
  -0.0017937
 -0.00179369
 -0.00179368
  -0.0017937
 -0.00179369
  -0.0017937
 -0.00179368
 -0.00179369
  -0.0017937
 -0.00179371
  -0.0017937
 -0.00179369
 -0.00179368
  -0.0017937
 -0.00179369
  -0.0017937
 -0.00179368
 -0.00179369
  -0.0017937
 -0.00179371
  -0.0017937
 -0.00179369
 -0.00179368
  -0.0017937
 -0.00122898
   -0.001229
 -0.00122897
 -0.00122898
 -0.00122899
   -0.001229
 -0.00122899
 -0.00122898
 -0.00122897
   -0.001229
 -0.00122898
   -0.001229
 -0.00122897
 -0.00122898
 -0.00122899
   -0.001229
 -0.00122899
 -0.00122898
 -0.00122897
   -0.001229
 -0.00122898
   -0.001229
 -0.00122897
 -0.00122898
 -0.00122899
   -0.001229
 -0.00122899
 -0.00122898
 -0.00122897
   -0.001229
 -0.00122898
   -0.001229
 -0.00122897
 -0.00122898
 -0.00122899
   -0.001229
 -0.00122899
 -0.00122898
 -0.00122897
   -0.001229
-0.000131793
-0.000131813
-0.000131784
-0.000131799
-0.000131806
-0.000131818
-0.000131806
-0.000131799
-0.000131784
-0.000131813
-0.000131793
-0.000131813
-0.000131784
-0.000131799
-0.000131806
-0.000131818
-0.000131806
-0.000131799
-0.000131784
-0.000131813
-0.000131793
-0.000131813
-0.000131784
-0.000131799
-0.000131806
-0.000131818
-0.000131806
-0.000131799
-0.000131784
-0.000131813
-0.000131793
-0.000131813
-0.000131784
-0.000131799
-0.000131806
-0.000131818
-0.000131806
-0.000131799
-0.000131784
-0.000131813
  0.00186907
  0.00186905
  0.00186908
  0.00186906
  0.00186905
  0.00186904
  0.00186905
  0.00186906
  0.00186908
  0.00186905
  0.00186907
  0.00186905
  0.00186908
  0.00186906
  0.00186905
  0.00186904
  0.00186905
  0.00186906
  0.00186908
  0.00186905
  0.00186907
  0.00186905
  0.00186908
  0.00186906
  0.00186905
  0.00186904
  0.00186905
  0.00186906
  0.00186908
  0.00186905
  0.00186907
  0.00186905
  0.00186908
  0.00186906
  0.00186905
  0.00186904
  0.00186905
  0.00186906
  0.00186908
  0.00186905
  0.00537989
  0.00537986
   0.0053799
  0.00537988
  0.00537987
  0.00537986
  0.00537987
  0.00537988
   0.0053799
  0.00537986
  0.00537989
  0.00537986
   0.0053799
  0.00537988
  0.00537987
  0.00537986
  0.00537987
  0.00537988
   0.0053799
  0.00537986
  0.00537989
  0.00537986
   0.0053799
  0.00537988
  0.00537987
  0.00537986
  0.00537987
  0.00537988
   0.0053799
  0.00537986
  0.00537989
  0.00537986
   0.0053799
  0.00537988
  0.00537987
  0.00537986
  0.00537987
  0.00537988
   0.0053799
  0.00537986
   0.0113231
    0.011323
   0.0113231
    0.011323
    0.011323
    0.011323
    0.011323
    0.011323
   0.0113231
    0.011323
   0.0113231
    0.011323
   0.0113231
    0.011323
    0.011323
    0.011323
    0.011323
    0.011323
   0.0113231
    0.011323
   0.0113231
    0.011323
   0.0113231
    0.011323
    0.011323
    0.011323
    0.011323
    0.011323
   0.0113231
    0.011323
   0.0113231
    0.011323
   0.0113231
    0.011323
    0.011323
    0.011323
    0.011323
    0.011323
   0.0113231
    0.011323
   0.0208735
   0.0208735
   0.0208735
   0.0208735
   0.0208735
   0.0208735
   0.0208735
   0.0208735
   0.0208735
   0.0208735
   0.0208735
   0.0208735
   0.0208735
   0.0208735
   0.0208735
   0.0208735
   0.0208735
   0.0208735
   0.0208735
   0.0208735
   0.0208735
   0.0208735
   0.0208735
   0.0208735
   0.0208735
   0.0208735
   0.0208735
   0.0208735
   0.0208735
   0.0208735
   0.0208735
   0.0208735
   0.0208735
   0.0208735
   0.0208735
   0.0208735
   0.0208735
   0.0208735
   0.0208735
   0.0208735
   0.0348349
   0.0348349
   0.0348348
   0.0348349
   0.0348349
   0.0348349
   0.0348349
   0.0348349
   0.0348348
   0.0348349
   0.0348349
   0.0348349
   0.0348348
   0.0348349
   0.0348349
   0.0348349
   0.0348349
   0.0348349
   0.0348348
   0.0348349
   0.0348349
   0.0348349
   0.0348348
   0.0348349
   0.0348349
   0.0348349
   0.0348349
   0.0348349
   0.0348348
   0.0348349
   0.0348349
   0.0348349
   0.0348348
   0.0348349
   0.0348349
   0.0348349
   0.0348349
   0.0348349
   0.0348348
   0.0348349
   0.0516611
   0.0516612
    0.051661
   0.0516611
   0.0516612
   0.0516613
   0.0516612
   0.0516611
    0.051661
   0.0516612
   0.0516611
   0.0516612
    0.051661
   0.0516611
   0.0516612
   0.0516613
   0.0516612
   0.0516611
    0.051661
   0.0516612
   0.0516611
   0.0516612
    0.051661
   0.0516611
   0.0516612
   0.0516613
   0.0516612
   0.0516611
    0.051661
   0.0516612
   0.0516611
   0.0516612
    0.051661
   0.0516611
   0.0516612
   0.0516613
   0.0516612
   0.0516611
    0.051661
   0.0516612
   0.0639761
   0.0639764
    0.063976
   0.0639762
   0.0639763
   0.0639765
   0.0639763
   0.0639762
    0.063976
   0.0639764
   0.0639761
   0.0639764
    0.063976
   0.0639762
   0.0639763
   0.0639765
   0.0639763
   0.0639762
    0.063976
   0.0639764
   0.0639761
   0.0639764
    0.063976
   0.0639762
   0.0639763
   0.0639765
   0.0639763
   0.0639762
    0.063976
   0.0639764
   0.0639761
   0.0639764
    0.063976
   0.0639762
   0.0639763
   0.0639765
   0.0639763
   0.0639762
    0.063976
   0.0639764
   0.0578383
   0.0578386
   0.0578382
   0.0578384
   0.0578385
   0.0578387
   0.0578385
   0.0578384
   0.0578382
   0.0578386
   0.0578383
   0.0578386
   0.0578382
   0.0578384
   0.0578385
   0.0578387
   0.0578385
   0.0578384
   0.0578382
   0.0578386
   0.0578383
   0.0578386
   0.0578382
   0.0578384
   0.0578385
   0.0578387
   0.0578385
   0.0578384
   0.0578382
   0.0578386
   0.0578383
   0.0578386
   0.0578382
   0.0578384
   0.0578385
   0.0578387
   0.0578385
   0.0578384
   0.0578382
   0.0578386
   0.0240481
   0.0240483
   0.0240481
   0.0240482
   0.0240482
   0.0240483
   0.0240482
   0.0240482
   0.0240481
   0.0240483
   0.0240481
   0.0240483
   0.0240481
   0.0240482
   0.0240482
   0.0240483
   0.0240482
   0.0240482
   0.0240481
   0.0240483
   0.0240481
   0.0240483
   0.0240481
   0.0240482
   0.0240482
   0.0240483
   0.0240482
   0.0240482
   0.0240481
   0.0240483
   0.0240481
   0.0240483
   0.0240481
   0.0240482
   0.0240482
   0.0240483
   0.0240482
   0.0240482
   0.0240481
   0.0240483
  -0.0240481
  -0.0240483
  -0.0240481
  -0.0240482
  -0.0240482
  -0.0240483
  -0.0240482
  -0.0240482
  -0.0240481
  -0.0240483
  -0.0240481
  -0.0240483
  -0.0240481
  -0.0240482
  -0.0240482
  -0.0240483
  -0.0240482
  -0.0240482
  -0.0240481
  -0.0240483
  -0.0240481
  -0.0240483
  -0.0240481
  -0.0240482
  -0.0240482
  -0.0240483
  -0.0240482
  -0.0240482
  -0.0240481
  -0.0240483
  -0.0240481
  -0.0240483
  -0.0240481
  -0.0240482
  -0.0240482
  -0.0240483
  -0.0240482
  -0.0240482
  -0.0240481
  -0.0240483
  -0.0578383
  -0.0578386
  -0.0578382
  -0.0578384
  -0.0578385
  -0.0578387
  -0.0578385
  -0.0578384
  -0.0578382
  -0.0578386
  -0.0578383
  -0.0578386
  -0.0578382
  -0.0578384
  -0.0578385
  -0.0578387
  -0.0578385
  -0.0578384
  -0.0578382
  -0.0578386
  -0.0578383
  -0.0578386
  -0.0578382
  -0.0578384
  -0.0578385
  -0.0578387
  -0.0578385
  -0.0578384
  -0.0578382
  -0.0578386
  -0.0578383
  -0.0578386
  -0.0578382
  -0.0578384
  -0.0578385
  -0.0578387
  -0.0578385
  -0.0578384
  -0.0578382
  -0.0578386
  -0.0639761
  -0.0639764
   -0.063976
  -0.0639762
  -0.0639763
  -0.0639765
  -0.0639763
  -0.0639762
   -0.063976
  -0.0639764
  -0.0639761
  -0.0639764
   -0.063976
  -0.0639762
  -0.0639763
  -0.0639765
  -0.0639763
  -0.0639762
   -0.063976
  -0.0639764
  -0.0639761
  -0.0639764
   -0.063976
  -0.0639762
  -0.0639763
  -0.0639765
  -0.0639763
  -0.0639762
   -0.063976
  -0.0639764
  -0.0639761
  -0.0639764
   -0.063976
  -0.0639762
  -0.0639763
  -0.0639765
  -0.0639763
  -0.0639762
   -0.063976
  -0.0639764
  -0.0516611
  -0.0516612
   -0.051661
  -0.0516611
  -0.0516612
  -0.0516613
  -0.0516612
  -0.0516611
   -0.051661
  -0.0516612
  -0.0516611
  -0.0516612
   -0.051661
  -0.0516611
  -0.0516612
  -0.0516613
  -0.0516612
  -0.0516611
   -0.051661
  -0.0516612
  -0.0516611
  -0.0516612
   -0.051661
  -0.0516611
  -0.0516612
  -0.0516613
  -0.0516612
  -0.0516611
   -0.051661
  -0.0516612
  -0.0516611
  -0.0516612
   -0.051661
  -0.0516611
  -0.0516612
  -0.0516613
  -0.0516612
  -0.0516611
   -0.051661
  -0.0516612
  -0.0348349
  -0.0348349
  -0.0348348
  -0.0348349
  -0.0348349
  -0.0348349
  -0.0348349
  -0.0348349
  -0.0348348
  -0.0348349
  -0.0348349
  -0.0348349
  -0.0348348
  -0.0348349
  -0.0348349
  -0.0348349
  -0.0348349
  -0.0348349
  -0.0348348
  -0.0348349
  -0.0348349
  -0.0348349
  -0.0348348
  -0.0348349
  -0.0348349
  -0.0348349
  -0.0348349
  -0.0348349
  -0.0348348
  -0.0348349
  -0.0348349
  -0.0348349
  -0.0348348
  -0.0348349
  -0.0348349
  -0.0348349
  -0.0348349
  -0.0348349
  -0.0348348
  -0.0348349
  -0.0208735
  -0.0208735
  -0.0208735
  -0.0208735
  -0.0208735
  -0.0208735
  -0.0208735
  -0.0208735
  -0.0208735
  -0.0208735
  -0.0208735
  -0.0208735
  -0.0208735
  -0.0208735
  -0.0208735
  -0.0208735
  -0.0208735
  -0.0208735
  -0.0208735
  -0.0208735
  -0.0208735
  -0.0208735
  -0.0208735
  -0.0208735
  -0.0208735
  -0.0208735
  -0.0208735
  -0.0208735
  -0.0208735
  -0.0208735
  -0.0208735
  -0.0208735
  -0.0208735
  -0.0208735
  -0.0208735
  -0.0208735
  -0.0208735
  -0.0208735
  -0.0208735
  -0.0208735
  -0.0113231
   -0.011323
  -0.0113231
   -0.011323
   -0.011323
   -0.011323
   -0.011323
   -0.011323
  -0.0113231
   -0.011323
  -0.0113231
   -0.011323
  -0.0113231
   -0.011323
   -0.011323
   -0.011323
   -0.011323
   -0.011323
  -0.0113231
   -0.011323
  -0.0113231
   -0.011323
  -0.0113231
   -0.011323
   -0.011323
   -0.011323
   -0.011323
   -0.011323
  -0.0113231
   -0.011323
  -0.0113231
   -0.011323
  -0.0113231
   -0.011323
   -0.011323
   -0.011323
   -0.011323
   -0.011323
  -0.0113231
   -0.011323
 -0.00537989
 -0.00537986
  -0.0053799
 -0.00537988
 -0.00537987
 -0.00537986
 -0.00537987
 -0.00537988
  -0.0053799
 -0.00537986
 -0.00537989
 -0.00537986
  -0.0053799
 -0.00537988
 -0.00537987
 -0.00537986
 -0.00537987
 -0.00537988
  -0.0053799
 -0.00537986
 -0.00537989
 -0.00537986
  -0.0053799
 -0.00537988
 -0.00537987
 -0.00537986
 -0.00537987
 -0.00537988
  -0.0053799
 -0.00537986
 -0.00537989
 -0.00537986
  -0.0053799
 -0.00537988
 -0.00537987
 -0.00537986
 -0.00537987
 -0.00537988
  -0.0053799
 -0.00537986
 -0.00186907
 -0.00186905
 -0.00186908
 -0.00186906
 -0.00186905
 -0.00186904
 -0.00186905
 -0.00186906
 -0.00186908
 -0.00186905
 -0.00186907
 -0.00186905
 -0.00186908
 -0.00186906
 -0.00186905
 -0.00186904
 -0.00186905
 -0.00186906
 -0.00186908
 -0.00186905
 -0.00186907
 -0.00186905
 -0.00186908
 -0.00186906
 -0.00186905
 -0.00186904
 -0.00186905
 -0.00186906
 -0.00186908
 -0.00186905
 -0.00186907
 -0.00186905
 -0.00186908
 -0.00186906
 -0.00186905
 -0.00186904
 -0.00186905
 -0.00186906
 -0.00186908
 -0.00186905
 0.000131793
 0.000131813
 0.000131784
 0.000131799
 0.000131806
 0.000131818
 0.000131806
 0.000131799
 0.000131784
 0.000131813
 0.000131793
 0.000131813
 0.000131784
 0.000131799
 0.000131806
 0.000131818
 0.000131806
 0.000131799
 0.000131784
 0.000131813
 0.000131793
 0.000131813
 0.000131784
 0.000131799
 0.000131806
 0.000131818
 0.000131806
 0.000131799
 0.000131784
 0.000131813
 0.000131793
 0.000131813
 0.000131784
 0.000131799
 0.000131806
 0.000131818
 0.000131806
 0.000131799
 0.000131784
 0.000131813
  0.00122898
    0.001229
  0.00122897
  0.00122898
  0.00122899
    0.001229
  0.00122899
  0.00122898
  0.00122897
    0.001229
  0.00122898
    0.001229
  0.00122897
  0.00122898
  0.00122899
    0.001229
  0.00122899
  0.00122898
  0.00122897
    0.001229
  0.00122898
    0.001229
  0.00122897
  0.00122898
  0.00122899
    0.001229
  0.00122899
  0.00122898
  0.00122897
    0.001229
  0.00122898
    0.001229
  0.00122897
  0.00122898
  0.00122899
    0.001229
  0.00122899
  0.00122898
  0.00122897
    0.001229
  0.00179369
   0.0017937
  0.00179368
  0.00179369
   0.0017937
  0.00179371
   0.0017937
  0.00179369
  0.00179368
   0.0017937
  0.00179369
   0.0017937
  0.00179368
  0.00179369
   0.0017937
  0.00179371
   0.0017937
  0.00179369
  0.00179368
   0.0017937
  0.00179369
   0.0017937
  0.00179368
  0.00179369
   0.0017937
  0.00179371
   0.0017937
  0.00179369
  0.00179368
   0.0017937
  0.00179369
   0.0017937
  0.00179368
  0.00179369
   0.0017937
  0.00179371
   0.0017937
  0.00179369
  0.00179368
   0.0017937
