 2.30614e-12
  0.00435119
  0.00704036
  0.00704037
  0.00435121
-2.34233e-12
 -0.00435121
 -0.00704037
 -0.00704036
 -0.00435119
 2.33165e-12
  0.00435119
  0.00704036
  0.00704037
  0.00435121
-2.28324e-12
 -0.00435121
 -0.00704037
 -0.00704036
 -0.00435119
 2.34635e-12
  0.00435119
  0.00704036
  0.00704037
  0.00435121
-2.32354e-12
 -0.00435121
 -0.00704037
 -0.00704036
 -0.00435119
 2.31353e-12
  0.00435119
  0.00704036
  0.00704037
  0.00435121
-2.32566e-12
 -0.00435121
 -0.00704037
 -0.00704036
 -0.00435119
  3.3446e-12
  0.00627441
   0.0101522
   0.0101522
  0.00627444
 -3.3464e-12
 -0.00627444
  -0.0101522
  -0.0101522
 -0.00627441
 3.35299e-12
  0.00627441
   0.0101522
   0.0101522
  0.00627444
-3.31882e-12
 -0.00627444
  -0.0101522
  -0.0101522
 -0.00627441
 3.37397e-12
  0.00627441
   0.0101522
   0.0101522
  0.00627444
 -3.3574e-12
 -0.00627444
  -0.0101522
  -0.0101522
 -0.00627441
 3.36555e-12
  0.00627441
   0.0101522
   0.0101522
  0.00627444
-3.35852e-12
 -0.00627444
  -0.0101522
  -0.0101522
 -0.00627441
 4.52058e-12
  0.00845779
   0.0136849
    0.013685
  0.00845783
-4.53388e-12
 -0.00845783
   -0.013685
  -0.0136849
 -0.00845779
 4.50226e-12
  0.00845779
   0.0136849
    0.013685
  0.00845783
-4.50237e-12
 -0.00845783
   -0.013685
  -0.0136849
 -0.00845779
 4.51998e-12
  0.00845779
   0.0136849
    0.013685
  0.00845783
 -4.5062e-12
 -0.00845783
   -0.013685
  -0.0136849
 -0.00845779
 4.55303e-12
  0.00845779
   0.0136849
    0.013685
  0.00845783
-4.54433e-12
 -0.00845783
   -0.013685
  -0.0136849
 -0.00845779
 5.35636e-12
   0.0100548
   0.0162689
    0.016269
   0.0100548
-5.39125e-12
  -0.0100548
   -0.016269
  -0.0162689
  -0.0100548
   5.364e-12
   0.0100548
   0.0162689
    0.016269
   0.0100548
-5.34871e-12
  -0.0100548
   -0.016269
  -0.0162689
  -0.0100548
 5.35861e-12
   0.0100548
   0.0162689
    0.016269
   0.0100548
-5.33312e-12
  -0.0100548
   -0.016269
  -0.0162689
  -0.0100548
 5.38755e-12
   0.0100548
   0.0162689
    0.016269
   0.0100548
-5.38897e-12
  -0.0100548
   -0.016269
  -0.0162689
  -0.0100548
 4.76049e-12
  0.00897473
   0.0145213
   0.0145214
  0.00897477
-4.79069e-12
 -0.00897477
  -0.0145214
  -0.0145213
 -0.00897473
 4.77131e-12
  0.00897473
   0.0145213
   0.0145214
  0.00897477
-4.75542e-12
 -0.00897477
  -0.0145214
  -0.0145213
 -0.00897473
 4.79615e-12
  0.00897473
   0.0145213
   0.0145214
  0.00897477
-4.71428e-12
 -0.00897477
  -0.0145214
  -0.0145213
 -0.00897473
 4.77783e-12
  0.00897473
   0.0145213
   0.0145214
  0.00897477
-4.81687e-12
 -0.00897477
  -0.0145214
  -0.0145213
 -0.00897473
 7.63237e-13
  0.00142839
  0.00231106
  0.00231117
  0.00142841
-7.21782e-13
 -0.00142841
 -0.00231117
 -0.00231106
 -0.00142839
 7.25983e-13
  0.00142839
  0.00231106
  0.00231117
  0.00142841
-7.54694e-13
 -0.00142841
 -0.00231117
 -0.00231106
 -0.00142839
  7.7421e-13
  0.00142839
  0.00231106
  0.00231117
  0.00142841
-7.91836e-13
 -0.00142841
 -0.00231117
 -0.00231106
 -0.00142839
 7.95874e-13
  0.00142839
  0.00231106
  0.00231117
  0.00142841
-7.96503e-13
 -0.00142841
 -0.00231117
 -0.00231106
 -0.00142839
-8.86616e-12
  -0.0166865
  -0.0269993
  -0.0269993
  -0.0166865
 8.91909e-12
   0.0166865
   0.0269993
   0.0269993
   0.0166865
-8.87535e-12
  -0.0166865
  -0.0269993
  -0.0269993
  -0.0166865
 8.84189e-12
   0.0166865
   0.0269993
   0.0269993
   0.0166865
-8.80971e-12
  -0.0166865
  -0.0269993
  -0.0269993
  -0.0166865
 8.85619e-12
   0.0166865
   0.0269993
   0.0269993
   0.0166865
-8.95542e-12
  -0.0166865
  -0.0269993
  -0.0269993
  -0.0166865
 8.91955e-12
   0.0166865
   0.0269993
   0.0269993
   0.0166865
-2.29464e-11
  -0.0430214
  -0.0696095
  -0.0696098
  -0.0430214
  2.2983e-11
   0.0430214
   0.0696098
   0.0696095
   0.0430214
 -2.2992e-11
  -0.0430214
  -0.0696095
  -0.0696098
  -0.0430214
 2.30038e-11
   0.0430214
   0.0696098
   0.0696095
   0.0430214
-2.29723e-11
  -0.0430214
  -0.0696095
  -0.0696098
  -0.0430214
 2.29908e-11
   0.0430214
   0.0696098
   0.0696095
   0.0430214
-2.29993e-11
  -0.0430214
  -0.0696095
  -0.0696098
  -0.0430214
 2.29858e-11
   0.0430214
   0.0696098
   0.0696095
   0.0430214
-3.02652e-11
  -0.0567592
  -0.0918375
   -0.091838
  -0.0567594
 3.02987e-11
   0.0567594
    0.091838
   0.0918375
   0.0567592
-3.02484e-11
  -0.0567592
  -0.0918375
   -0.091838
  -0.0567594
 3.02643e-11
   0.0567594
    0.091838
   0.0918375
   0.0567592
-3.02934e-11
  -0.0567592
  -0.0918375
   -0.091838
  -0.0567594
 3.02454e-11
   0.0567594
    0.091838
   0.0918375
   0.0567592
 -3.0272e-11
  -0.0567592
  -0.0918375
   -0.091838
  -0.0567594
 3.03054e-11
   0.0567594
    0.091838
   0.0918375
   0.0567592
-1.32022e-11
  -0.0249189
  -0.0403194
  -0.0403198
  -0.0249192
 1.33566e-11
   0.0249192
   0.0403198
   0.0403194
   0.0249189
-1.32625e-11
  -0.0249189
  -0.0403194
  -0.0403198
  -0.0249192
 1.31665e-11
   0.0249192
   0.0403198
   0.0403194
   0.0249189
-1.33646e-11
  -0.0249189
  -0.0403194
  -0.0403198
  -0.0249192
 1.33076e-11
   0.0249192
   0.0403198
   0.0403194
   0.0249189
-1.31752e-11
  -0.0249189
  -0.0403194
  -0.0403198
  -0.0249192
 1.32603e-11
   0.0249192
   0.0403198
   0.0403194
   0.0249189
 1.89543e-11
   0.0356758
   0.0577233
   0.0577236
   0.0356754
-1.90288e-11
  -0.0356754
  -0.0577236
  -0.0577233
  -0.0356758
 1.90814e-11
   0.0356758
   0.0577233
   0.0577236
   0.0356754
-1.90664e-11
  -0.0356754
  -0.0577236
  -0.0577233
  -0.0356758
 1.89032e-11
   0.0356758
   0.0577233
   0.0577236
   0.0356754
-1.90273e-11
  -0.0356754
  -0.0577236
  -0.0577233
  -0.0356758
 1.91145e-11
   0.0356758
   0.0577233
   0.0577236
   0.0356754
-1.90045e-11
  -0.0356754
  -0.0577236
  -0.0577233
  -0.0356758
 1.75011e-11
   0.0328524
   0.0531552
   0.0531556
   0.0328522
-1.74561e-11
  -0.0328522
  -0.0531556
  -0.0531552
  -0.0328524
 1.76211e-11
   0.0328524
   0.0531552
   0.0531556
   0.0328522
-1.75759e-11
  -0.0328522
  -0.0531556
  -0.0531552
  -0.0328524
 1.74948e-11
   0.0328524
   0.0531552
   0.0531556
   0.0328522
-1.75541e-11
  -0.0328522
  -0.0531556
  -0.0531552
  -0.0328524
 1.75942e-11
   0.0328524
   0.0531552
   0.0531556
   0.0328522
-1.75899e-11
  -0.0328522
  -0.0531556
  -0.0531552
  -0.0328524
-1.74582e-11
  -0.0328524
  -0.0531552
  -0.0531556
  -0.0328522
  1.7498e-11
   0.0328522
   0.0531556
   0.0531552
   0.0328524
-1.75042e-11
  -0.0328524
  -0.0531552
  -0.0531556
  -0.0328522
 1.76244e-11
   0.0328522
   0.0531556
   0.0531552
   0.0328524
 -1.7521e-11
  -0.0328524
  -0.0531552
  -0.0531556
  -0.0328522
 1.74147e-11
   0.0328522
   0.0531556
   0.0531552
   0.0328524
-1.75936e-11
  -0.0328524
  -0.0531552
  -0.0531556
  -0.0328522
 1.75115e-11
   0.0328522
   0.0531556
   0.0531552
   0.0328524
-1.89309e-11
  -0.0356758
  -0.0577233
  -0.0577236
  -0.0356754
 1.89966e-11
   0.0356754
   0.0577236
   0.0577233
   0.0356758
-1.91315e-11
  -0.0356758
  -0.0577233
  -0.0577236
  -0.0356754
 1.89906e-11
   0.0356754
   0.0577236
   0.0577233
   0.0356758
  -1.891e-11
  -0.0356758
  -0.0577233
  -0.0577236
  -0.0356754
 1.89717e-11
   0.0356754
   0.0577236
   0.0577233
   0.0356758
-1.91077e-11
  -0.0356758
  -0.0577233
  -0.0577236
  -0.0356754
 1.91068e-11
   0.0356754
   0.0577236
   0.0577233
   0.0356758
 1.34406e-11
   0.0249189
   0.0403194
   0.0403198
   0.0249192
-1.33859e-11
  -0.0249192
  -0.0403198
  -0.0403194
  -0.0249189
 1.32218e-11
   0.0249189
   0.0403194
   0.0403198
   0.0249192
-1.33229e-11
  -0.0249192
  -0.0403198
  -0.0403194
  -0.0249189
 1.32388e-11
   0.0249189
   0.0403194
   0.0403198
   0.0249192
-1.33569e-11
  -0.0249192
  -0.0403198
  -0.0403194
  -0.0249189
 1.33683e-11
   0.0249189
   0.0403194
   0.0403198
   0.0249192
-1.32122e-11
  -0.0249192
  -0.0403198
  -0.0403194
  -0.0249189
  3.0297e-11
   0.0567592
   0.0918375
    0.091838
   0.0567594
-3.03794e-11
  -0.0567594
   -0.091838
  -0.0918375
  -0.0567592
 3.02543e-11
   0.0567592
   0.0918375
    0.091838
   0.0567594
-3.03238e-11
  -0.0567594
   -0.091838
  -0.0918375
  -0.0567592
 3.02807e-11
   0.0567592
   0.0918375
    0.091838
   0.0567594
-3.03193e-11
  -0.0567594
   -0.091838
  -0.0918375
  -0.0567592
  3.0253e-11
   0.0567592
   0.0918375
    0.091838
   0.0567594
-3.02392e-11
  -0.0567594
   -0.091838
  -0.0918375
  -0.0567592
 2.28952e-11
   0.0430214
   0.0696095
   0.0696098
   0.0430214
-2.29644e-11
  -0.0430214
  -0.0696098
  -0.0696095
  -0.0430214
  2.2954e-11
   0.0430214
   0.0696095
   0.0696098
   0.0430214
-2.29642e-11
  -0.0430214
  -0.0696098
  -0.0696095
  -0.0430214
 2.29486e-11
   0.0430214
   0.0696095
   0.0696098
   0.0430214
-2.30024e-11
  -0.0430214
  -0.0696098
  -0.0696095
  -0.0430214
 2.30095e-11
   0.0430214
   0.0696095
   0.0696098
   0.0430214
-2.28993e-11
  -0.0430214
  -0.0696098
  -0.0696095
  -0.0430214
 8.82637e-12
   0.0166865
   0.0269993
   0.0269993
   0.0166865
-8.92085e-12
  -0.0166865
  -0.0269993
  -0.0269993
  -0.0166865
 9.08661e-12
   0.0166865
   0.0269993
   0.0269993
   0.0166865
-8.92532e-12
  -0.0166865
  -0.0269993
  -0.0269993
  -0.0166865
 8.91119e-12
   0.0166865
   0.0269993
   0.0269993
   0.0166865
-8.91879e-12
  -0.0166865
  -0.0269993
  -0.0269993
  -0.0166865
 8.89058e-12
   0.0166865
   0.0269993
   0.0269993
   0.0166865
-8.91865e-12
  -0.0166865
  -0.0269993
  -0.0269993
  -0.0166865
 -8.7545e-13
 -0.00142839
 -0.00231106
 -0.00231117
 -0.00142841
 6.61452e-13
  0.00142841
  0.00231117
  0.00231106
  0.00142839
-7.12035e-13
 -0.00142839
 -0.00231106
 -0.00231117
 -0.00142841
 7.81204e-13
  0.00142841
  0.00231117
  0.00231106
  0.00142839
-7.90246e-13
 -0.00142839
 -0.00231106
 -0.00231117
 -0.00142841
 7.85635e-13
  0.00142841
  0.00231117
  0.00231106
  0.00142839
-6.95099e-13
 -0.00142839
 -0.00231106
 -0.00231117
 -0.00142841
 7.96283e-13
  0.00142841
  0.00231117
  0.00231106
  0.00142839
-4.82923e-12
 -0.00897473
  -0.0145213
  -0.0145214
 -0.00897477
 4.77234e-12
  0.00897477
   0.0145214
   0.0145213
  0.00897473
-4.87118e-12
 -0.00897473
  -0.0145213
  -0.0145214
 -0.00897477
 4.86068e-12
  0.00897477
   0.0145214
   0.0145213
  0.00897473
-4.80255e-12
 -0.00897473
  -0.0145213
  -0.0145214
 -0.00897477
  4.8242e-12
  0.00897477
   0.0145214
   0.0145213
  0.00897473
 -4.8283e-12
 -0.00897473
  -0.0145213
  -0.0145214
 -0.00897477
 4.76724e-12
  0.00897477
   0.0145214
   0.0145213
  0.00897473
-5.32556e-12
  -0.0100548
  -0.0162689
   -0.016269
  -0.0100548
 5.34047e-12
   0.0100548
    0.016269
   0.0162689
   0.0100548
-5.42164e-12
  -0.0100548
  -0.0162689
   -0.016269
  -0.0100548
 5.40091e-12
   0.0100548
    0.016269
   0.0162689
   0.0100548
 -5.3382e-12
  -0.0100548
  -0.0162689
   -0.016269
  -0.0100548
 5.39869e-12
   0.0100548
    0.016269
   0.0162689
   0.0100548
-5.41896e-12
  -0.0100548
  -0.0162689
   -0.016269
  -0.0100548
 5.29249e-12
   0.0100548
    0.016269
   0.0162689
   0.0100548
-4.45148e-12
 -0.00845779
  -0.0136849
   -0.013685
 -0.00845783
 4.53249e-12
  0.00845783
    0.013685
   0.0136849
  0.00845779
-4.51942e-12
 -0.00845779
  -0.0136849
   -0.013685
 -0.00845783
 4.50231e-12
  0.00845783
    0.013685
   0.0136849
  0.00845779
-4.46186e-12
 -0.00845779
  -0.0136849
   -0.013685
 -0.00845783
 4.54133e-12
  0.00845783
    0.013685
   0.0136849
  0.00845779
-4.52423e-12
 -0.00845779
  -0.0136849
   -0.013685
 -0.00845783
 4.52553e-12
  0.00845783
    0.013685
   0.0136849
  0.00845779
-3.32312e-12
 -0.00627441
  -0.0101522
  -0.0101522
 -0.00627444
 3.36591e-12
  0.00627444
   0.0101522
   0.0101522
  0.00627441
-3.33598e-12
 -0.00627441
  -0.0101522
  -0.0101522
 -0.00627444
 3.32611e-12
  0.00627444
   0.0101522
   0.0101522
  0.00627441
-3.30424e-12
 -0.00627441
  -0.0101522
  -0.0101522
 -0.00627444
  3.3788e-12
  0.00627444
   0.0101522
   0.0101522
  0.00627441
-3.33963e-12
 -0.00627441
  -0.0101522
  -0.0101522
 -0.00627444
 3.40366e-12
  0.00627444
   0.0101522
   0.0101522
  0.00627441
-2.31456e-12
 -0.00435119
 -0.00704036
 -0.00704037
 -0.00435121
 2.34511e-12
  0.00435121
  0.00704037
  0.00704036
  0.00435119
-2.29848e-12
 -0.00435119
 -0.00704036
 -0.00704037
 -0.00435121
 2.30908e-12
  0.00435121
  0.00704037
  0.00704036
  0.00435119
-2.29578e-12
 -0.00435119
 -0.00704036
 -0.00704037
 -0.00435121
 2.35441e-12
  0.00435121
  0.00704037
  0.00704036
  0.00435119
-2.31372e-12
 -0.00435119
 -0.00704036
 -0.00704037
 -0.00435121
 2.33633e-12
  0.00435121
  0.00704037
  0.00704036
  0.00435119
