 -0.00149519
 -0.00152938
 0.000106473
  0.00162599
  0.00136984
-0.000382242
 -0.00171691
 -0.00117666
 0.000648565
  0.00176559
 0.000954612
-0.000898773
 -0.00177065
-0.000708902
    0.001127
  0.00173224
 0.000445868
 -0.00132734
 -0.00165103
-0.000171692
  0.00149519
  0.00152938
-0.000106473
 -0.00162599
 -0.00136984
 0.000382242
  0.00171691
  0.00117666
-0.000648565
 -0.00176559
-0.000954612
 0.000898773
  0.00177065
 0.000708902
   -0.001127
 -0.00173224
-0.000445868
  0.00132734
  0.00165103
 0.000171692
 -0.00303357
 -0.00310294
 0.000216108
   0.0032991
  0.00277936
-0.000775533
 -0.00348353
 -0.00238742
  0.00131585
  0.00358224
   0.0019368
 -0.00182362
 -0.00359259
 -0.00143838
  0.00228656
  0.00351455
 0.000904568
 -0.00269319
 -0.00334992
-0.000348441
  0.00303357
  0.00310294
-0.000216108
  -0.0032991
 -0.00277936
 0.000775533
  0.00348353
  0.00238742
 -0.00131585
 -0.00358224
  -0.0019368
  0.00182362
  0.00359259
  0.00143838
 -0.00228656
 -0.00351455
-0.000904568
  0.00269319
  0.00334992
 0.000348441
 -0.00601955
  -0.0061572
 0.000428917
  0.00654661
  0.00551524
 -0.00153891
 -0.00691252
 -0.00473749
  0.00261103
  0.00710831
   0.0038432
 -0.00361872
 -0.00712896
 -0.00285427
  0.00453726
  0.00697401
  0.00179491
 -0.00534426
 -0.00664745
-0.000691509
  0.00601955
   0.0061572
-0.000428917
 -0.00654661
 -0.00551524
  0.00153891
  0.00691252
  0.00473749
 -0.00261103
 -0.00710831
  -0.0038432
  0.00361872
  0.00712896
  0.00285427
 -0.00453726
 -0.00697401
 -0.00179491
  0.00534426
  0.00664745
 0.000691509
  -0.0114657
  -0.0117279
 0.000817068
   0.0124698
   0.0105053
 -0.00293125
  -0.0131667
 -0.00902384
  0.00497332
   0.0135396
  0.00732032
 -0.00689283
   -0.013579
 -0.00543672
  0.00864237
   0.0132838
  0.00341883
  -0.0101796
  -0.0126618
 -0.00131722
   0.0114657
   0.0117279
-0.000817068
  -0.0124698
  -0.0105053
  0.00293125
   0.0131667
  0.00902384
 -0.00497332
  -0.0135396
 -0.00732032
  0.00689283
    0.013579
  0.00543672
 -0.00864237
  -0.0132838
 -0.00341883
   0.0101796
   0.0126618
  0.00131722
  -0.0203369
   -0.020802
  0.00144932
    0.022118
   0.0186335
 -0.00519922
  -0.0233542
  -0.0160059
   0.0088212
   0.0240154
   0.0129842
   -0.012226
  -0.0240853
 -0.00964321
   0.0153292
   0.0235618
  0.00606404
  -0.0180558
  -0.0224586
 -0.00233643
   0.0203369
    0.020802
 -0.00144932
   -0.022118
  -0.0186335
  0.00519922
   0.0233542
   0.0160059
  -0.0088212
  -0.0240154
  -0.0129842
    0.012226
   0.0240853
  0.00964321
  -0.0153292
  -0.0235618
 -0.00606404
   0.0180558
   0.0224586
  0.00233643
  -0.0318265
  -0.0325544
  0.00226819
    0.034614
   0.0291608
 -0.00813663
  -0.0365486
  -0.0250487
   0.0138048
   0.0375833
   0.0203198
  -0.0191333
  -0.0376926
  -0.0150912
   0.0239897
   0.0368735
  0.00949005
  -0.0282566
  -0.0351468
 -0.00365643
   0.0318265
   0.0325544
 -0.00226819
   -0.034614
  -0.0291608
  0.00813663
   0.0365486
   0.0250487
  -0.0138048
  -0.0375833
  -0.0203198
   0.0191333
   0.0376926
   0.0150912
  -0.0239897
  -0.0368735
 -0.00949005
   0.0282566
   0.0351468
  0.00365643
  -0.0391458
  -0.0400411
  0.00278983
   0.0425743
   0.0358671
  -0.0100079
  -0.0449538
  -0.0308093
   0.0169795
   0.0462264
   0.0249927
  -0.0235334
  -0.0463607
  -0.0185617
   0.0295068
   0.0453535
   0.0116726
  -0.0347548
  -0.0432295
 -0.00449728
   0.0391458
   0.0400411
 -0.00278983
  -0.0425743
  -0.0358671
   0.0100079
   0.0449538
   0.0308093
  -0.0169795
  -0.0462264
  -0.0249927
   0.0235334
   0.0463607
   0.0185617
  -0.0295068
  -0.0453535
  -0.0116726
   0.0347548
   0.0432295
  0.00449728
  -0.0251142
  -0.0256887
  0.00178984
    0.027314
    0.023011
 -0.00642066
  -0.0288407
  -0.0197661
   0.0108932
    0.029657
   0.0160342
   -0.015098
  -0.0297429
  -0.0119084
   0.0189304
   0.0290971
  0.00748866
  -0.0222972
  -0.0277341
 -0.00288526
   0.0251142
   0.0256887
 -0.00178984
   -0.027314
   -0.023011
  0.00642066
   0.0288407
   0.0197661
  -0.0108932
   -0.029657
  -0.0160342
    0.015098
   0.0297429
   0.0119084
  -0.0189304
  -0.0290971
 -0.00748866
   0.0222972
   0.0277341
  0.00288526
   0.0271405
   0.0277611
  -0.0019342
  -0.0295171
  -0.0248667
  0.00693855
   0.0311667
   0.0213603
  -0.0117721
  -0.0320495
   -0.017328
   0.0163159
   0.0321425
   0.0128691
  -0.0204573
   -0.031444
 -0.00809279
   0.0240959
   0.0299717
  0.00311793
  -0.0271405
  -0.0277611
   0.0019342
   0.0295171
   0.0248667
 -0.00693855
  -0.0311667
  -0.0213603
   0.0117721
   0.0320495
    0.017328
  -0.0163159
  -0.0321425
  -0.0128691
   0.0204573
    0.031444
  0.00809279
  -0.0240959
  -0.0299717
 -0.00311793
   0.0878174
   0.0898259
 -0.00625838
  -0.0955081
  -0.0804614
    0.022451
    0.100846
   0.0691153
  -0.0380906
   -0.103702
  -0.0560673
   0.0527931
    0.104002
     0.04164
  -0.0661936
   -0.101743
  -0.0261857
   0.0779663
   0.0969779
   0.0100886
  -0.0878174
  -0.0898259
  0.00625838
   0.0955081
   0.0804614
   -0.022451
   -0.100846
  -0.0691153
   0.0380906
    0.103702
   0.0560673
  -0.0527931
   -0.104002
    -0.04164
   0.0661936
    0.101743
   0.0261857
  -0.0779663
  -0.0969779
  -0.0100886
   0.0636052
   0.0650601
 -0.00453268
  -0.0691756
  -0.0582776
   0.0162611
   0.0730422
   0.0500596
  -0.0275887
  -0.0751101
   -0.040609
   0.0382374
   0.0753276
   0.0301593
  -0.0479436
  -0.0736919
  -0.0189661
   0.0564701
   0.0702399
  0.00730697
  -0.0636052
  -0.0650601
  0.00453268
   0.0691756
   0.0582776
  -0.0162611
  -0.0730422
  -0.0500596
   0.0275887
   0.0751101
    0.040609
  -0.0382374
  -0.0753276
  -0.0301593
   0.0479436
   0.0736919
   0.0189661
  -0.0564701
  -0.0702399
 -0.00730697
  -0.0386928
  -0.0395779
  0.00275794
   0.0420816
   0.0354516
 -0.00989208
  -0.0444332
  -0.0304528
   0.0167824
   0.0456918
   0.0247035
  -0.0232612
  -0.0458238
  -0.0183469
   0.0291651
   0.0448288
   0.0115375
  -0.0343526
  -0.0427291
 -0.00444534
   0.0386928
   0.0395779
 -0.00275794
  -0.0420816
  -0.0354516
  0.00989208
   0.0444332
   0.0304528
  -0.0167824
  -0.0456918
  -0.0247035
   0.0232612
   0.0458238
   0.0183469
  -0.0291651
  -0.0448288
  -0.0115375
   0.0343526
   0.0427291
  0.00444534
  -0.0386928
  -0.0395779
  0.00275794
   0.0420816
   0.0354516
 -0.00989208
  -0.0444332
  -0.0304528
   0.0167824
   0.0456918
   0.0247035
  -0.0232612
  -0.0458238
  -0.0183469
   0.0291651
   0.0448288
   0.0115375
  -0.0343526
  -0.0427291
 -0.00444534
   0.0386928
   0.0395779
 -0.00275794
  -0.0420816
  -0.0354516
  0.00989208
   0.0444332
   0.0304528
  -0.0167824
  -0.0456918
  -0.0247035
   0.0232612
   0.0458238
   0.0183469
  -0.0291651
  -0.0448288
  -0.0115375
   0.0343526
   0.0427291
  0.00444534
   0.0636052
   0.0650601
 -0.00453268
  -0.0691756
  -0.0582776
   0.0162611
   0.0730422
   0.0500596
  -0.0275887
  -0.0751101
   -0.040609
   0.0382374
   0.0753276
   0.0301593
  -0.0479436
  -0.0736919
  -0.0189661
   0.0564701
   0.0702399
  0.00730697
  -0.0636052
  -0.0650601
  0.00453268
   0.0691756
   0.0582776
  -0.0162611
  -0.0730422
  -0.0500596
   0.0275887
   0.0751101
    0.040609
  -0.0382374
  -0.0753276
  -0.0301593
   0.0479436
   0.0736919
   0.0189661
  -0.0564701
  -0.0702399
 -0.00730697
   0.0878174
   0.0898259
 -0.00625838
  -0.0955081
  -0.0804614
    0.022451
    0.100846
   0.0691153
  -0.0380906
   -0.103702
  -0.0560673
   0.0527931
    0.104002
     0.04164
  -0.0661936
   -0.101743
  -0.0261857
   0.0779663
   0.0969779
   0.0100886
  -0.0878174
  -0.0898259
  0.00625838
   0.0955081
   0.0804614
   -0.022451
   -0.100846
  -0.0691153
   0.0380906
    0.103702
   0.0560673
  -0.0527931
   -0.104002
    -0.04164
   0.0661936
    0.101743
   0.0261857
  -0.0779663
  -0.0969779
  -0.0100886
   0.0271405
   0.0277611
  -0.0019342
  -0.0295171
  -0.0248667
  0.00693855
   0.0311667
   0.0213603
  -0.0117721
  -0.0320495
   -0.017328
   0.0163159
   0.0321425
   0.0128691
  -0.0204573
   -0.031444
 -0.00809279
   0.0240959
   0.0299717
  0.00311793
  -0.0271405
  -0.0277611
   0.0019342
   0.0295171
   0.0248667
 -0.00693855
  -0.0311667
  -0.0213603
   0.0117721
   0.0320495
    0.017328
  -0.0163159
  -0.0321425
  -0.0128691
   0.0204573
    0.031444
  0.00809279
  -0.0240959
  -0.0299717
 -0.00311793
  -0.0251142
  -0.0256887
  0.00178984
    0.027314
    0.023011
 -0.00642066
  -0.0288407
  -0.0197661
   0.0108932
    0.029657
   0.0160342
   -0.015098
  -0.0297429
  -0.0119084
   0.0189304
   0.0290971
  0.00748866
  -0.0222972
  -0.0277341
 -0.00288526
   0.0251142
   0.0256887
 -0.00178984
   -0.027314
   -0.023011
  0.00642066
   0.0288407
   0.0197661
  -0.0108932
   -0.029657
  -0.0160342
    0.015098
   0.0297429
   0.0119084
  -0.0189304
  -0.0290971
 -0.00748866
   0.0222972
   0.0277341
  0.00288526
  -0.0391458
  -0.0400411
  0.00278983
   0.0425743
   0.0358671
  -0.0100079
  -0.0449538
  -0.0308093
   0.0169795
   0.0462264
   0.0249927
  -0.0235334
  -0.0463607
  -0.0185617
   0.0295068
   0.0453535
   0.0116726
  -0.0347548
  -0.0432295
 -0.00449728
   0.0391458
   0.0400411
 -0.00278983
  -0.0425743
  -0.0358671
   0.0100079
   0.0449538
   0.0308093
  -0.0169795
  -0.0462264
  -0.0249927
   0.0235334
   0.0463607
   0.0185617
  -0.0295068
  -0.0453535
  -0.0116726
   0.0347548
   0.0432295
  0.00449728
  -0.0318265
  -0.0325544
  0.00226819
    0.034614
   0.0291608
 -0.00813663
  -0.0365486
  -0.0250487
   0.0138048
   0.0375833
   0.0203198
  -0.0191333
  -0.0376926
  -0.0150912
   0.0239897
   0.0368735
  0.00949005
  -0.0282566
  -0.0351468
 -0.00365643
   0.0318265
   0.0325544
 -0.00226819
   -0.034614
  -0.0291608
  0.00813663
   0.0365486
   0.0250487
  -0.0138048
  -0.0375833
  -0.0203198
   0.0191333
   0.0376926
   0.0150912
  -0.0239897
  -0.0368735
 -0.00949005
   0.0282566
   0.0351468
  0.00365643
  -0.0203369
   -0.020802
  0.00144932
    0.022118
   0.0186335
 -0.00519922
  -0.0233542
  -0.0160059
   0.0088212
   0.0240154
   0.0129842
   -0.012226
  -0.0240853
 -0.00964321
   0.0153292
   0.0235618
  0.00606404
  -0.0180558
  -0.0224586
 -0.00233643
   0.0203369
    0.020802
 -0.00144932
   -0.022118
  -0.0186335
  0.00519922
   0.0233542
   0.0160059
  -0.0088212
  -0.0240154
  -0.0129842
    0.012226
   0.0240853
  0.00964321
  -0.0153292
  -0.0235618
 -0.00606404
   0.0180558
   0.0224586
  0.00233643
  -0.0114657
  -0.0117279
 0.000817068
   0.0124698
   0.0105053
 -0.00293125
  -0.0131667
 -0.00902384
  0.00497332
   0.0135396
  0.00732032
 -0.00689283
   -0.013579
 -0.00543672
  0.00864237
   0.0132838
  0.00341883
  -0.0101796
  -0.0126618
 -0.00131722
   0.0114657
   0.0117279
-0.000817068
  -0.0124698
  -0.0105053
  0.00293125
   0.0131667
  0.00902384
 -0.00497332
  -0.0135396
 -0.00732032
  0.00689283
    0.013579
  0.00543672
 -0.00864237
  -0.0132838
 -0.00341883
   0.0101796
   0.0126618
  0.00131722
 -0.00601955
  -0.0061572
 0.000428917
  0.00654661
  0.00551524
 -0.00153891
 -0.00691252
 -0.00473749
  0.00261103
  0.00710831
   0.0038432
 -0.00361872
 -0.00712896
 -0.00285427
  0.00453726
  0.00697401
  0.00179491
 -0.00534426
 -0.00664745
-0.000691509
  0.00601955
   0.0061572
-0.000428917
 -0.00654661
 -0.00551524
  0.00153891
  0.00691252
  0.00473749
 -0.00261103
 -0.00710831
  -0.0038432
  0.00361872
  0.00712896
  0.00285427
 -0.00453726
 -0.00697401
 -0.00179491
  0.00534426
  0.00664745
 0.000691509
 -0.00303357
 -0.00310294
 0.000216108
   0.0032991
  0.00277936
-0.000775533
 -0.00348353
 -0.00238742
  0.00131585
  0.00358224
   0.0019368
 -0.00182362
 -0.00359259
 -0.00143838
  0.00228656
  0.00351455
 0.000904568
 -0.00269319
 -0.00334992
-0.000348441
  0.00303357
  0.00310294
-0.000216108
  -0.0032991
 -0.00277936
 0.000775533
  0.00348353
  0.00238742
 -0.00131585
 -0.00358224
  -0.0019368
  0.00182362
  0.00359259
  0.00143838
 -0.00228656
 -0.00351455
-0.000904568
  0.00269319
  0.00334992
 0.000348441
 -0.00149519
 -0.00152938
 0.000106473
  0.00162599
  0.00136984
-0.000382242
 -0.00171691
 -0.00117666
 0.000648565
  0.00176559
 0.000954612
-0.000898773
 -0.00177065
-0.000708902
    0.001127
  0.00173224
 0.000445868
 -0.00132734
 -0.00165103
-0.000171692
  0.00149519
  0.00152938
-0.000106473
 -0.00162599
 -0.00136984
 0.000382242
  0.00171691
  0.00117666
-0.000648565
 -0.00176559
-0.000954612
 0.000898773
  0.00177065
 0.000708902
   -0.001127
 -0.00173224
-0.000445868
  0.00132734
  0.00165103
 0.000171692
