 2.27395e-12
-2.07841e-05
 1.28138e-05
 1.28074e-05
-2.07944e-05
-2.23084e-12
 2.07944e-05
-1.28074e-05
-1.28138e-05
 2.07841e-05
 2.25723e-12
-2.07841e-05
 1.28138e-05
 1.28074e-05
-2.07944e-05
-2.19656e-12
 2.07944e-05
-1.28074e-05
-1.28138e-05
 2.07841e-05
 2.30577e-12
-2.07841e-05
 1.28138e-05
 1.28074e-05
-2.07944e-05
-2.26075e-12
 2.07944e-05
-1.28074e-05
-1.28138e-05
 2.07841e-05
 2.29249e-12
-2.07841e-05
 1.28138e-05
 1.28074e-05
-2.07944e-05
-2.29394e-12
 2.07944e-05
-1.28074e-05
-1.28138e-05
 2.07841e-05
 7.43569e-12
-6.78241e-05
  4.1877e-05
 4.18625e-05
 -6.7847e-05
-7.34312e-12
  6.7847e-05
-4.18625e-05
 -4.1877e-05
 6.78241e-05
  7.3927e-12
-6.78241e-05
  4.1877e-05
 4.18625e-05
 -6.7847e-05
-7.33393e-12
  6.7847e-05
-4.18625e-05
 -4.1877e-05
 6.78241e-05
 7.41809e-12
-6.78241e-05
  4.1877e-05
 4.18625e-05
 -6.7847e-05
-7.37308e-12
  6.7847e-05
-4.18625e-05
 -4.1877e-05
 6.78241e-05
 7.44443e-12
-6.78241e-05
  4.1877e-05
 4.18625e-05
 -6.7847e-05
-7.43094e-12
  6.7847e-05
-4.18625e-05
 -4.1877e-05
 6.78241e-05
 2.41417e-11
-0.000220594
 0.000136291
 0.000136259
-0.000220644
 -2.3977e-11
 0.000220644
-0.000136259
-0.000136291
 0.000220594
 2.40639e-11
-0.000220594
 0.000136291
 0.000136259
-0.000220644
-2.40027e-11
 0.000220644
-0.000136259
-0.000136291
 0.000220594
 2.40089e-11
-0.000220594
 0.000136291
 0.000136259
-0.000220644
-2.39891e-11
 0.000220644
-0.000136259
-0.000136291
 0.000220594
 2.41078e-11
-0.000220594
 0.000136291
 0.000136259
-0.000220644
-2.40964e-11
 0.000220644
-0.000136259
-0.000136291
 0.000220594
  7.6988e-11
-0.000705149
 0.000435782
 0.000435714
-0.000705255
-7.67929e-11
 0.000705255
-0.000435714
-0.000435782
 0.000705149
 7.68751e-11
-0.000705149
 0.000435782
 0.000435714
-0.000705255
-7.68115e-11
 0.000705255
-0.000435714
-0.000435782
 0.000705149
 7.67251e-11
-0.000705149
 0.000435782
 0.000435714
-0.000705255
 -7.6759e-11
 0.000705255
-0.000435714
-0.000435782
 0.000705149
 7.69016e-11
-0.000705149
 0.000435782
 0.000435714
-0.000705255
-7.69185e-11
 0.000705255
-0.000435714
-0.000435782
 0.000705149
 2.36656e-10
 -0.00217108
  0.00134185
  0.00134171
 -0.00217129
-2.36571e-10
  0.00217129
 -0.00134171
 -0.00134185
  0.00217108
 2.36573e-10
 -0.00217108
  0.00134185
  0.00134171
 -0.00217129
-2.36518e-10
  0.00217129
 -0.00134171
 -0.00134185
  0.00217108
 2.36483e-10
 -0.00217108
  0.00134185
  0.00134171
 -0.00217129
-2.36543e-10
  0.00217129
 -0.00134171
 -0.00134185
  0.00217108
 2.36619e-10
 -0.00217108
  0.00134185
  0.00134171
 -0.00217129
-2.36633e-10
  0.00217129
 -0.00134171
 -0.00134185
  0.00217108
 6.81026e-10
  -0.0062508
  0.00386341
  0.00386316
 -0.00625116
-6.81131e-10
  0.00625117
 -0.00386316
 -0.00386341
   0.0062508
 6.81079e-10
  -0.0062508
  0.00386341
  0.00386316
 -0.00625116
-6.81108e-10
  0.00625117
 -0.00386316
 -0.00386341
   0.0062508
 6.81275e-10
  -0.0062508
  0.00386341
  0.00386316
 -0.00625116
 -6.8124e-10
  0.00625117
 -0.00386316
 -0.00386341
   0.0062508
 6.81177e-10
  -0.0062508
  0.00386341
  0.00386316
 -0.00625116
 -6.8108e-10
  0.00625117
 -0.00386316
 -0.00386341
   0.0062508
 1.75341e-09
  -0.0160909
  0.00994516
  0.00994479
  -0.0160914
-1.75338e-09
   0.0160914
 -0.00994479
 -0.00994516
   0.0160909
 1.75352e-09
  -0.0160909
  0.00994516
  0.00994479
  -0.0160914
 -1.7536e-09
   0.0160914
 -0.00994479
 -0.00994516
   0.0160909
 1.75354e-09
  -0.0160909
  0.00994516
  0.00994479
  -0.0160914
-1.75343e-09
   0.0160914
 -0.00994479
 -0.00994516
   0.0160909
 1.75345e-09
  -0.0160909
  0.00994516
  0.00994479
  -0.0160914
-1.75327e-09
   0.0160914
 -0.00994479
 -0.00994516
   0.0160909
 3.75672e-09
  -0.0344743
   0.0213069
   0.0213065
  -0.0344747
-3.75664e-09
   0.0344747
  -0.0213065
  -0.0213069
   0.0344743
 3.75672e-09
  -0.0344743
   0.0213069
   0.0213065
  -0.0344747
-3.75688e-09
   0.0344747
  -0.0213065
  -0.0213069
   0.0344743
 3.75683e-09
  -0.0344743
   0.0213069
   0.0213065
  -0.0344747
-3.75655e-09
   0.0344747
  -0.0213065
  -0.0213069
   0.0344743
 3.75673e-09
  -0.0344743
   0.0213069
   0.0213065
  -0.0344747
-3.75654e-09
   0.0344747
  -0.0213065
  -0.0213069
   0.0344743
 5.87674e-09
  -0.0539316
   0.0333319
   0.0333319
  -0.0539315
-5.87689e-09
   0.0539315
  -0.0333319
  -0.0333319
   0.0539316
 5.87701e-09
  -0.0539316
   0.0333319
   0.0333319
  -0.0539315
-5.87688e-09
   0.0539315
  -0.0333319
  -0.0333319
   0.0539316
 5.87695e-09
  -0.0539316
   0.0333319
   0.0333319
  -0.0539315
-5.87693e-09
   0.0539315
  -0.0333319
  -0.0333319
   0.0539316
 5.87682e-09
  -0.0539316
   0.0333319
   0.0333319
  -0.0539315
-5.87684e-09
   0.0539315
  -0.0333319
  -0.0333319
   0.0539316
 4.62975e-09
  -0.0424876
   0.0262585
    0.026259
  -0.0424867
-4.62985e-09
   0.0424867
   -0.026259
  -0.0262585
   0.0424876
 4.62963e-09
  -0.0424876
   0.0262585
    0.026259
  -0.0424867
-4.62996e-09
   0.0424867
   -0.026259
  -0.0262585
   0.0424876
 4.62972e-09
  -0.0424876
   0.0262585
    0.026259
  -0.0424867
-4.62983e-09
   0.0424867
   -0.026259
  -0.0262585
   0.0424876
 4.62977e-09
  -0.0424876
   0.0262585
    0.026259
  -0.0424867
-4.62988e-09
   0.0424867
   -0.026259
  -0.0262585
   0.0424876
-3.54625e-09
   0.0325426
  -0.0201131
  -0.0201125
   0.0325435
 3.54611e-09
  -0.0325435
   0.0201125
   0.0201131
  -0.0325426
-3.54628e-09
   0.0325426
  -0.0201131
  -0.0201125
   0.0325435
 3.54613e-09
  -0.0325435
   0.0201125
   0.0201131
  -0.0325426
-3.54633e-09
   0.0325426
  -0.0201131
  -0.0201125
   0.0325435
  3.5461e-09
  -0.0325435
   0.0201125
   0.0201131
  -0.0325426
-3.54622e-09
   0.0325426
  -0.0201131
  -0.0201125
   0.0325435
 3.54608e-09
  -0.0325435
   0.0201125
   0.0201131
  -0.0325426
-1.34999e-08
    0.123887
   -0.076567
  -0.0765669
    0.123887
 1.34998e-08
   -0.123887
   0.0765669
   0.0765671
   -0.123887
-1.34999e-08
    0.123887
   -0.076567
  -0.0765669
    0.123887
 1.34998e-08
   -0.123887
   0.0765669
   0.0765671
   -0.123887
-1.34998e-08
    0.123887
   -0.076567
  -0.0765669
    0.123887
 1.34999e-08
   -0.123887
   0.0765669
   0.0765671
   -0.123887
   -1.35e-08
    0.123887
   -0.076567
  -0.0765669
    0.123887
    1.35e-08
   -0.123887
   0.0765669
   0.0765671
   -0.123887
   -1.35e-08
    0.123887
   -0.076567
  -0.0765669
    0.123887
 1.34999e-08
   -0.123887
   0.0765669
   0.0765671
   -0.123887
-1.34999e-08
    0.123887
   -0.076567
  -0.0765669
    0.123887
 1.34998e-08
   -0.123887
   0.0765669
   0.0765671
   -0.123887
-1.34999e-08
    0.123887
   -0.076567
  -0.0765669
    0.123887
 1.34999e-08
   -0.123887
   0.0765669
   0.0765671
   -0.123887
-1.34999e-08
    0.123887
   -0.076567
  -0.0765669
    0.123887
 1.34999e-08
   -0.123887
   0.0765669
   0.0765671
   -0.123887
-3.54627e-09
   0.0325426
  -0.0201131
  -0.0201125
   0.0325435
 3.54606e-09
  -0.0325435
   0.0201125
   0.0201131
  -0.0325426
 -3.5463e-09
   0.0325426
  -0.0201131
  -0.0201125
   0.0325435
 3.54616e-09
  -0.0325435
   0.0201125
   0.0201131
  -0.0325426
-3.54632e-09
   0.0325426
  -0.0201131
  -0.0201125
   0.0325435
 3.54605e-09
  -0.0325435
   0.0201125
   0.0201131
  -0.0325426
-3.54627e-09
   0.0325426
  -0.0201131
  -0.0201125
   0.0325435
 3.54608e-09
  -0.0325435
   0.0201125
   0.0201131
  -0.0325426
 4.62977e-09
  -0.0424876
   0.0262585
    0.026259
  -0.0424867
 -4.6299e-09
   0.0424867
   -0.026259
  -0.0262585
   0.0424876
  4.6297e-09
  -0.0424876
   0.0262585
    0.026259
  -0.0424867
-4.62995e-09
   0.0424867
   -0.026259
  -0.0262585
   0.0424876
 4.62969e-09
  -0.0424876
   0.0262585
    0.026259
  -0.0424867
-4.62987e-09
   0.0424867
   -0.026259
  -0.0262585
   0.0424876
 4.62983e-09
  -0.0424876
   0.0262585
    0.026259
  -0.0424867
-4.62989e-09
   0.0424867
   -0.026259
  -0.0262585
   0.0424876
 5.87682e-09
  -0.0539316
   0.0333319
   0.0333319
  -0.0539315
-5.87707e-09
   0.0539315
  -0.0333319
  -0.0333319
   0.0539316
 5.87697e-09
  -0.0539316
   0.0333319
   0.0333319
  -0.0539315
-5.87687e-09
   0.0539315
  -0.0333319
  -0.0333319
   0.0539316
 5.87683e-09
  -0.0539316
   0.0333319
   0.0333319
  -0.0539315
-5.87694e-09
   0.0539315
  -0.0333319
  -0.0333319
   0.0539316
 5.87684e-09
  -0.0539316
   0.0333319
   0.0333319
  -0.0539315
-5.87689e-09
   0.0539315
  -0.0333319
  -0.0333319
   0.0539316
 3.75668e-09
  -0.0344743
   0.0213069
   0.0213065
  -0.0344747
-3.75668e-09
   0.0344747
  -0.0213065
  -0.0213069
   0.0344743
 3.75671e-09
  -0.0344743
   0.0213069
   0.0213065
  -0.0344747
-3.75674e-09
   0.0344747
  -0.0213065
  -0.0213069
   0.0344743
 3.75677e-09
  -0.0344743
   0.0213069
   0.0213065
  -0.0344747
-3.75665e-09
   0.0344747
  -0.0213065
  -0.0213069
   0.0344743
 3.75678e-09
  -0.0344743
   0.0213069
   0.0213065
  -0.0344747
-3.75652e-09
   0.0344747
  -0.0213065
  -0.0213069
   0.0344743
 1.75344e-09
  -0.0160909
  0.00994516
  0.00994479
  -0.0160914
-1.75335e-09
   0.0160914
 -0.00994479
 -0.00994516
   0.0160909
 1.75357e-09
  -0.0160909
  0.00994516
  0.00994479
  -0.0160914
-1.75339e-09
   0.0160914
 -0.00994479
 -0.00994516
   0.0160909
 1.75341e-09
  -0.0160909
  0.00994516
  0.00994479
  -0.0160914
-1.75334e-09
   0.0160914
 -0.00994479
 -0.00994516
   0.0160909
 1.75348e-09
  -0.0160909
  0.00994516
  0.00994479
  -0.0160914
-1.75338e-09
   0.0160914
 -0.00994479
 -0.00994516
   0.0160909
 6.81218e-10
  -0.0062508
  0.00386341
  0.00386316
 -0.00625116
-6.81209e-10
  0.00625117
 -0.00386316
 -0.00386341
   0.0062508
 6.81229e-10
  -0.0062508
  0.00386341
  0.00386316
 -0.00625116
-6.81193e-10
  0.00625117
 -0.00386316
 -0.00386341
   0.0062508
 6.81149e-10
  -0.0062508
  0.00386341
  0.00386316
 -0.00625116
-6.81157e-10
  0.00625117
 -0.00386316
 -0.00386341
   0.0062508
  6.8102e-10
  -0.0062508
  0.00386341
  0.00386316
 -0.00625116
-6.81126e-10
  0.00625117
 -0.00386316
 -0.00386341
   0.0062508
 2.36657e-10
 -0.00217108
  0.00134185
  0.00134171
 -0.00217129
-2.36601e-10
  0.00217129
 -0.00134171
 -0.00134185
  0.00217108
 2.36578e-10
 -0.00217108
  0.00134185
  0.00134171
 -0.00217129
-2.36459e-10
  0.00217129
 -0.00134171
 -0.00134185
  0.00217108
 2.36624e-10
 -0.00217108
  0.00134185
  0.00134171
 -0.00217129
-2.36576e-10
  0.00217129
 -0.00134171
 -0.00134185
  0.00217108
 2.36511e-10
 -0.00217108
  0.00134185
  0.00134171
 -0.00217129
-2.36632e-10
  0.00217129
 -0.00134171
 -0.00134185
  0.00217108
 7.69116e-11
-0.000705149
 0.000435782
 0.000435714
-0.000705255
-7.68067e-11
 0.000705255
-0.000435714
-0.000435782
 0.000705149
 7.68309e-11
-0.000705149
 0.000435782
 0.000435714
-0.000705255
-7.66958e-11
 0.000705255
-0.000435714
-0.000435782
 0.000705149
  7.6879e-11
-0.000705149
 0.000435782
 0.000435714
-0.000705255
-7.68023e-11
 0.000705255
-0.000435714
-0.000435782
 0.000705149
 7.67994e-11
-0.000705149
 0.000435782
 0.000435714
-0.000705255
-7.68545e-11
 0.000705255
-0.000435714
-0.000435782
 0.000705149
 2.41047e-11
-0.000220594
 0.000136291
 0.000136259
-0.000220644
 -2.4008e-11
 0.000220644
-0.000136259
-0.000136291
 0.000220594
 2.40424e-11
-0.000220594
 0.000136291
 0.000136259
-0.000220644
-2.39605e-11
 0.000220644
-0.000136259
-0.000136291
 0.000220594
 2.40546e-11
-0.000220594
 0.000136291
 0.000136259
-0.000220644
-2.39827e-11
 0.000220644
-0.000136259
-0.000136291
 0.000220594
 2.40192e-11
-0.000220594
 0.000136291
 0.000136259
-0.000220644
 -2.4025e-11
 0.000220644
-0.000136259
-0.000136291
 0.000220594
 7.44196e-12
-6.78241e-05
  4.1877e-05
 4.18625e-05
 -6.7847e-05
-7.36268e-12
  6.7847e-05
-4.18625e-05
 -4.1877e-05
 6.78241e-05
  7.3919e-12
-6.78241e-05
  4.1877e-05
 4.18625e-05
 -6.7847e-05
-7.36668e-12
  6.7847e-05
-4.18625e-05
 -4.1877e-05
 6.78241e-05
 7.39439e-12
-6.78241e-05
  4.1877e-05
 4.18625e-05
 -6.7847e-05
-7.33916e-12
  6.7847e-05
-4.18625e-05
 -4.1877e-05
 6.78241e-05
 7.40219e-12
-6.78241e-05
  4.1877e-05
 4.18625e-05
 -6.7847e-05
-7.38012e-12
  6.7847e-05
-4.18625e-05
 -4.1877e-05
 6.78241e-05
 2.29182e-12
-2.07841e-05
 1.28138e-05
 1.28074e-05
-2.07944e-05
-2.23914e-12
 2.07944e-05
-1.28074e-05
-1.28138e-05
 2.07841e-05
 2.24889e-12
-2.07841e-05
 1.28138e-05
 1.28074e-05
-2.07944e-05
 -2.2597e-12
 2.07944e-05
-1.28074e-05
-1.28138e-05
 2.07841e-05
 2.26851e-12
-2.07841e-05
 1.28138e-05
 1.28074e-05
-2.07944e-05
-2.23245e-12
 2.07944e-05
-1.28074e-05
-1.28138e-05
 2.07841e-05
 2.30105e-12
-2.07841e-05
 1.28138e-05
 1.28074e-05
-2.07944e-05
-2.25962e-12
 2.07944e-05
-1.28074e-05
-1.28138e-05
 2.07841e-05
