 2.18589e-05
-6.73888e-06
-1.76723e-05
 1.76648e-05
 6.75198e-06
-2.18335e-05
 6.75197e-06
 1.76648e-05
-1.76723e-05
-6.73888e-06
 2.18589e-05
-6.73888e-06
-1.76723e-05
 1.76648e-05
 6.75198e-06
-2.18335e-05
 6.75197e-06
 1.76648e-05
-1.76723e-05
-6.73888e-06
 2.18589e-05
-6.73888e-06
-1.76723e-05
 1.76648e-05
 6.75198e-06
-2.18335e-05
 6.75197e-06
 1.76648e-05
-1.76723e-05
-6.73888e-06
 2.18589e-05
-6.73888e-06
-1.76723e-05
 1.76648e-05
 6.75198e-06
-2.18335e-05
 6.75197e-06
 1.76648e-05
-1.76723e-05
-6.73888e-06
 7.13339e-05
-2.20151e-05
-5.76924e-05
 5.76706e-05
 2.20396e-05
-7.12821e-05
 2.20396e-05
 5.76706e-05
-5.76924e-05
-2.20152e-05
 7.13339e-05
-2.20151e-05
-5.76924e-05
 5.76706e-05
 2.20396e-05
-7.12821e-05
 2.20396e-05
 5.76706e-05
-5.76924e-05
-2.20152e-05
 7.13339e-05
-2.20151e-05
-5.76924e-05
 5.76706e-05
 2.20396e-05
-7.12821e-05
 2.20396e-05
 5.76706e-05
-5.76924e-05
-2.20152e-05
 7.13339e-05
-2.20151e-05
-5.76924e-05
 5.76706e-05
 2.20396e-05
-7.12821e-05
 2.20396e-05
 5.76706e-05
-5.76924e-05
-2.20152e-05
 0.000231999
-7.16423e-05
-0.000187668
 0.000187609
 7.16867e-05
-0.000231896
 7.16866e-05
 0.000187609
-0.000187667
-7.16423e-05
 0.000231999
-7.16423e-05
-0.000187668
 0.000187609
 7.16867e-05
-0.000231896
 7.16866e-05
 0.000187609
-0.000187667
-7.16423e-05
 0.000231999
-7.16423e-05
-0.000187668
 0.000187609
 7.16867e-05
-0.000231896
 7.16866e-05
 0.000187609
-0.000187667
-7.16423e-05
 0.000231999
-7.16423e-05
-0.000187668
 0.000187609
 7.16867e-05
-0.000231896
 7.16866e-05
 0.000187609
-0.000187667
-7.16423e-05
 0.000741566
 -0.00022907
-0.000599913
 0.000599774
 0.000229151
-0.000741364
 0.000229151
 0.000599774
-0.000599913
-0.000229071
 0.000741566
 -0.00022907
-0.000599913
 0.000599774
 0.000229151
-0.000741364
 0.000229151
 0.000599774
-0.000599913
-0.000229071
 0.000741566
 -0.00022907
-0.000599913
 0.000599774
 0.000229151
-0.000741364
 0.000229151
 0.000599774
-0.000599913
-0.000229071
 0.000741566
 -0.00022907
-0.000599913
 0.000599774
 0.000229151
-0.000741364
 0.000229151
 0.000599774
-0.000599913
-0.000229071
  0.00228309
-0.000705364
 -0.00184704
  0.00184673
 0.000705512
 -0.00228271
 0.000705512
  0.00184673
 -0.00184704
-0.000705364
  0.00228309
-0.000705364
 -0.00184704
  0.00184673
 0.000705512
 -0.00228271
 0.000705512
  0.00184673
 -0.00184704
-0.000705364
  0.00228309
-0.000705364
 -0.00184704
  0.00184673
 0.000705512
 -0.00228271
 0.000705512
  0.00184673
 -0.00184704
-0.000705364
  0.00228309
-0.000705364
 -0.00184704
  0.00184673
 0.000705512
 -0.00228271
 0.000705512
  0.00184673
 -0.00184704
-0.000705364
    0.006573
 -0.00203093
 -0.00531768
  0.00531711
  0.00203119
 -0.00657236
  0.00203119
  0.00531711
 -0.00531768
 -0.00203093
    0.006573
 -0.00203093
 -0.00531768
  0.00531711
  0.00203119
 -0.00657236
  0.00203119
  0.00531711
 -0.00531768
 -0.00203093
    0.006573
 -0.00203093
 -0.00531768
  0.00531711
  0.00203119
 -0.00657236
  0.00203119
  0.00531711
 -0.00531768
 -0.00203093
    0.006573
 -0.00203093
 -0.00531768
  0.00531711
  0.00203119
 -0.00657236
  0.00203119
  0.00531711
 -0.00531768
 -0.00203093
   0.0169198
 -0.00522815
  -0.0136884
   0.0136876
  0.00522859
  -0.0169189
  0.00522858
   0.0136876
  -0.0136884
 -0.00522815
   0.0169198
 -0.00522815
  -0.0136884
   0.0136876
  0.00522859
  -0.0169189
  0.00522858
   0.0136876
  -0.0136884
 -0.00522815
   0.0169198
 -0.00522815
  -0.0136884
   0.0136876
  0.00522859
  -0.0169189
  0.00522858
   0.0136876
  -0.0136884
 -0.00522815
   0.0169198
 -0.00522815
  -0.0136884
   0.0136876
  0.00522859
  -0.0169189
  0.00522858
   0.0136876
  -0.0136884
 -0.00522815
   0.0362492
  -0.0112013
  -0.0293263
   0.0293254
   0.0112018
  -0.0362485
   0.0112018
   0.0293254
  -0.0293263
  -0.0112013
   0.0362492
  -0.0112013
  -0.0293263
   0.0293254
   0.0112018
  -0.0362485
   0.0112018
   0.0293254
  -0.0293263
  -0.0112013
   0.0362492
  -0.0112013
  -0.0293263
   0.0293254
   0.0112018
  -0.0362485
   0.0112018
   0.0293254
  -0.0293263
  -0.0112013
   0.0362492
  -0.0112013
  -0.0293263
   0.0293254
   0.0112018
  -0.0362485
   0.0112018
   0.0293254
  -0.0293263
  -0.0112013
    0.056707
  -0.0175233
  -0.0458771
   0.0458768
   0.0175239
  -0.0567074
   0.0175238
   0.0458768
  -0.0458771
  -0.0175233
    0.056707
  -0.0175233
  -0.0458771
   0.0458768
   0.0175239
  -0.0567074
   0.0175238
   0.0458768
  -0.0458771
  -0.0175233
    0.056707
  -0.0175233
  -0.0458771
   0.0458768
   0.0175239
  -0.0567074
   0.0175238
   0.0458768
  -0.0458771
  -0.0175233
    0.056707
  -0.0175233
  -0.0458771
   0.0458768
   0.0175239
  -0.0567074
   0.0175238
   0.0458768
  -0.0458771
  -0.0175233
   0.0446729
  -0.0138051
  -0.0361412
   0.0361422
    0.013805
  -0.0446747
    0.013805
   0.0361422
  -0.0361411
  -0.0138051
   0.0446729
  -0.0138051
  -0.0361412
   0.0361422
    0.013805
  -0.0446747
    0.013805
   0.0361422
  -0.0361411
  -0.0138051
   0.0446729
  -0.0138051
  -0.0361412
   0.0361422
    0.013805
  -0.0446747
    0.013805
   0.0361422
  -0.0361411
  -0.0138051
   0.0446729
  -0.0138051
  -0.0361412
   0.0361422
    0.013805
  -0.0446747
    0.013805
   0.0361422
  -0.0361411
  -0.0138051
  -0.0342186
   0.0105735
   0.0276836
   -0.027682
  -0.0105743
   0.0342171
  -0.0105743
   -0.027682
   0.0276836
   0.0105735
  -0.0342186
   0.0105735
   0.0276836
   -0.027682
  -0.0105743
   0.0342171
  -0.0105743
   -0.027682
   0.0276836
   0.0105735
  -0.0342186
   0.0105735
   0.0276836
   -0.027682
  -0.0105743
   0.0342171
  -0.0105743
   -0.027682
   0.0276836
   0.0105735
  -0.0342186
   0.0105735
   0.0276836
   -0.027682
  -0.0105743
   0.0342171
  -0.0105743
   -0.027682
   0.0276836
   0.0105735
   -0.130263
   0.0402531
    0.105385
   -0.105384
  -0.0402543
    0.130264
  -0.0402543
   -0.105384
    0.105385
   0.0402531
   -0.130263
   0.0402531
    0.105385
   -0.105384
  -0.0402543
    0.130264
  -0.0402543
   -0.105384
    0.105385
   0.0402531
   -0.130263
   0.0402531
    0.105385
   -0.105384
  -0.0402543
    0.130264
  -0.0402543
   -0.105384
    0.105385
   0.0402531
   -0.130263
   0.0402531
    0.105385
   -0.105384
  -0.0402543
    0.130264
  -0.0402543
   -0.105384
    0.105385
   0.0402531
   -0.130263
   0.0402531
    0.105385
   -0.105384
  -0.0402543
    0.130264
  -0.0402543
   -0.105384
    0.105385
   0.0402531
   -0.130263
   0.0402531
    0.105385
   -0.105384
  -0.0402543
    0.130264
  -0.0402543
   -0.105384
    0.105385
   0.0402531
   -0.130263
   0.0402531
    0.105385
   -0.105384
  -0.0402543
    0.130264
  -0.0402543
   -0.105384
    0.105385
   0.0402531
   -0.130263
   0.0402531
    0.105385
   -0.105384
  -0.0402543
    0.130264
  -0.0402543
   -0.105384
    0.105385
   0.0402531
  -0.0342186
   0.0105735
   0.0276836
   -0.027682
  -0.0105743
   0.0342171
  -0.0105743
   -0.027682
   0.0276836
   0.0105735
  -0.0342186
   0.0105735
   0.0276836
   -0.027682
  -0.0105743
   0.0342171
  -0.0105743
   -0.027682
   0.0276836
   0.0105735
  -0.0342186
   0.0105735
   0.0276836
   -0.027682
  -0.0105743
   0.0342171
  -0.0105743
   -0.027682
   0.0276836
   0.0105735
  -0.0342186
   0.0105735
   0.0276836
   -0.027682
  -0.0105743
   0.0342171
  -0.0105743
   -0.027682
   0.0276836
   0.0105735
   0.0446729
  -0.0138051
  -0.0361412
   0.0361422
    0.013805
  -0.0446747
    0.013805
   0.0361422
  -0.0361411
  -0.0138051
   0.0446729
  -0.0138051
  -0.0361412
   0.0361422
    0.013805
  -0.0446747
    0.013805
   0.0361422
  -0.0361411
  -0.0138051
   0.0446729
  -0.0138051
  -0.0361412
   0.0361422
    0.013805
  -0.0446747
    0.013805
   0.0361422
  -0.0361411
  -0.0138051
   0.0446729
  -0.0138051
  -0.0361412
   0.0361422
    0.013805
  -0.0446747
    0.013805
   0.0361422
  -0.0361411
  -0.0138051
    0.056707
  -0.0175233
  -0.0458771
   0.0458768
   0.0175239
  -0.0567074
   0.0175238
   0.0458768
  -0.0458771
  -0.0175233
    0.056707
  -0.0175233
  -0.0458771
   0.0458768
   0.0175239
  -0.0567074
   0.0175238
   0.0458768
  -0.0458771
  -0.0175233
    0.056707
  -0.0175233
  -0.0458771
   0.0458768
   0.0175239
  -0.0567074
   0.0175238
   0.0458768
  -0.0458771
  -0.0175233
    0.056707
  -0.0175233
  -0.0458771
   0.0458768
   0.0175239
  -0.0567074
   0.0175238
   0.0458768
  -0.0458771
  -0.0175233
   0.0362492
  -0.0112013
  -0.0293263
   0.0293254
   0.0112018
  -0.0362485
   0.0112018
   0.0293254
  -0.0293263
  -0.0112013
   0.0362492
  -0.0112013
  -0.0293263
   0.0293254
   0.0112018
  -0.0362485
   0.0112018
   0.0293254
  -0.0293263
  -0.0112013
   0.0362492
  -0.0112013
  -0.0293263
   0.0293254
   0.0112018
  -0.0362485
   0.0112018
   0.0293254
  -0.0293263
  -0.0112013
   0.0362492
  -0.0112013
  -0.0293263
   0.0293254
   0.0112018
  -0.0362485
   0.0112018
   0.0293254
  -0.0293263
  -0.0112013
   0.0169198
 -0.00522815
  -0.0136884
   0.0136876
  0.00522859
  -0.0169189
  0.00522858
   0.0136876
  -0.0136884
 -0.00522815
   0.0169198
 -0.00522815
  -0.0136884
   0.0136876
  0.00522859
  -0.0169189
  0.00522858
   0.0136876
  -0.0136884
 -0.00522815
   0.0169198
 -0.00522815
  -0.0136884
   0.0136876
  0.00522859
  -0.0169189
  0.00522858
   0.0136876
  -0.0136884
 -0.00522815
   0.0169198
 -0.00522815
  -0.0136884
   0.0136876
  0.00522859
  -0.0169189
  0.00522858
   0.0136876
  -0.0136884
 -0.00522815
    0.006573
 -0.00203093
 -0.00531768
  0.00531711
  0.00203119
 -0.00657236
  0.00203119
  0.00531711
 -0.00531768
 -0.00203093
    0.006573
 -0.00203093
 -0.00531768
  0.00531711
  0.00203119
 -0.00657236
  0.00203119
  0.00531711
 -0.00531768
 -0.00203093
    0.006573
 -0.00203093
 -0.00531768
  0.00531711
  0.00203119
 -0.00657236
  0.00203119
  0.00531711
 -0.00531768
 -0.00203093
    0.006573
 -0.00203093
 -0.00531768
  0.00531711
  0.00203119
 -0.00657236
  0.00203119
  0.00531711
 -0.00531768
 -0.00203093
  0.00228309
-0.000705364
 -0.00184704
  0.00184673
 0.000705512
 -0.00228271
 0.000705512
  0.00184673
 -0.00184704
-0.000705364
  0.00228309
-0.000705364
 -0.00184704
  0.00184673
 0.000705512
 -0.00228271
 0.000705512
  0.00184673
 -0.00184704
-0.000705364
  0.00228309
-0.000705364
 -0.00184704
  0.00184673
 0.000705512
 -0.00228271
 0.000705512
  0.00184673
 -0.00184704
-0.000705364
  0.00228309
-0.000705364
 -0.00184704
  0.00184673
 0.000705512
 -0.00228271
 0.000705512
  0.00184673
 -0.00184704
-0.000705364
 0.000741566
 -0.00022907
-0.000599913
 0.000599774
 0.000229151
-0.000741364
 0.000229151
 0.000599774
-0.000599913
-0.000229071
 0.000741566
 -0.00022907
-0.000599913
 0.000599774
 0.000229151
-0.000741364
 0.000229151
 0.000599774
-0.000599913
-0.000229071
 0.000741566
 -0.00022907
-0.000599913
 0.000599774
 0.000229151
-0.000741364
 0.000229151
 0.000599774
-0.000599913
-0.000229071
 0.000741566
 -0.00022907
-0.000599913
 0.000599774
 0.000229151
-0.000741364
 0.000229151
 0.000599774
-0.000599913
-0.000229071
 0.000231999
-7.16423e-05
-0.000187668
 0.000187609
 7.16867e-05
-0.000231896
 7.16866e-05
 0.000187609
-0.000187667
-7.16423e-05
 0.000231999
-7.16423e-05
-0.000187668
 0.000187609
 7.16867e-05
-0.000231896
 7.16866e-05
 0.000187609
-0.000187667
-7.16423e-05
 0.000231999
-7.16423e-05
-0.000187668
 0.000187609
 7.16867e-05
-0.000231896
 7.16866e-05
 0.000187609
-0.000187667
-7.16423e-05
 0.000231999
-7.16423e-05
-0.000187668
 0.000187609
 7.16867e-05
-0.000231896
 7.16866e-05
 0.000187609
-0.000187667
-7.16423e-05
 7.13339e-05
-2.20151e-05
-5.76924e-05
 5.76706e-05
 2.20396e-05
-7.12821e-05
 2.20396e-05
 5.76706e-05
-5.76924e-05
-2.20152e-05
 7.13339e-05
-2.20151e-05
-5.76924e-05
 5.76706e-05
 2.20396e-05
-7.12821e-05
 2.20396e-05
 5.76706e-05
-5.76924e-05
-2.20152e-05
 7.13339e-05
-2.20151e-05
-5.76924e-05
 5.76706e-05
 2.20396e-05
-7.12821e-05
 2.20396e-05
 5.76706e-05
-5.76924e-05
-2.20152e-05
 7.13339e-05
-2.20151e-05
-5.76924e-05
 5.76706e-05
 2.20396e-05
-7.12821e-05
 2.20396e-05
 5.76706e-05
-5.76924e-05
-2.20152e-05
 2.18589e-05
-6.73888e-06
-1.76723e-05
 1.76648e-05
 6.75198e-06
-2.18335e-05
 6.75197e-06
 1.76648e-05
-1.76723e-05
-6.73888e-06
 2.18589e-05
-6.73888e-06
-1.76723e-05
 1.76648e-05
 6.75198e-06
-2.18335e-05
 6.75197e-06
 1.76648e-05
-1.76723e-05
-6.73888e-06
 2.18589e-05
-6.73888e-06
-1.76723e-05
 1.76648e-05
 6.75198e-06
-2.18335e-05
 6.75197e-06
 1.76648e-05
-1.76723e-05
-6.73888e-06
 2.18589e-05
-6.73888e-06
-1.76723e-05
 1.76648e-05
 6.75198e-06
-2.18335e-05
 6.75197e-06
 1.76648e-05
-1.76723e-05
-6.73888e-06
