-4.29336e-05
-2.13999e-05
 4.95387e-05
 5.94759e-06
 -5.1263e-05
 1.02221e-05
 4.81083e-05
-2.53396e-05
 -4.0306e-05
 3.78562e-05
 2.84746e-05
-4.66352e-05
-1.37025e-05
 5.10529e-05
-2.27056e-06
-5.04834e-05
 1.78506e-05
 4.47177e-05
-3.18946e-05
-3.46368e-05
 4.29336e-05
 2.13999e-05
-4.95387e-05
-5.94759e-06
  5.1263e-05
-1.02221e-05
-4.81083e-05
 2.53396e-05
  4.0306e-05
-3.78562e-05
-2.84746e-05
 4.66352e-05
 1.37025e-05
-5.10529e-05
 2.27056e-06
 5.04834e-05
-1.78506e-05
-4.47177e-05
 3.18946e-05
 3.46368e-05
-0.000127812
-6.37086e-05
 0.000147631
 1.76256e-05
-0.000152901
 3.04353e-05
 0.000143447
-7.54354e-05
-0.000120072
 0.000112824
 8.47678e-05
-0.000139154
-4.09488e-05
 0.000152173
-6.65811e-06
-0.000150309
 5.33479e-05
  0.00013333
-9.51544e-05
-0.000103409
 0.000127812
 6.37086e-05
-0.000147631
-1.76256e-05
 0.000152901
-3.04353e-05
-0.000143447
 7.54354e-05
 0.000120072
-0.000112824
-8.47678e-05
 0.000139154
 4.09488e-05
-0.000152173
 6.65811e-06
 0.000150309
-5.33479e-05
 -0.00013333
 9.51544e-05
 0.000103409
-0.000376013
-0.000187443
 0.000434527
 5.16979e-05
-0.000450296
 8.95415e-05
 0.000422382
-0.000221895
-0.000353337
 0.000332131
  0.00024938
-0.000409885
 -0.00012072
 0.000447971
-1.94226e-05
-0.000442214
 0.000157281
 0.000392573
 -0.00028025
-0.000304679
 0.000376013
 0.000187443
-0.000434527
-5.16979e-05
 0.000450296
-8.95415e-05
-0.000422382
 0.000221895
 0.000353337
-0.000332131
 -0.00024938
 0.000409885
  0.00012072
-0.000447971
 1.94226e-05
 0.000442214
-0.000157281
-0.000392573
  0.00028025
 0.000304679
 -0.00107428
-0.000535578
  0.00124172
 0.000147428
 -0.00128724
 0.000255824
  0.00120733
-0.000633871
 -0.00100959
  0.00094925
 0.000712487
 -0.00117182
-0.000345289
  0.00128029
-5.52388e-05
 -0.00126343
 0.000449872
  0.00112209
-0.000801146
-0.000871163
  0.00107428
 0.000535578
 -0.00124172
-0.000147428
  0.00128724
-0.000255824
 -0.00120733
 0.000633871
  0.00100959
 -0.00094925
-0.000712487
  0.00117182
 0.000345289
 -0.00128029
 5.52388e-05
  0.00126343
-0.000449872
 -0.00112209
 0.000801146
 0.000871163
 -0.00290323
 -0.00144749
  0.00335606
 0.000397982
 -0.00347979
 0.000691361
  0.00326362
 -0.00171285
 -0.00272847
  0.00256585
  0.00192549
 -0.00316791
-0.000933702
  0.00346054
 -0.00014893
 -0.00341439
  0.00121651
  0.00303313
 -0.00216573
 -0.00235527
  0.00290323
  0.00144749
 -0.00335606
-0.000397982
  0.00347979
-0.000691361
 -0.00326362
  0.00171285
  0.00272847
 -0.00256585
 -0.00192549
  0.00316791
 0.000933702
 -0.00346054
  0.00014893
  0.00341439
 -0.00121651
 -0.00303313
  0.00216573
  0.00235527
 -0.00711626
 -0.00354818
  0.00822654
 0.000974894
 -0.00853086
  0.00169463
  0.00800072
 -0.00419816
 -0.00668792
  0.00628998
  0.00471967
 -0.00776642
 -0.00228938
  0.00848303
-0.000364612
 -0.00836921
  0.00298278
  0.00743556
 -0.00530932
 -0.00577435
  0.00711626
  0.00354818
 -0.00822654
-0.000974894
  0.00853086
 -0.00169463
 -0.00800072
  0.00419816
  0.00668792
 -0.00628998
 -0.00471967
  0.00776642
  0.00228938
 -0.00848303
 0.000364612
  0.00836921
 -0.00298278
 -0.00743556
  0.00530932
  0.00577435
  -0.0146845
 -0.00732195
   0.0169758
  0.00201095
  -0.0176051
  0.00349691
   0.0165108
 -0.00866258
  -0.0138005
   0.0129803
   0.0097391
  -0.0160277
 -0.00472499
   0.0175056
-0.000751919
    -0.01727
  0.00615603
   0.0153444
  -0.0109567
  -0.0119168
   0.0146845
  0.00732195
  -0.0169758
 -0.00201095
   0.0176051
 -0.00349691
  -0.0165108
  0.00866258
   0.0138005
  -0.0129803
  -0.0097391
   0.0160277
  0.00472499
  -0.0175056
 0.000751919
     0.01727
 -0.00615603
  -0.0153444
   0.0109567
   0.0119168
  -0.0216068
  -0.0107738
   0.0249785
   0.0029581
  -0.0259058
  0.00514539
   0.0242954
  -0.0127457
   -0.020306
   0.0191001
   0.0143301
  -0.0235849
 -0.00695322
   0.0257586
 -0.00110591
  -0.0254113
  0.00905905
   0.0225788
  -0.0161226
  -0.0175359
   0.0216068
   0.0107738
  -0.0249785
  -0.0029581
   0.0259058
 -0.00514539
  -0.0242954
   0.0127457
    0.020306
  -0.0191001
  -0.0143301
   0.0235849
  0.00695322
  -0.0257586
  0.00110591
   0.0254113
 -0.00905905
  -0.0225788
   0.0161226
   0.0175359
  -0.0099028
 -0.00493827
   0.0114487
  0.00135445
   -0.011876
   0.0023583
   0.0111374
   -0.005841
 -0.00930657
  0.00875556
  0.00656777
  -0.0108125
 -0.00318834
   0.0118072
-0.000506048
  -0.0116468
  0.00415381
   0.0103503
 -0.00739096
 -0.00803973
   0.0099028
  0.00493827
  -0.0114487
 -0.00135445
    0.011876
  -0.0023583
  -0.0111374
    0.005841
  0.00930657
 -0.00875556
 -0.00656777
   0.0108125
  0.00318834
  -0.0118072
 0.000506048
   0.0116468
 -0.00415381
  -0.0103503
  0.00739096
  0.00803973
   0.0435782
   0.0217286
  -0.0503763
 -0.00596916
   0.0522413
  -0.0103775
  -0.0489948
   0.0257077
   0.0409542
  -0.0385188
   -0.028902
   0.0475599
   0.0140198
  -0.0519479
  0.00223265
   0.0512507
  -0.0182661
  -0.0455338
   0.0325128
   0.0353607
  -0.0435782
  -0.0217286
   0.0503763
  0.00596916
  -0.0522413
   0.0103775
   0.0489948
  -0.0257077
  -0.0409542
   0.0385188
    0.028902
  -0.0475599
  -0.0140198
   0.0519479
 -0.00223265
  -0.0512507
   0.0182661
   0.0455338
  -0.0325128
  -0.0353607
    0.103575
   0.0516451
   -0.119734
  -0.0141838
    0.124173
  -0.0246651
   -0.116456
   0.0610996
   0.0973384
  -0.0915546
  -0.0686935
    0.113047
   0.0333259
   -0.123472
  0.00530436
    0.121812
  -0.0434193
   -0.108228
   0.0772797
   0.0840515
   -0.103575
  -0.0516451
    0.119734
   0.0141838
   -0.124173
   0.0246651
    0.116456
  -0.0610996
  -0.0973384
   0.0915546
   0.0686935
   -0.113047
  -0.0333259
    0.123472
 -0.00530436
   -0.121812
   0.0434193
    0.108228
  -0.0772797
  -0.0840515
   0.0624074
   0.0311181
   -0.072144
 -0.00854572
   0.0748195
  -0.0148615
  -0.0701692
   0.0368143
   0.0586495
  -0.0551652
  -0.0413901
   0.0681158
   0.0200805
  -0.0743966
  0.00319578
    0.073396
  -0.0261622
  -0.0652119
   0.0465641
   0.0506448
  -0.0624074
  -0.0311181
    0.072144
  0.00854572
  -0.0748195
   0.0148615
   0.0701692
  -0.0368143
  -0.0586495
   0.0551652
   0.0413901
  -0.0681158
  -0.0200805
   0.0743966
 -0.00319578
   -0.073396
   0.0261622
   0.0652119
  -0.0465641
  -0.0506448
  -0.0624074
  -0.0311181
    0.072144
  0.00854572
  -0.0748195
   0.0148615
   0.0701692
  -0.0368143
  -0.0586495
   0.0551652
   0.0413901
  -0.0681158
  -0.0200805
   0.0743966
 -0.00319578
   -0.073396
   0.0261622
   0.0652119
  -0.0465641
  -0.0506448
   0.0624074
   0.0311181
   -0.072144
 -0.00854572
   0.0748195
  -0.0148615
  -0.0701692
   0.0368143
   0.0586495
  -0.0551652
  -0.0413901
   0.0681158
   0.0200805
  -0.0743966
  0.00319578
    0.073396
  -0.0261622
  -0.0652119
   0.0465641
   0.0506448
   -0.103575
  -0.0516451
    0.119734
   0.0141838
   -0.124173
   0.0246651
    0.116456
  -0.0610996
  -0.0973384
   0.0915546
   0.0686935
   -0.113047
  -0.0333259
    0.123472
 -0.00530436
   -0.121812
   0.0434193
    0.108228
  -0.0772797
  -0.0840515
    0.103575
   0.0516451
   -0.119734
  -0.0141838
    0.124173
  -0.0246651
   -0.116456
   0.0610996
   0.0973384
  -0.0915546
  -0.0686935
    0.113047
   0.0333259
   -0.123472
  0.00530436
    0.121812
  -0.0434193
   -0.108228
   0.0772797
   0.0840515
  -0.0435782
  -0.0217286
   0.0503763
  0.00596916
  -0.0522413
   0.0103775
   0.0489948
  -0.0257077
  -0.0409542
   0.0385188
    0.028902
  -0.0475599
  -0.0140198
   0.0519479
 -0.00223265
  -0.0512507
   0.0182661
   0.0455338
  -0.0325128
  -0.0353607
   0.0435782
   0.0217286
  -0.0503763
 -0.00596916
   0.0522413
  -0.0103775
  -0.0489948
   0.0257077
   0.0409542
  -0.0385188
   -0.028902
   0.0475599
   0.0140198
  -0.0519479
  0.00223265
   0.0512507
  -0.0182661
  -0.0455338
   0.0325128
   0.0353607
   0.0099028
  0.00493827
  -0.0114487
 -0.00135445
    0.011876
  -0.0023583
  -0.0111374
    0.005841
  0.00930657
 -0.00875556
 -0.00656777
   0.0108125
  0.00318834
  -0.0118072
 0.000506048
   0.0116468
 -0.00415381
  -0.0103503
  0.00739096
  0.00803973
  -0.0099028
 -0.00493827
   0.0114487
  0.00135445
   -0.011876
   0.0023583
   0.0111374
   -0.005841
 -0.00930657
  0.00875556
  0.00656777
  -0.0108125
 -0.00318834
   0.0118072
-0.000506048
  -0.0116468
  0.00415381
   0.0103503
 -0.00739096
 -0.00803973
   0.0216068
   0.0107738
  -0.0249785
  -0.0029581
   0.0259058
 -0.00514539
  -0.0242954
   0.0127457
    0.020306
  -0.0191001
  -0.0143301
   0.0235849
  0.00695322
  -0.0257586
  0.00110591
   0.0254113
 -0.00905905
  -0.0225788
   0.0161226
   0.0175359
  -0.0216068
  -0.0107738
   0.0249785
   0.0029581
  -0.0259058
  0.00514539
   0.0242954
  -0.0127457
   -0.020306
   0.0191001
   0.0143301
  -0.0235849
 -0.00695322
   0.0257586
 -0.00110591
  -0.0254113
  0.00905905
   0.0225788
  -0.0161226
  -0.0175359
   0.0146845
  0.00732195
  -0.0169758
 -0.00201095
   0.0176051
 -0.00349691
  -0.0165108
  0.00866258
   0.0138005
  -0.0129803
  -0.0097391
   0.0160277
  0.00472499
  -0.0175056
 0.000751919
     0.01727
 -0.00615603
  -0.0153444
   0.0109567
   0.0119168
  -0.0146845
 -0.00732195
   0.0169758
  0.00201095
  -0.0176051
  0.00349691
   0.0165108
 -0.00866258
  -0.0138005
   0.0129803
   0.0097391
  -0.0160277
 -0.00472499
   0.0175056
-0.000751919
    -0.01727
  0.00615603
   0.0153444
  -0.0109567
  -0.0119168
  0.00711626
  0.00354818
 -0.00822654
-0.000974894
  0.00853086
 -0.00169463
 -0.00800072
  0.00419816
  0.00668792
 -0.00628998
 -0.00471967
  0.00776642
  0.00228938
 -0.00848303
 0.000364612
  0.00836921
 -0.00298278
 -0.00743556
  0.00530932
  0.00577435
 -0.00711626
 -0.00354818
  0.00822654
 0.000974894
 -0.00853086
  0.00169463
  0.00800072
 -0.00419816
 -0.00668792
  0.00628998
  0.00471967
 -0.00776642
 -0.00228938
  0.00848303
-0.000364612
 -0.00836921
  0.00298278
  0.00743556
 -0.00530932
 -0.00577435
  0.00290323
  0.00144749
 -0.00335606
-0.000397982
  0.00347979
-0.000691361
 -0.00326362
  0.00171285
  0.00272847
 -0.00256585
 -0.00192549
  0.00316791
 0.000933702
 -0.00346054
  0.00014893
  0.00341439
 -0.00121651
 -0.00303313
  0.00216573
  0.00235527
 -0.00290323
 -0.00144749
  0.00335606
 0.000397982
 -0.00347979
 0.000691361
  0.00326362
 -0.00171285
 -0.00272847
  0.00256585
  0.00192549
 -0.00316791
-0.000933702
  0.00346054
 -0.00014893
 -0.00341439
  0.00121651
  0.00303313
 -0.00216573
 -0.00235527
  0.00107428
 0.000535578
 -0.00124172
-0.000147428
  0.00128724
-0.000255824
 -0.00120733
 0.000633871
  0.00100959
 -0.00094925
-0.000712487
  0.00117182
 0.000345289
 -0.00128029
 5.52388e-05
  0.00126343
-0.000449872
 -0.00112209
 0.000801146
 0.000871163
 -0.00107428
-0.000535578
  0.00124172
 0.000147428
 -0.00128724
 0.000255824
  0.00120733
-0.000633871
 -0.00100959
  0.00094925
 0.000712487
 -0.00117182
-0.000345289
  0.00128029
-5.52388e-05
 -0.00126343
 0.000449872
  0.00112209
-0.000801146
-0.000871163
 0.000376013
 0.000187443
-0.000434527
-5.16979e-05
 0.000450296
-8.95415e-05
-0.000422382
 0.000221895
 0.000353337
-0.000332131
 -0.00024938
 0.000409885
  0.00012072
-0.000447971
 1.94226e-05
 0.000442214
-0.000157281
-0.000392573
  0.00028025
 0.000304679
-0.000376013
-0.000187443
 0.000434527
 5.16979e-05
-0.000450296
 8.95415e-05
 0.000422382
-0.000221895
-0.000353337
 0.000332131
  0.00024938
-0.000409885
 -0.00012072
 0.000447971
-1.94226e-05
-0.000442214
 0.000157281
 0.000392573
 -0.00028025
-0.000304679
 0.000127812
 6.37086e-05
-0.000147631
-1.76256e-05
 0.000152901
-3.04353e-05
-0.000143447
 7.54354e-05
 0.000120072
-0.000112824
-8.47678e-05
 0.000139154
 4.09488e-05
-0.000152173
 6.65811e-06
 0.000150309
-5.33479e-05
 -0.00013333
 9.51544e-05
 0.000103409
-0.000127812
-6.37086e-05
 0.000147631
 1.76256e-05
-0.000152901
 3.04353e-05
 0.000143447
-7.54354e-05
-0.000120072
 0.000112824
 8.47678e-05
-0.000139154
-4.09488e-05
 0.000152173
-6.65811e-06
-0.000150309
 5.33479e-05
  0.00013333
-9.51544e-05
-0.000103409
 4.29336e-05
 2.13999e-05
-4.95387e-05
-5.94759e-06
  5.1263e-05
-1.02221e-05
-4.81083e-05
 2.53396e-05
  4.0306e-05
-3.78562e-05
-2.84746e-05
 4.66352e-05
 1.37025e-05
-5.10529e-05
 2.27056e-06
 5.04834e-05
-1.78506e-05
-4.47177e-05
 3.18946e-05
 3.46368e-05
-4.29336e-05
-2.13999e-05
 4.95387e-05
 5.94759e-06
 -5.1263e-05
 1.02221e-05
 4.81083e-05
-2.53396e-05
 -4.0306e-05
 3.78562e-05
 2.84746e-05
-4.66352e-05
-1.37025e-05
 5.10529e-05
-2.27056e-06
-5.04834e-05
 1.78506e-05
 4.47177e-05
-3.18946e-05
-3.46368e-05
