 0.000741477
   0.0040317
  0.00496021
  0.00298311
-0.000741414
 -0.00403164
 -0.00496015
 -0.00298307
 0.000741472
  0.00403166
  0.00496013
  0.00298304
-0.000741506
  -0.0040317
 -0.00496017
 -0.00298304
 0.000741549
  0.00403173
  0.00496021
  0.00298309
-0.000741477
  -0.0040317
 -0.00496021
 -0.00298311
 0.000741414
  0.00403164
  0.00496015
  0.00298307
-0.000741472
 -0.00403166
 -0.00496013
 -0.00298304
 0.000741506
   0.0040317
  0.00496017
  0.00298304
-0.000741549
 -0.00403173
 -0.00496021
 -0.00298309
  0.00119698
  0.00650846
  0.00800735
  0.00481568
 -0.00119691
  -0.0065084
  -0.0080073
 -0.00481565
  0.00119697
  0.00650842
  0.00800725
   0.0048156
 -0.00119702
 -0.00650847
 -0.00800733
  -0.0048156
  0.00119708
  0.00650849
  0.00800736
  0.00481567
 -0.00119698
 -0.00650846
 -0.00800735
 -0.00481568
  0.00119691
   0.0065084
   0.0080073
  0.00481565
 -0.00119697
 -0.00650842
 -0.00800725
  -0.0048156
  0.00119702
  0.00650847
  0.00800733
   0.0048156
 -0.00119708
 -0.00650849
 -0.00800736
 -0.00481567
  0.00182982
  0.00994946
   0.0122408
  0.00736168
 -0.00182973
 -0.00994939
  -0.0122408
 -0.00736167
  0.00182981
  0.00994941
   0.0122407
  0.00736161
 -0.00182987
 -0.00994947
  -0.0122408
 -0.00736162
  0.00182995
  0.00994948
   0.0122408
  0.00736168
 -0.00182982
 -0.00994946
  -0.0122408
 -0.00736168
  0.00182973
  0.00994939
   0.0122408
  0.00736167
 -0.00182981
 -0.00994941
  -0.0122407
 -0.00736161
  0.00182987
  0.00994947
   0.0122408
  0.00736162
 -0.00182995
 -0.00994948
  -0.0122408
 -0.00736168
  0.00253836
   0.0138021
   0.0169805
   0.0102122
 -0.00253827
   -0.013802
  -0.0169806
  -0.0102122
  0.00253836
    0.013802
   0.0169804
   0.0102122
  -0.0025384
  -0.0138021
  -0.0169806
  -0.0102122
  0.00253851
    0.013802
   0.0169806
   0.0102122
 -0.00253836
  -0.0138021
  -0.0169805
  -0.0102122
  0.00253827
    0.013802
   0.0169806
   0.0102122
 -0.00253836
   -0.013802
  -0.0169804
  -0.0102122
   0.0025384
   0.0138021
   0.0169806
   0.0102122
 -0.00253851
   -0.013802
  -0.0169806
  -0.0102122
  0.00290282
   0.0157838
   0.0194185
   0.0116784
 -0.00290276
  -0.0157837
  -0.0194188
  -0.0116786
  0.00290286
   0.0157838
   0.0194185
   0.0116785
 -0.00290279
  -0.0157838
  -0.0194188
  -0.0116785
  0.00290297
   0.0157836
   0.0194185
   0.0116785
 -0.00290282
  -0.0157838
  -0.0194185
  -0.0116784
  0.00290276
   0.0157837
   0.0194188
   0.0116786
 -0.00290286
  -0.0157838
  -0.0194185
  -0.0116785
  0.00290279
   0.0157838
   0.0194188
   0.0116785
 -0.00290297
  -0.0157836
  -0.0194185
  -0.0116785
  0.00191223
   0.0103978
   0.0127919
  0.00769297
 -0.00191226
  -0.0103977
  -0.0127924
 -0.00769344
  0.00191239
   0.0103978
   0.0127919
  0.00769335
 -0.00191206
  -0.0103977
  -0.0127924
 -0.00769331
  0.00191236
   0.0103974
   0.0127919
   0.0076934
 -0.00191223
  -0.0103978
  -0.0127919
 -0.00769297
  0.00191226
   0.0103977
   0.0127924
  0.00769344
 -0.00191239
  -0.0103978
  -0.0127919
 -0.00769335
  0.00191206
   0.0103977
   0.0127924
  0.00769331
 -0.00191236
  -0.0103974
  -0.0127919
  -0.0076934
 -0.00197247
  -0.0107245
   -0.013195
  -0.0079359
  0.00197229
   0.0107248
   0.0131942
  0.00793503
 -0.00197208
  -0.0107245
  -0.0131949
 -0.00793516
   0.0019729
   0.0107246
   0.0131942
  0.00793531
 -0.00197244
  -0.0107253
  -0.0131951
 -0.00793508
  0.00197247
   0.0107245
    0.013195
   0.0079359
 -0.00197229
  -0.0107248
  -0.0131942
 -0.00793503
  0.00197208
   0.0107245
   0.0131949
  0.00793516
  -0.0019729
  -0.0107246
  -0.0131942
 -0.00793531
  0.00197244
   0.0107253
   0.0131951
  0.00793508
 -0.00917773
  -0.0499018
  -0.0613947
  -0.0369237
  0.00917734
   0.0499024
   0.0613939
   0.0369226
 -0.00917709
   -0.049902
  -0.0613946
  -0.0369228
   0.0091784
   0.0499021
    0.061394
   0.0369231
 -0.00917791
  -0.0499029
  -0.0613949
  -0.0369226
  0.00917773
   0.0499018
   0.0613947
   0.0369237
 -0.00917734
  -0.0499024
  -0.0613939
  -0.0369226
  0.00917709
    0.049902
   0.0613946
   0.0369228
  -0.0091784
  -0.0499021
   -0.061394
  -0.0369231
  0.00917791
   0.0499029
   0.0613949
   0.0369226
  -0.0148803
  -0.0809094
  -0.0995422
  -0.0598657
   0.0148797
   0.0809095
   0.0995423
   0.0598652
  -0.0148799
  -0.0809094
  -0.0995421
  -0.0598653
   0.0148807
   0.0809093
   0.0995424
   0.0598654
  -0.0148809
  -0.0809097
  -0.0995423
  -0.0598653
   0.0148803
   0.0809094
   0.0995422
   0.0598657
  -0.0148797
  -0.0809095
  -0.0995423
  -0.0598652
   0.0148799
   0.0809094
   0.0995421
   0.0598653
  -0.0148807
  -0.0809093
  -0.0995424
  -0.0598654
   0.0148809
   0.0809097
   0.0995423
   0.0598653
 -0.00859094
  -0.0467141
  -0.0574702
  -0.0345621
  0.00859036
   0.0467122
   0.0574717
   0.0345639
 -0.00859209
  -0.0467134
  -0.0574693
  -0.0345633
     0.00859
   0.0467133
    0.057472
   0.0345627
 -0.00859227
   -0.046712
  -0.0574699
  -0.0345642
  0.00859094
   0.0467141
   0.0574702
   0.0345621
 -0.00859036
  -0.0467122
  -0.0574717
  -0.0345639
  0.00859209
   0.0467134
   0.0574693
   0.0345633
    -0.00859
  -0.0467133
   -0.057472
  -0.0345627
  0.00859227
    0.046712
   0.0574699
   0.0345642
  0.00802919
   0.0436535
   0.0537094
   0.0323036
 -0.00802963
  -0.0436578
  -0.0537073
  -0.0322994
  0.00802624
   0.0436549
   0.0537115
    0.032301
 -0.00803163
  -0.0436547
   -0.053707
  -0.0323027
  0.00802745
   0.0436578
   0.0537102
    0.032299
 -0.00802919
  -0.0436535
  -0.0537094
  -0.0323036
  0.00802963
   0.0436578
   0.0537073
   0.0322994
 -0.00802624
  -0.0436549
  -0.0537115
   -0.032301
  0.00803163
   0.0436547
    0.053707
   0.0323027
 -0.00802745
  -0.0436578
  -0.0537102
   -0.032299
  0.00864751
   0.0470172
   0.0578464
   0.0347907
 -0.00864767
  -0.0470199
  -0.0578454
  -0.0347883
  0.00864569
   0.0470181
   0.0578477
   0.0347893
 -0.00864899
  -0.0470179
  -0.0578453
  -0.0347903
  0.00864663
   0.0470197
   0.0578469
   0.0347881
 -0.00864751
  -0.0470172
  -0.0578464
  -0.0347907
  0.00864767
   0.0470199
   0.0578454
   0.0347883
 -0.00864569
  -0.0470181
  -0.0578477
  -0.0347893
  0.00864899
   0.0470179
   0.0578453
   0.0347903
 -0.00864663
  -0.0470197
  -0.0578469
  -0.0347881
 -0.00864751
  -0.0470172
  -0.0578464
  -0.0347907
  0.00864767
   0.0470199
   0.0578454
   0.0347883
 -0.00864569
  -0.0470181
  -0.0578477
  -0.0347893
  0.00864899
   0.0470179
   0.0578453
   0.0347903
 -0.00864663
  -0.0470197
  -0.0578469
  -0.0347881
  0.00864751
   0.0470172
   0.0578464
   0.0347907
 -0.00864767
  -0.0470199
  -0.0578454
  -0.0347883
  0.00864569
   0.0470181
   0.0578477
   0.0347893
 -0.00864899
  -0.0470179
  -0.0578453
  -0.0347903
  0.00864663
   0.0470197
   0.0578469
   0.0347881
 -0.00802919
  -0.0436535
  -0.0537094
  -0.0323036
  0.00802963
   0.0436578
   0.0537073
   0.0322994
 -0.00802624
  -0.0436549
  -0.0537115
   -0.032301
  0.00803163
   0.0436547
    0.053707
   0.0323027
 -0.00802745
  -0.0436578
  -0.0537102
   -0.032299
  0.00802919
   0.0436535
   0.0537094
   0.0323036
 -0.00802963
  -0.0436578
  -0.0537073
  -0.0322994
  0.00802624
   0.0436549
   0.0537115
    0.032301
 -0.00803163
  -0.0436547
   -0.053707
  -0.0323027
  0.00802745
   0.0436578
   0.0537102
    0.032299
  0.00859094
   0.0467141
   0.0574702
   0.0345621
 -0.00859036
  -0.0467122
  -0.0574717
  -0.0345639
  0.00859209
   0.0467134
   0.0574693
   0.0345633
    -0.00859
  -0.0467133
   -0.057472
  -0.0345627
  0.00859227
    0.046712
   0.0574699
   0.0345642
 -0.00859094
  -0.0467141
  -0.0574702
  -0.0345621
  0.00859036
   0.0467122
   0.0574717
   0.0345639
 -0.00859209
  -0.0467134
  -0.0574693
  -0.0345633
     0.00859
   0.0467133
    0.057472
   0.0345627
 -0.00859227
   -0.046712
  -0.0574699
  -0.0345642
   0.0148803
   0.0809094
   0.0995422
   0.0598657
  -0.0148797
  -0.0809095
  -0.0995423
  -0.0598652
   0.0148799
   0.0809094
   0.0995421
   0.0598653
  -0.0148807
  -0.0809093
  -0.0995424
  -0.0598654
   0.0148809
   0.0809097
   0.0995423
   0.0598653
  -0.0148803
  -0.0809094
  -0.0995422
  -0.0598657
   0.0148797
   0.0809095
   0.0995423
   0.0598652
  -0.0148799
  -0.0809094
  -0.0995421
  -0.0598653
   0.0148807
   0.0809093
   0.0995424
   0.0598654
  -0.0148809
  -0.0809097
  -0.0995423
  -0.0598653
  0.00917773
   0.0499018
   0.0613947
   0.0369237
 -0.00917734
  -0.0499024
  -0.0613939
  -0.0369226
  0.00917709
    0.049902
   0.0613946
   0.0369228
  -0.0091784
  -0.0499021
   -0.061394
  -0.0369231
  0.00917791
   0.0499029
   0.0613949
   0.0369226
 -0.00917773
  -0.0499018
  -0.0613947
  -0.0369237
  0.00917734
   0.0499024
   0.0613939
   0.0369226
 -0.00917709
   -0.049902
  -0.0613946
  -0.0369228
   0.0091784
   0.0499021
    0.061394
   0.0369231
 -0.00917791
  -0.0499029
  -0.0613949
  -0.0369226
  0.00197247
   0.0107245
    0.013195
   0.0079359
 -0.00197229
  -0.0107248
  -0.0131942
 -0.00793503
  0.00197208
   0.0107245
   0.0131949
  0.00793516
  -0.0019729
  -0.0107246
  -0.0131942
 -0.00793531
  0.00197244
   0.0107253
   0.0131951
  0.00793508
 -0.00197247
  -0.0107245
   -0.013195
  -0.0079359
  0.00197229
   0.0107248
   0.0131942
  0.00793503
 -0.00197208
  -0.0107245
  -0.0131949
 -0.00793516
   0.0019729
   0.0107246
   0.0131942
  0.00793531
 -0.00197244
  -0.0107253
  -0.0131951
 -0.00793508
 -0.00191223
  -0.0103978
  -0.0127919
 -0.00769297
  0.00191226
   0.0103977
   0.0127924
  0.00769344
 -0.00191239
  -0.0103978
  -0.0127919
 -0.00769335
  0.00191206
   0.0103977
   0.0127924
  0.00769331
 -0.00191236
  -0.0103974
  -0.0127919
  -0.0076934
  0.00191223
   0.0103978
   0.0127919
  0.00769297
 -0.00191226
  -0.0103977
  -0.0127924
 -0.00769344
  0.00191239
   0.0103978
   0.0127919
  0.00769335
 -0.00191206
  -0.0103977
  -0.0127924
 -0.00769331
  0.00191236
   0.0103974
   0.0127919
   0.0076934
 -0.00290282
  -0.0157838
  -0.0194185
  -0.0116784
  0.00290276
   0.0157837
   0.0194188
   0.0116786
 -0.00290286
  -0.0157838
  -0.0194185
  -0.0116785
  0.00290279
   0.0157838
   0.0194188
   0.0116785
 -0.00290297
  -0.0157836
  -0.0194185
  -0.0116785
  0.00290282
   0.0157838
   0.0194185
   0.0116784
 -0.00290276
  -0.0157837
  -0.0194188
  -0.0116786
  0.00290286
   0.0157838
   0.0194185
   0.0116785
 -0.00290279
  -0.0157838
  -0.0194188
  -0.0116785
  0.00290297
   0.0157836
   0.0194185
   0.0116785
 -0.00253836
  -0.0138021
  -0.0169805
  -0.0102122
  0.00253827
    0.013802
   0.0169806
   0.0102122
 -0.00253836
   -0.013802
  -0.0169804
  -0.0102122
   0.0025384
   0.0138021
   0.0169806
   0.0102122
 -0.00253851
   -0.013802
  -0.0169806
  -0.0102122
  0.00253836
   0.0138021
   0.0169805
   0.0102122
 -0.00253827
   -0.013802
  -0.0169806
  -0.0102122
  0.00253836
    0.013802
   0.0169804
   0.0102122
  -0.0025384
  -0.0138021
  -0.0169806
  -0.0102122
  0.00253851
    0.013802
   0.0169806
   0.0102122
 -0.00182982
 -0.00994946
  -0.0122408
 -0.00736168
  0.00182973
  0.00994939
   0.0122408
  0.00736167
 -0.00182981
 -0.00994941
  -0.0122407
 -0.00736161
  0.00182987
  0.00994947
   0.0122408
  0.00736162
 -0.00182995
 -0.00994948
  -0.0122408
 -0.00736168
  0.00182982
  0.00994946
   0.0122408
  0.00736168
 -0.00182973
 -0.00994939
  -0.0122408
 -0.00736167
  0.00182981
  0.00994941
   0.0122407
  0.00736161
 -0.00182987
 -0.00994947
  -0.0122408
 -0.00736162
  0.00182995
  0.00994948
   0.0122408
  0.00736168
 -0.00119698
 -0.00650846
 -0.00800735
 -0.00481568
  0.00119691
   0.0065084
   0.0080073
  0.00481565
 -0.00119697
 -0.00650842
 -0.00800725
  -0.0048156
  0.00119702
  0.00650847
  0.00800733
   0.0048156
 -0.00119708
 -0.00650849
 -0.00800736
 -0.00481567
  0.00119698
  0.00650846
  0.00800735
  0.00481568
 -0.00119691
  -0.0065084
  -0.0080073
 -0.00481565
  0.00119697
  0.00650842
  0.00800725
   0.0048156
 -0.00119702
 -0.00650847
 -0.00800733
  -0.0048156
  0.00119708
  0.00650849
  0.00800736
  0.00481567
-0.000741477
  -0.0040317
 -0.00496021
 -0.00298311
 0.000741414
  0.00403164
  0.00496015
  0.00298307
-0.000741472
 -0.00403166
 -0.00496013
 -0.00298304
 0.000741506
   0.0040317
  0.00496017
  0.00298304
-0.000741549
 -0.00403173
 -0.00496021
 -0.00298309
 0.000741477
   0.0040317
  0.00496021
  0.00298311
-0.000741414
 -0.00403164
 -0.00496015
 -0.00298307
 0.000741472
  0.00403166
  0.00496013
  0.00298304
-0.000741506
  -0.0040317
 -0.00496017
 -0.00298304
 0.000741549
  0.00403173
  0.00496021
  0.00298309
