  0.00600358
  0.00631263
   0.0064662
   0.0064606
   0.0062959
  0.00597619
  0.00550929
  0.00490675
  0.00418338
  0.00335703
  0.00244799
   0.0014787
 0.000472972
-0.000544393
 -0.00154835
 -0.00251419
 -0.00341811
 -0.00423786
 -0.00495326
 -0.00554673
 -0.00600358
 -0.00631263
  -0.0064662
  -0.0064606
  -0.0062959
 -0.00597619
 -0.00550929
 -0.00490675
 -0.00418338
 -0.00335703
 -0.00244799
  -0.0014787
-0.000472972
 0.000544393
  0.00154835
  0.00251419
  0.00341811
  0.00423786
  0.00495326
  0.00554673
  0.00641812
  0.00674852
  0.00691268
   0.0069067
  0.00673063
  0.00638884
  0.00588971
  0.00524556
  0.00447224
  0.00358883
  0.00261702
   0.0015808
  0.00050563
-0.000581983
 -0.00165526
 -0.00268779
 -0.00365413
 -0.00453048
 -0.00529528
 -0.00592973
 -0.00641812
 -0.00674852
 -0.00691268
  -0.0069067
 -0.00673063
 -0.00638884
 -0.00588971
 -0.00524556
 -0.00447224
 -0.00358883
 -0.00261702
  -0.0015808
 -0.00050563
 0.000581983
  0.00165526
  0.00268779
  0.00365413
  0.00453048
  0.00529528
  0.00592973
  0.00627882
  0.00660206
  0.00676265
   0.0067568
  0.00658456
  0.00625019
  0.00576188
  0.00513171
  0.00437517
  0.00351094
  0.00256022
  0.00154649
 0.000494655
-0.000569352
 -0.00161934
 -0.00262946
 -0.00357482
 -0.00443215
 -0.00518034
 -0.00580104
 -0.00627882
 -0.00660206
 -0.00676265
  -0.0067568
 -0.00658456
 -0.00625019
 -0.00576188
 -0.00513171
 -0.00437517
 -0.00351094
 -0.00256022
 -0.00154649
-0.000494655
 0.000569352
  0.00161934
  0.00262946
  0.00357482
  0.00443215
  0.00518034
  0.00580104
  0.00500546
  0.00526317
  0.00539116
  0.00538651
  0.00524921
  0.00498266
  0.00459337
    0.004091
  0.00348787
  0.00279893
  0.00204101
  0.00123286
 0.000394337
-0.000453888
 -0.00129093
 -0.00209621
 -0.00284985
 -0.00353331
 -0.00412975
 -0.00462459
 -0.00500546
 -0.00526317
 -0.00539116
 -0.00538651
 -0.00524921
 -0.00498266
 -0.00459337
   -0.004091
 -0.00348787
 -0.00279893
 -0.00204101
 -0.00123286
-0.000394337
 0.000453888
  0.00129093
  0.00209621
  0.00284985
  0.00353331
  0.00412975
  0.00462459
   0.0016052
  0.00168788
  0.00172887
  0.00172741
  0.00168339
  0.00159793
  0.00147307
  0.00131195
  0.00111851
 0.000897608
 0.000654529
 0.000395375
 0.000126457
 -0.00014556
-0.000413996
-0.000672253
 -0.00091393
  -0.0011331
 -0.00132435
 -0.00148309
  -0.0016052
 -0.00168788
 -0.00172887
 -0.00172741
 -0.00168339
 -0.00159793
 -0.00147307
 -0.00131195
 -0.00111851
-0.000897608
-0.000654529
-0.000395375
-0.000126457
  0.00014556
 0.000413996
 0.000672253
  0.00091393
   0.0011331
  0.00132435
  0.00148309
  -0.0054914
 -0.00577402
 -0.00591459
 -0.00590941
 -0.00575874
 -0.00546626
 -0.00503924
 -0.00448813
 -0.00382651
 -0.00307059
 -0.00223915
 -0.00135253
-0.000432626
 0.000497945
  0.00141624
  0.00229966
  0.00312648
  0.00387631
  0.00453071
  0.00507346
   0.0054914
  0.00577402
  0.00591459
  0.00590941
  0.00575874
  0.00546626
  0.00503924
  0.00448813
  0.00382651
  0.00307059
  0.00223915
  0.00135253
 0.000432626
-0.000497945
 -0.00141624
 -0.00229966
 -0.00312648
 -0.00387631
 -0.00453071
 -0.00507346
  -0.0183888
  -0.0193353
  -0.0198058
  -0.0197886
  -0.0192841
  -0.0183048
  -0.0168747
  -0.0150292
  -0.0128136
  -0.0102824
 -0.00749813
 -0.00452918
  -0.0014487
  0.00166745
  0.00474252
  0.00770084
   0.0104695
   0.0129804
   0.0151717
   0.0169894
   0.0183888
   0.0193353
   0.0198058
   0.0197886
   0.0192841
   0.0183048
   0.0168747
   0.0150292
   0.0128136
   0.0102824
  0.00749813
  0.00452918
   0.0014487
 -0.00166745
 -0.00474252
 -0.00770084
  -0.0104695
  -0.0129804
  -0.0151717
  -0.0169894
  -0.0388181
  -0.0408163
  -0.0418094
  -0.0417731
  -0.0407081
  -0.0386409
  -0.0356221
  -0.0317262
   -0.027049
  -0.0217059
  -0.0158283
 -0.00956096
 -0.00305816
  0.00351995
   0.0100113
   0.0162563
   0.0221009
   0.0274013
   0.0320269
   0.0358641
   0.0388181
   0.0408163
   0.0418094
   0.0417731
   0.0407081
   0.0386409
   0.0356221
   0.0317262
    0.027049
   0.0217059
   0.0158283
  0.00956096
  0.00305816
 -0.00351995
  -0.0100113
  -0.0162563
  -0.0221009
  -0.0274013
  -0.0320269
  -0.0358641
  -0.0650573
  -0.0684064
  -0.0700705
  -0.0700098
  -0.0682251
  -0.0647605
   -0.059701
  -0.0531717
  -0.0453329
  -0.0363782
  -0.0265275
  -0.0160238
 -0.00512533
  0.00589928
   0.0167785
   0.0272448
   0.0370401
   0.0459233
   0.0536757
   0.0601067
   0.0650573
   0.0684064
   0.0700705
   0.0700098
   0.0682251
   0.0647605
    0.059701
   0.0531717
   0.0453329
   0.0363782
   0.0265275
   0.0160238
  0.00512533
 -0.00589928
  -0.0167785
  -0.0272448
  -0.0370401
  -0.0459233
  -0.0536757
  -0.0601067
  -0.0862984
   -0.090741
  -0.0929483
  -0.0928679
  -0.0905005
  -0.0859048
  -0.0791934
  -0.0705321
  -0.0601339
  -0.0482557
  -0.0351887
  -0.0212555
 -0.00679873
  0.00782538
   0.0222567
   0.0361402
   0.0491337
   0.0609172
   0.0712006
   0.0797316
   0.0862984
    0.090741
   0.0929483
   0.0928679
   0.0905005
   0.0859048
   0.0791934
   0.0705321
   0.0601339
   0.0482557
   0.0351887
   0.0212555
  0.00679873
 -0.00782538
  -0.0222567
  -0.0361402
  -0.0491337
  -0.0609172
  -0.0712006
  -0.0797316
  -0.0810141
  -0.0851848
  -0.0872568
  -0.0871813
   -0.084959
  -0.0806447
  -0.0743442
  -0.0662133
  -0.0564517
  -0.0453009
   -0.033034
   -0.019954
 -0.00638242
  0.00734622
   0.0208939
   0.0339273
   0.0461251
    0.057187
   0.0668407
   0.0748495
   0.0810141
   0.0851848
   0.0872568
   0.0871813
    0.084959
   0.0806447
   0.0743442
   0.0662133
   0.0564517
   0.0453009
    0.033034
    0.019954
  0.00638242
 -0.00734622
  -0.0208939
  -0.0339273
  -0.0461251
   -0.057187
  -0.0668407
  -0.0748495
  -0.0342533
  -0.0360168
  -0.0368928
  -0.0368609
  -0.0359213
  -0.0340972
  -0.0314333
  -0.0279954
  -0.0238682
  -0.0191535
   -0.013967
  -0.0084367
 -0.00269853
  0.00310603
  0.00883409
   0.0143447
    0.019502
   0.0241791
   0.0282607
   0.0316469
   0.0342533
   0.0360168
   0.0368928
   0.0368609
   0.0359213
   0.0340972
   0.0314333
   0.0279954
   0.0238682
   0.0191535
    0.013967
   0.0084367
  0.00269853
 -0.00310603
 -0.00883409
  -0.0143447
   -0.019502
  -0.0241791
  -0.0282607
  -0.0316469
   0.0342533
   0.0360168
   0.0368928
   0.0368609
   0.0359213
   0.0340972
   0.0314333
   0.0279954
   0.0238682
   0.0191535
    0.013967
   0.0084367
  0.00269853
 -0.00310603
 -0.00883409
  -0.0143447
   -0.019502
  -0.0241791
  -0.0282607
  -0.0316469
  -0.0342533
  -0.0360168
  -0.0368928
  -0.0368609
  -0.0359213
  -0.0340972
  -0.0314333
  -0.0279954
  -0.0238682
  -0.0191535
   -0.013967
  -0.0084367
 -0.00269853
  0.00310603
  0.00883409
   0.0143447
    0.019502
   0.0241791
   0.0282607
   0.0316469
   0.0810141
   0.0851848
   0.0872568
   0.0871813
    0.084959
   0.0806447
   0.0743442
   0.0662133
   0.0564517
   0.0453009
    0.033034
    0.019954
  0.00638242
 -0.00734622
  -0.0208939
  -0.0339273
  -0.0461251
   -0.057187
  -0.0668407
  -0.0748495
  -0.0810141
  -0.0851848
  -0.0872568
  -0.0871813
   -0.084959
  -0.0806447
  -0.0743442
  -0.0662133
  -0.0564517
  -0.0453009
   -0.033034
   -0.019954
 -0.00638242
  0.00734622
   0.0208939
   0.0339273
   0.0461251
    0.057187
   0.0668407
   0.0748495
   0.0862984
    0.090741
   0.0929483
   0.0928679
   0.0905005
   0.0859048
   0.0791934
   0.0705321
   0.0601339
   0.0482557
   0.0351887
   0.0212555
  0.00679873
 -0.00782538
  -0.0222567
  -0.0361402
  -0.0491337
  -0.0609172
  -0.0712006
  -0.0797316
  -0.0862984
   -0.090741
  -0.0929483
  -0.0928679
  -0.0905005
  -0.0859048
  -0.0791934
  -0.0705321
  -0.0601339
  -0.0482557
  -0.0351887
  -0.0212555
 -0.00679873
  0.00782538
   0.0222567
   0.0361402
   0.0491337
   0.0609172
   0.0712006
   0.0797316
   0.0650573
   0.0684064
   0.0700705
   0.0700098
   0.0682251
   0.0647605
    0.059701
   0.0531717
   0.0453329
   0.0363782
   0.0265275
   0.0160238
  0.00512533
 -0.00589928
  -0.0167785
  -0.0272448
  -0.0370401
  -0.0459233
  -0.0536757
  -0.0601067
  -0.0650573
  -0.0684064
  -0.0700705
  -0.0700098
  -0.0682251
  -0.0647605
   -0.059701
  -0.0531717
  -0.0453329
  -0.0363782
  -0.0265275
  -0.0160238
 -0.00512533
  0.00589928
   0.0167785
   0.0272448
   0.0370401
   0.0459233
   0.0536757
   0.0601067
   0.0388181
   0.0408163
   0.0418094
   0.0417731
   0.0407081
   0.0386409
   0.0356221
   0.0317262
    0.027049
   0.0217059
   0.0158283
  0.00956096
  0.00305816
 -0.00351995
  -0.0100113
  -0.0162563
  -0.0221009
  -0.0274013
  -0.0320269
  -0.0358641
  -0.0388181
  -0.0408163
  -0.0418094
  -0.0417731
  -0.0407081
  -0.0386409
  -0.0356221
  -0.0317262
   -0.027049
  -0.0217059
  -0.0158283
 -0.00956096
 -0.00305816
  0.00351995
   0.0100113
   0.0162563
   0.0221009
   0.0274013
   0.0320269
   0.0358641
   0.0183888
   0.0193353
   0.0198058
   0.0197886
   0.0192841
   0.0183048
   0.0168747
   0.0150292
   0.0128136
   0.0102824
  0.00749813
  0.00452918
   0.0014487
 -0.00166745
 -0.00474252
 -0.00770084
  -0.0104695
  -0.0129804
  -0.0151717
  -0.0169894
  -0.0183888
  -0.0193353
  -0.0198058
  -0.0197886
  -0.0192841
  -0.0183048
  -0.0168747
  -0.0150292
  -0.0128136
  -0.0102824
 -0.00749813
 -0.00452918
  -0.0014487
  0.00166745
  0.00474252
  0.00770084
   0.0104695
   0.0129804
   0.0151717
   0.0169894
   0.0054914
  0.00577402
  0.00591459
  0.00590941
  0.00575874
  0.00546626
  0.00503924
  0.00448813
  0.00382651
  0.00307059
  0.00223915
  0.00135253
 0.000432626
-0.000497945
 -0.00141624
 -0.00229966
 -0.00312648
 -0.00387631
 -0.00453071
 -0.00507346
  -0.0054914
 -0.00577402
 -0.00591459
 -0.00590941
 -0.00575874
 -0.00546626
 -0.00503924
 -0.00448813
 -0.00382651
 -0.00307059
 -0.00223915
 -0.00135253
-0.000432626
 0.000497945
  0.00141624
  0.00229966
  0.00312648
  0.00387631
  0.00453071
  0.00507346
  -0.0016052
 -0.00168788
 -0.00172887
 -0.00172741
 -0.00168339
 -0.00159793
 -0.00147307
 -0.00131195
 -0.00111851
-0.000897608
-0.000654529
-0.000395375
-0.000126457
  0.00014556
 0.000413996
 0.000672253
  0.00091393
   0.0011331
  0.00132435
  0.00148309
   0.0016052
  0.00168788
  0.00172887
  0.00172741
  0.00168339
  0.00159793
  0.00147307
  0.00131195
  0.00111851
 0.000897608
 0.000654529
 0.000395375
 0.000126457
 -0.00014556
-0.000413996
-0.000672253
 -0.00091393
  -0.0011331
 -0.00132435
 -0.00148309
 -0.00500546
 -0.00526317
 -0.00539116
 -0.00538651
 -0.00524921
 -0.00498266
 -0.00459337
   -0.004091
 -0.00348787
 -0.00279893
 -0.00204101
 -0.00123286
-0.000394337
 0.000453888
  0.00129093
  0.00209621
  0.00284985
  0.00353331
  0.00412975
  0.00462459
  0.00500546
  0.00526317
  0.00539116
  0.00538651
  0.00524921
  0.00498266
  0.00459337
    0.004091
  0.00348787
  0.00279893
  0.00204101
  0.00123286
 0.000394337
-0.000453888
 -0.00129093
 -0.00209621
 -0.00284985
 -0.00353331
 -0.00412975
 -0.00462459
 -0.00627882
 -0.00660206
 -0.00676265
  -0.0067568
 -0.00658456
 -0.00625019
 -0.00576188
 -0.00513171
 -0.00437517
 -0.00351094
 -0.00256022
 -0.00154649
-0.000494655
 0.000569352
  0.00161934
  0.00262946
  0.00357482
  0.00443215
  0.00518034
  0.00580104
  0.00627882
  0.00660206
  0.00676265
   0.0067568
  0.00658456
  0.00625019
  0.00576188
  0.00513171
  0.00437517
  0.00351094
  0.00256022
  0.00154649
 0.000494655
-0.000569352
 -0.00161934
 -0.00262946
 -0.00357482
 -0.00443215
 -0.00518034
 -0.00580104
 -0.00641812
 -0.00674852
 -0.00691268
  -0.0069067
 -0.00673063
 -0.00638884
 -0.00588971
 -0.00524556
 -0.00447224
 -0.00358883
 -0.00261702
  -0.0015808
 -0.00050563
 0.000581983
  0.00165526
  0.00268779
  0.00365413
  0.00453048
  0.00529528
  0.00592973
  0.00641812
  0.00674852
  0.00691268
   0.0069067
  0.00673063
  0.00638884
  0.00588971
  0.00524556
  0.00447224
  0.00358883
  0.00261702
   0.0015808
  0.00050563
-0.000581983
 -0.00165526
 -0.00268779
 -0.00365413
 -0.00453048
 -0.00529528
 -0.00592973
 -0.00600358
 -0.00631263
  -0.0064662
  -0.0064606
  -0.0062959
 -0.00597619
 -0.00550929
 -0.00490675
 -0.00418338
 -0.00335703
 -0.00244799
  -0.0014787
-0.000472972
 0.000544393
  0.00154835
  0.00251419
  0.00341811
  0.00423786
  0.00495326
  0.00554673
  0.00600358
  0.00631263
   0.0064662
   0.0064606
   0.0062959
  0.00597619
  0.00550929
  0.00490675
  0.00418338
  0.00335703
  0.00244799
   0.0014787
 0.000472972
-0.000544393
 -0.00154835
 -0.00251419
 -0.00341811
 -0.00423786
 -0.00495326
 -0.00554673
