   0.0150384
   0.0207652
   0.0219653
   0.0183773
   0.0107834
 0.000838732
 -0.00928875
  -0.0173913
  -0.0217029
  -0.0212835
  -0.0162246
 -0.00762898
  0.00262972
   0.0123152
    0.019316
   0.0221063
   0.0200776
   0.0136723
  0.00428652
 -0.00603362
  -0.0150384
  -0.0207652
  -0.0219653
  -0.0183773
  -0.0107834
-0.000838732
  0.00928875
   0.0173913
   0.0217029
   0.0212835
   0.0162246
  0.00762898
 -0.00262972
  -0.0123152
   -0.019316
  -0.0221063
  -0.0200776
  -0.0136723
 -0.00428652
  0.00603362
   0.0189018
   0.0260998
   0.0276081
   0.0230985
   0.0135536
  0.00105421
   -0.011675
  -0.0218592
  -0.0272783
  -0.0267513
  -0.0203927
 -0.00958888
   0.0033053
    0.015479
   0.0242784
   0.0277855
   0.0252356
   0.0171847
  0.00538774
 -0.00758367
  -0.0189018
  -0.0260998
  -0.0276081
  -0.0230985
  -0.0135536
 -0.00105421
    0.011675
   0.0218592
   0.0272783
   0.0267513
   0.0203927
  0.00958888
  -0.0033053
   -0.015479
  -0.0242784
  -0.0277855
  -0.0252356
  -0.0171847
 -0.00538774
  0.00758367
   0.0216997
   0.0299631
   0.0316947
   0.0265175
   0.0155599
  0.00121025
  -0.0134032
  -0.0250948
   -0.031316
  -0.0307111
  -0.0234112
  -0.0110082
  0.00379455
   0.0177702
   0.0278721
   0.0318984
    0.028971
   0.0197284
  0.00618522
 -0.00870621
  -0.0216997
  -0.0299631
  -0.0316947
  -0.0265175
  -0.0155599
 -0.00121025
   0.0134032
   0.0250948
    0.031316
   0.0307111
   0.0234112
   0.0110082
 -0.00379455
  -0.0177702
  -0.0278721
  -0.0318984
   -0.028971
  -0.0197284
 -0.00618522
  0.00870621
   0.0208804
   0.0288318
   0.0304979
   0.0255163
   0.0149724
  0.00116456
  -0.0128971
  -0.0241473
  -0.0301336
  -0.0295515
  -0.0225273
  -0.0105926
  0.00365126
   0.0170993
   0.0268198
   0.0306941
   0.0278772
   0.0189836
  0.00595167
 -0.00837753
  -0.0208804
  -0.0288318
  -0.0304979
  -0.0255163
  -0.0149724
 -0.00116456
   0.0128971
   0.0241473
   0.0301336
   0.0295515
   0.0225273
   0.0105926
 -0.00365126
  -0.0170993
  -0.0268198
  -0.0306941
  -0.0278772
  -0.0189836
 -0.00595167
  0.00837753
   0.0124109
   0.0171372
   0.0181274
   0.0151664
  0.00889932
 0.000692204
 -0.00766582
  -0.0143527
  -0.0179108
   -0.017565
  -0.0133898
 -0.00629615
   0.0021702
   0.0101636
   0.0159414
   0.0182443
   0.0165699
   0.0112835
  0.00353752
 -0.00497952
  -0.0124109
  -0.0171372
  -0.0181274
  -0.0151664
 -0.00889932
-0.000692204
  0.00766582
   0.0143527
   0.0179108
    0.017565
   0.0133898
  0.00629615
  -0.0021702
  -0.0101636
  -0.0159414
  -0.0182443
  -0.0165699
  -0.0112835
 -0.00353752
  0.00497952
 -0.00763088
  -0.0105368
  -0.0111458
 -0.00932516
 -0.00547178
-0.000425579
  0.00471339
  0.00882485
   0.0110127
   0.0107998
  0.00823276
    0.003871
 -0.00133451
 -0.00624899
 -0.00980119
  -0.0112169
  -0.0101876
 -0.00693762
 -0.00217522
  0.00306148
  0.00763088
   0.0105368
   0.0111458
  0.00932516
  0.00547178
 0.000425579
 -0.00471339
 -0.00882485
  -0.0110127
  -0.0107998
 -0.00823276
   -0.003871
  0.00133451
  0.00624899
  0.00980119
   0.0112169
   0.0101876
  0.00693762
  0.00217522
 -0.00306148
  -0.0370735
  -0.0511915
  -0.0541498
  -0.0453048
  -0.0265838
 -0.00206768
   0.0228992
    0.042874
   0.0535029
   0.0524694
   0.0399977
   0.0188072
  -0.0064831
    -0.03036
  -0.0476187
  -0.0544975
  -0.0494962
  -0.0337056
  -0.0105675
   0.0148743
   0.0370735
   0.0511915
   0.0541498
   0.0453048
   0.0265838
  0.00206768
  -0.0228992
   -0.042874
  -0.0535029
  -0.0524694
  -0.0399977
  -0.0188072
   0.0064831
     0.03036
   0.0476187
   0.0544975
   0.0494962
   0.0337056
   0.0105675
  -0.0148743
  -0.0572603
  -0.0790658
  -0.0836346
  -0.0699735
  -0.0410589
 -0.00319357
   0.0353679
   0.0662192
   0.0826355
   0.0810395
   0.0617767
   0.0290481
  -0.0100131
  -0.0468913
  -0.0735478
  -0.0841723
  -0.0764475
  -0.0520586
  -0.0163215
   0.0229736
   0.0572603
   0.0790658
   0.0836346
   0.0699735
   0.0410589
  0.00319357
  -0.0353679
  -0.0662192
  -0.0826355
  -0.0810395
  -0.0617767
  -0.0290481
   0.0100131
   0.0468913
   0.0735478
   0.0841723
   0.0764475
   0.0520586
   0.0163215
  -0.0229736
  -0.0350331
  -0.0483739
  -0.0511691
  -0.0428111
  -0.0251206
 -0.00195391
   0.0216388
   0.0405141
   0.0505578
   0.0495815
   0.0377963
   0.0177723
 -0.00612605
   -0.028689
  -0.0449982
  -0.0514988
  -0.0467723
  -0.0318504
 -0.00998565
   0.0140558
   0.0350331
   0.0483739
   0.0511691
   0.0428111
   0.0251206
  0.00195391
  -0.0216388
  -0.0405141
  -0.0505578
  -0.0495815
  -0.0377963
  -0.0177723
  0.00612605
    0.028689
   0.0449982
   0.0514988
   0.0467723
   0.0318504
  0.00998565
  -0.0140558
   0.0256023
   0.0353525
    0.037395
   0.0312869
   0.0183585
   0.0014279
  -0.0158139
  -0.0296082
  -0.0369482
   -0.036235
  -0.0276216
  -0.0129879
  0.00447733
   0.0209663
   0.0328847
    0.037635
   0.0341812
   0.0232768
  0.00729797
  -0.0102718
  -0.0256023
  -0.0353525
   -0.037395
  -0.0312869
  -0.0183585
  -0.0014279
   0.0158139
   0.0296082
   0.0369482
    0.036235
   0.0276216
   0.0129879
 -0.00447733
  -0.0209663
  -0.0328847
   -0.037635
  -0.0341812
  -0.0232768
 -0.00729797
   0.0102718
   0.0307268
   0.0424284
   0.0448794
    0.037549
    0.022033
  0.00171373
  -0.0189791
  -0.0355344
  -0.0443433
  -0.0434875
  -0.0331503
  -0.0155876
  0.00537339
   0.0251627
   0.0394669
   0.0451684
   0.0410229
   0.0279356
  0.00875858
  -0.0123279
  -0.0307268
  -0.0424284
  -0.0448794
   -0.037549
   -0.022033
 -0.00171373
   0.0189791
   0.0355344
   0.0443433
   0.0434875
   0.0331503
   0.0155876
 -0.00537339
  -0.0251627
  -0.0394669
  -0.0451684
  -0.0410229
  -0.0279356
 -0.00875858
   0.0123279
   -0.048684
   -0.067224
  -0.0711083
  -0.0594933
  -0.0349093
 -0.00271525
   0.0300707
   0.0563013
   0.0702588
   0.0689021
   0.0525239
   0.0246975
 -0.00851325
  -0.0398685
  -0.0625323
  -0.0715653
  -0.0649977
  -0.0442618
  -0.0138768
   0.0195328
    0.048684
    0.067224
   0.0711083
   0.0594933
   0.0349093
  0.00271525
  -0.0300707
  -0.0563013
  -0.0702588
  -0.0689021
  -0.0525239
  -0.0246975
  0.00851325
   0.0398685
   0.0625323
   0.0715653
   0.0649977
   0.0442618
   0.0138768
  -0.0195328
   -0.048684
   -0.067224
  -0.0711083
  -0.0594933
  -0.0349093
 -0.00271525
   0.0300707
   0.0563013
   0.0702588
   0.0689021
   0.0525239
   0.0246975
 -0.00851325
  -0.0398685
  -0.0625323
  -0.0715653
  -0.0649977
  -0.0442618
  -0.0138768
   0.0195328
    0.048684
    0.067224
   0.0711083
   0.0594933
   0.0349093
  0.00271525
  -0.0300707
  -0.0563013
  -0.0702588
  -0.0689021
  -0.0525239
  -0.0246975
  0.00851325
   0.0398685
   0.0625323
   0.0715653
   0.0649977
   0.0442618
   0.0138768
  -0.0195328
   0.0307268
   0.0424284
   0.0448794
    0.037549
    0.022033
  0.00171373
  -0.0189791
  -0.0355344
  -0.0443433
  -0.0434875
  -0.0331503
  -0.0155876
  0.00537339
   0.0251627
   0.0394669
   0.0451684
   0.0410229
   0.0279356
  0.00875858
  -0.0123279
  -0.0307268
  -0.0424284
  -0.0448794
   -0.037549
   -0.022033
 -0.00171373
   0.0189791
   0.0355344
   0.0443433
   0.0434875
   0.0331503
   0.0155876
 -0.00537339
  -0.0251627
  -0.0394669
  -0.0451684
  -0.0410229
  -0.0279356
 -0.00875858
   0.0123279
   0.0256023
   0.0353525
    0.037395
   0.0312869
   0.0183585
   0.0014279
  -0.0158139
  -0.0296082
  -0.0369482
   -0.036235
  -0.0276216
  -0.0129879
  0.00447733
   0.0209663
   0.0328847
    0.037635
   0.0341812
   0.0232768
  0.00729797
  -0.0102718
  -0.0256023
  -0.0353525
   -0.037395
  -0.0312869
  -0.0183585
  -0.0014279
   0.0158139
   0.0296082
   0.0369482
    0.036235
   0.0276216
   0.0129879
 -0.00447733
  -0.0209663
  -0.0328847
   -0.037635
  -0.0341812
  -0.0232768
 -0.00729797
   0.0102718
  -0.0350331
  -0.0483739
  -0.0511691
  -0.0428111
  -0.0251206
 -0.00195391
   0.0216388
   0.0405141
   0.0505578
   0.0495815
   0.0377963
   0.0177723
 -0.00612605
   -0.028689
  -0.0449982
  -0.0514988
  -0.0467723
  -0.0318504
 -0.00998565
   0.0140558
   0.0350331
   0.0483739
   0.0511691
   0.0428111
   0.0251206
  0.00195391
  -0.0216388
  -0.0405141
  -0.0505578
  -0.0495815
  -0.0377963
  -0.0177723
  0.00612605
    0.028689
   0.0449982
   0.0514988
   0.0467723
   0.0318504
  0.00998565
  -0.0140558
  -0.0572603
  -0.0790658
  -0.0836346
  -0.0699735
  -0.0410589
 -0.00319357
   0.0353679
   0.0662192
   0.0826355
   0.0810395
   0.0617767
   0.0290481
  -0.0100131
  -0.0468913
  -0.0735478
  -0.0841723
  -0.0764475
  -0.0520586
  -0.0163215
   0.0229736
   0.0572603
   0.0790658
   0.0836346
   0.0699735
   0.0410589
  0.00319357
  -0.0353679
  -0.0662192
  -0.0826355
  -0.0810395
  -0.0617767
  -0.0290481
   0.0100131
   0.0468913
   0.0735478
   0.0841723
   0.0764475
   0.0520586
   0.0163215
  -0.0229736
  -0.0370735
  -0.0511915
  -0.0541498
  -0.0453048
  -0.0265838
 -0.00206768
   0.0228992
    0.042874
   0.0535029
   0.0524694
   0.0399977
   0.0188072
  -0.0064831
    -0.03036
  -0.0476187
  -0.0544975
  -0.0494962
  -0.0337056
  -0.0105675
   0.0148743
   0.0370735
   0.0511915
   0.0541498
   0.0453048
   0.0265838
  0.00206768
  -0.0228992
   -0.042874
  -0.0535029
  -0.0524694
  -0.0399977
  -0.0188072
   0.0064831
     0.03036
   0.0476187
   0.0544975
   0.0494962
   0.0337056
   0.0105675
  -0.0148743
 -0.00763088
  -0.0105368
  -0.0111458
 -0.00932516
 -0.00547178
-0.000425579
  0.00471339
  0.00882485
   0.0110127
   0.0107998
  0.00823276
    0.003871
 -0.00133451
 -0.00624899
 -0.00980119
  -0.0112169
  -0.0101876
 -0.00693762
 -0.00217522
  0.00306148
  0.00763088
   0.0105368
   0.0111458
  0.00932516
  0.00547178
 0.000425579
 -0.00471339
 -0.00882485
  -0.0110127
  -0.0107998
 -0.00823276
   -0.003871
  0.00133451
  0.00624899
  0.00980119
   0.0112169
   0.0101876
  0.00693762
  0.00217522
 -0.00306148
   0.0124109
   0.0171372
   0.0181274
   0.0151664
  0.00889932
 0.000692204
 -0.00766582
  -0.0143527
  -0.0179108
   -0.017565
  -0.0133898
 -0.00629615
   0.0021702
   0.0101636
   0.0159414
   0.0182443
   0.0165699
   0.0112835
  0.00353752
 -0.00497952
  -0.0124109
  -0.0171372
  -0.0181274
  -0.0151664
 -0.00889932
-0.000692204
  0.00766582
   0.0143527
   0.0179108
    0.017565
   0.0133898
  0.00629615
  -0.0021702
  -0.0101636
  -0.0159414
  -0.0182443
  -0.0165699
  -0.0112835
 -0.00353752
  0.00497952
   0.0208804
   0.0288318
   0.0304979
   0.0255163
   0.0149724
  0.00116456
  -0.0128971
  -0.0241473
  -0.0301336
  -0.0295515
  -0.0225273
  -0.0105926
  0.00365126
   0.0170993
   0.0268198
   0.0306941
   0.0278772
   0.0189836
  0.00595167
 -0.00837753
  -0.0208804
  -0.0288318
  -0.0304979
  -0.0255163
  -0.0149724
 -0.00116456
   0.0128971
   0.0241473
   0.0301336
   0.0295515
   0.0225273
   0.0105926
 -0.00365126
  -0.0170993
  -0.0268198
  -0.0306941
  -0.0278772
  -0.0189836
 -0.00595167
  0.00837753
   0.0216997
   0.0299631
   0.0316947
   0.0265175
   0.0155599
  0.00121025
  -0.0134032
  -0.0250948
   -0.031316
  -0.0307111
  -0.0234112
  -0.0110082
  0.00379455
   0.0177702
   0.0278721
   0.0318984
    0.028971
   0.0197284
  0.00618522
 -0.00870621
  -0.0216997
  -0.0299631
  -0.0316947
  -0.0265175
  -0.0155599
 -0.00121025
   0.0134032
   0.0250948
    0.031316
   0.0307111
   0.0234112
   0.0110082
 -0.00379455
  -0.0177702
  -0.0278721
  -0.0318984
   -0.028971
  -0.0197284
 -0.00618522
  0.00870621
   0.0189018
   0.0260998
   0.0276081
   0.0230985
   0.0135536
  0.00105421
   -0.011675
  -0.0218592
  -0.0272783
  -0.0267513
  -0.0203927
 -0.00958888
   0.0033053
    0.015479
   0.0242784
   0.0277855
   0.0252356
   0.0171847
  0.00538774
 -0.00758367
  -0.0189018
  -0.0260998
  -0.0276081
  -0.0230985
  -0.0135536
 -0.00105421
    0.011675
   0.0218592
   0.0272783
   0.0267513
   0.0203927
  0.00958888
  -0.0033053
   -0.015479
  -0.0242784
  -0.0277855
  -0.0252356
  -0.0171847
 -0.00538774
  0.00758367
   0.0150384
   0.0207652
   0.0219653
   0.0183773
   0.0107834
 0.000838732
 -0.00928875
  -0.0173913
  -0.0217029
  -0.0212835
  -0.0162246
 -0.00762898
  0.00262972
   0.0123152
    0.019316
   0.0221063
   0.0200776
   0.0136723
  0.00428652
 -0.00603362
  -0.0150384
  -0.0207652
  -0.0219653
  -0.0183773
  -0.0107834
-0.000838732
  0.00928875
   0.0173913
   0.0217029
   0.0212835
   0.0162246
  0.00762898
 -0.00262972
  -0.0123152
   -0.019316
  -0.0221063
  -0.0200776
  -0.0136723
 -0.00428652
  0.00603362
