-9.97507e-13
-0.000923442
-0.000570748
 0.000570656
 0.000923385
-1.00031e-12
-0.000923385
-0.000570656
 0.000570748
 0.000923442
-9.99293e-13
-0.000923442
-0.000570748
 0.000570656
 0.000923385
-8.76072e-13
-0.000923385
-0.000570656
 0.000570748
 0.000923442
-9.42866e-13
-0.000923442
-0.000570748
 0.000570656
 0.000923385
-1.02501e-12
-0.000923385
-0.000570656
 0.000570748
 0.000923442
-9.81796e-13
-0.000923442
-0.000570748
 0.000570656
 0.000923385
-1.00062e-12
-0.000923385
-0.000570656
 0.000570748
 0.000923442
 -2.1927e-12
 -0.00206242
 -0.00127469
  0.00127455
  0.00206233
 -2.1156e-12
 -0.00206233
 -0.00127455
  0.00127469
  0.00206242
 -2.2804e-12
 -0.00206242
 -0.00127469
  0.00127455
  0.00206233
-2.02009e-12
 -0.00206233
 -0.00127455
  0.00127469
  0.00206242
-2.12611e-12
 -0.00206242
 -0.00127469
  0.00127455
  0.00206233
-2.16606e-12
 -0.00206233
 -0.00127455
  0.00127469
  0.00206242
-2.13392e-12
 -0.00206242
 -0.00127469
  0.00127455
  0.00206233
-2.17158e-12
 -0.00206233
 -0.00127455
  0.00127469
  0.00206242
-4.74407e-12
 -0.00451279
 -0.00278912
  0.00278893
  0.00451267
-4.62135e-12
 -0.00451267
 -0.00278893
  0.00278912
  0.00451279
 -4.9164e-12
 -0.00451279
 -0.00278912
  0.00278893
  0.00451267
-4.54225e-12
 -0.00451267
 -0.00278893
  0.00278912
  0.00451279
-4.56739e-12
 -0.00451279
 -0.00278912
  0.00278893
  0.00451267
-4.61473e-12
 -0.00451267
 -0.00278893
  0.00278912
  0.00451279
-4.56312e-12
 -0.00451279
 -0.00278912
  0.00278893
  0.00451267
-4.66392e-12
 -0.00451267
 -0.00278893
  0.00278912
  0.00451279
-9.86226e-12
  -0.0094961
 -0.00586897
  0.00586875
  0.00949594
-9.64864e-12
 -0.00949594
 -0.00586875
  0.00586897
   0.0094961
 -9.9607e-12
  -0.0094961
 -0.00586897
  0.00586875
  0.00949594
-9.69654e-12
 -0.00949594
 -0.00586875
  0.00586897
   0.0094961
-9.50013e-12
  -0.0094961
 -0.00586897
  0.00586875
  0.00949594
-9.66783e-12
 -0.00949594
 -0.00586875
  0.00586897
   0.0094961
-9.63092e-12
  -0.0094961
 -0.00586897
  0.00586875
  0.00949594
-9.69273e-12
 -0.00949594
 -0.00586875
  0.00586897
   0.0094961
-1.91656e-11
  -0.0186568
  -0.0115306
   0.0115304
   0.0186566
-1.89011e-11
  -0.0186566
  -0.0115304
   0.0115306
   0.0186568
-1.91783e-11
  -0.0186568
  -0.0115306
   0.0115304
   0.0186566
-1.91773e-11
  -0.0186566
  -0.0115304
   0.0115306
   0.0186568
-1.88213e-11
  -0.0186568
  -0.0115306
   0.0115304
   0.0186566
-1.90332e-11
  -0.0186566
  -0.0115304
   0.0115306
   0.0186568
-1.91302e-11
  -0.0186568
  -0.0115306
   0.0115304
   0.0186566
-1.91076e-11
  -0.0186566
  -0.0115304
   0.0115306
   0.0186568
-3.32317e-11
  -0.0325287
  -0.0201038
   0.0201037
   0.0325285
-3.31211e-11
  -0.0325285
  -0.0201037
   0.0201038
   0.0325287
-3.32215e-11
  -0.0325287
  -0.0201038
   0.0201037
   0.0325285
-3.33905e-11
  -0.0325285
  -0.0201037
   0.0201038
   0.0325287
-3.35305e-11
  -0.0325287
  -0.0201038
   0.0201037
   0.0325285
 -3.3476e-11
  -0.0325285
  -0.0201037
   0.0201038
   0.0325287
-3.35095e-11
  -0.0325287
  -0.0201038
   0.0201037
   0.0325285
-3.34918e-11
  -0.0325285
  -0.0201037
   0.0201038
   0.0325287
-4.63731e-11
  -0.0454468
  -0.0280874
   0.0280876
   0.0454465
-4.68139e-11
  -0.0454465
  -0.0280876
   0.0280874
   0.0454468
-4.62309e-11
  -0.0454468
  -0.0280874
   0.0280876
   0.0454465
 -4.6551e-11
  -0.0454465
  -0.0280876
   0.0280874
   0.0454468
-4.66746e-11
  -0.0454468
  -0.0280874
   0.0280876
   0.0454465
-4.63984e-11
  -0.0454465
  -0.0280876
   0.0280874
   0.0454468
-4.66094e-11
  -0.0454468
  -0.0280874
   0.0280876
   0.0454465
-4.64904e-11
  -0.0454465
  -0.0280876
   0.0280874
   0.0454468
  -3.816e-11
  -0.0375722
  -0.0232203
    0.023221
   0.0375719
-3.86734e-11
  -0.0375719
   -0.023221
   0.0232203
   0.0375722
-3.82745e-11
  -0.0375722
  -0.0232203
    0.023221
   0.0375719
 -3.8393e-11
  -0.0375719
   -0.023221
   0.0232203
   0.0375722
-3.87313e-11
  -0.0375722
  -0.0232203
    0.023221
   0.0375719
 -3.8357e-11
  -0.0375719
   -0.023221
   0.0232203
   0.0375722
-3.88279e-11
  -0.0375722
  -0.0232203
    0.023221
   0.0375719
-3.83624e-11
  -0.0375719
   -0.023221
   0.0232203
   0.0375722
 1.85318e-11
   0.0178948
   0.0110602
  -0.0110593
  -0.0178952
 1.82006e-11
   0.0178952
   0.0110593
  -0.0110602
  -0.0178948
 1.84746e-11
   0.0178948
   0.0110602
  -0.0110593
  -0.0178952
 1.81882e-11
   0.0178952
   0.0110593
  -0.0110602
  -0.0178948
 1.83373e-11
   0.0178948
   0.0110602
  -0.0110593
  -0.0178952
 1.85061e-11
   0.0178952
   0.0110593
  -0.0110602
  -0.0178948
 1.82942e-11
   0.0178948
   0.0110602
  -0.0110593
  -0.0178952
 1.82696e-11
   0.0178952
   0.0110593
  -0.0110602
  -0.0178948
 9.85069e-11
   0.0962179
   0.0594657
  -0.0594654
  -0.0962178
 9.87905e-11
   0.0962178
   0.0594654
  -0.0594657
  -0.0962179
 9.85299e-11
   0.0962179
   0.0594657
  -0.0594654
  -0.0962178
 9.84983e-11
   0.0962178
   0.0594654
  -0.0594657
  -0.0962179
 9.88359e-11
   0.0962179
   0.0594657
  -0.0594654
  -0.0962178
 9.83205e-11
   0.0962178
   0.0594654
  -0.0594657
  -0.0962179
 9.88148e-11
   0.0962179
   0.0594657
  -0.0594654
  -0.0962178
 9.86215e-11
   0.0962178
   0.0594654
  -0.0594657
  -0.0962179
 8.12467e-11
   0.0794138
   0.0490796
  -0.0490801
   -0.079413
  8.1404e-11
    0.079413
   0.0490801
  -0.0490796
  -0.0794138
 8.13976e-11
   0.0794138
   0.0490796
  -0.0490801
   -0.079413
 8.12401e-11
    0.079413
   0.0490801
  -0.0490796
  -0.0794138
 8.14025e-11
   0.0794138
   0.0490796
  -0.0490801
   -0.079413
 8.11664e-11
    0.079413
   0.0490801
  -0.0490796
  -0.0794138
 8.12744e-11
   0.0794138
   0.0490796
  -0.0490801
   -0.079413
 8.14309e-11
    0.079413
   0.0490801
  -0.0490796
  -0.0794138
-4.22971e-11
  -0.0415844
  -0.0257008
   0.0257004
   0.0415856
-4.28567e-11
  -0.0415856
  -0.0257004
   0.0257008
   0.0415844
-4.26703e-11
  -0.0415844
  -0.0257008
   0.0257004
   0.0415856
-4.24534e-11
  -0.0415856
  -0.0257004
   0.0257008
   0.0415844
-4.30887e-11
  -0.0415844
  -0.0257008
   0.0257004
   0.0415856
-4.22707e-11
  -0.0415856
  -0.0257004
   0.0257008
   0.0415844
-4.28141e-11
  -0.0415844
  -0.0257008
   0.0257004
   0.0415856
 -4.2744e-11
  -0.0415856
  -0.0257004
   0.0257008
   0.0415844
 -4.2449e-11
  -0.0415844
  -0.0257008
   0.0257004
   0.0415856
-4.28992e-11
  -0.0415856
  -0.0257004
   0.0257008
   0.0415844
-4.24733e-11
  -0.0415844
  -0.0257008
   0.0257004
   0.0415856
-4.24806e-11
  -0.0415856
  -0.0257004
   0.0257008
   0.0415844
-4.27202e-11
  -0.0415844
  -0.0257008
   0.0257004
   0.0415856
-4.22679e-11
  -0.0415856
  -0.0257004
   0.0257008
   0.0415844
-4.27759e-11
  -0.0415844
  -0.0257008
   0.0257004
   0.0415856
-4.25599e-11
  -0.0415856
  -0.0257004
   0.0257008
   0.0415844
 8.14473e-11
   0.0794138
   0.0490796
  -0.0490801
   -0.079413
 8.16189e-11
    0.079413
   0.0490801
  -0.0490796
  -0.0794138
 8.15945e-11
   0.0794138
   0.0490796
  -0.0490801
   -0.079413
 8.14103e-11
    0.079413
   0.0490801
  -0.0490796
  -0.0794138
 8.15007e-11
   0.0794138
   0.0490796
  -0.0490801
   -0.079413
 8.13586e-11
    0.079413
   0.0490801
  -0.0490796
  -0.0794138
 8.14912e-11
   0.0794138
   0.0490796
  -0.0490801
   -0.079413
 8.14633e-11
    0.079413
   0.0490801
  -0.0490796
  -0.0794138
 9.87215e-11
   0.0962179
   0.0594657
  -0.0594654
  -0.0962178
 9.85931e-11
   0.0962178
   0.0594654
  -0.0594657
  -0.0962179
 9.84859e-11
   0.0962179
   0.0594657
  -0.0594654
  -0.0962178
 9.85744e-11
   0.0962178
   0.0594654
  -0.0594657
  -0.0962179
  9.8505e-11
   0.0962179
   0.0594657
  -0.0594654
  -0.0962178
 9.86133e-11
   0.0962178
   0.0594654
  -0.0594657
  -0.0962179
 9.87216e-11
   0.0962179
   0.0594657
  -0.0594654
  -0.0962178
 9.87791e-11
   0.0962178
   0.0594654
  -0.0594657
  -0.0962179
 1.82986e-11
   0.0178948
   0.0110602
  -0.0110593
  -0.0178952
 1.83447e-11
   0.0178952
   0.0110593
  -0.0110602
  -0.0178948
 1.83039e-11
   0.0178948
   0.0110602
  -0.0110593
  -0.0178952
 1.82834e-11
   0.0178952
   0.0110593
  -0.0110602
  -0.0178948
 1.84749e-11
   0.0178948
   0.0110602
  -0.0110593
  -0.0178952
 1.84952e-11
   0.0178952
   0.0110593
  -0.0110602
  -0.0178948
 1.83627e-11
   0.0178948
   0.0110602
  -0.0110593
  -0.0178952
 1.82906e-11
   0.0178952
   0.0110593
  -0.0110602
  -0.0178948
-3.85101e-11
  -0.0375722
  -0.0232203
    0.023221
   0.0375719
-3.87106e-11
  -0.0375719
   -0.023221
   0.0232203
   0.0375722
-3.84246e-11
  -0.0375722
  -0.0232203
    0.023221
   0.0375719
 -3.8412e-11
  -0.0375719
   -0.023221
   0.0232203
   0.0375722
-3.87282e-11
  -0.0375722
  -0.0232203
    0.023221
   0.0375719
 -3.8441e-11
  -0.0375719
   -0.023221
   0.0232203
   0.0375722
-3.85507e-11
  -0.0375722
  -0.0232203
    0.023221
   0.0375719
-3.85447e-11
  -0.0375719
   -0.023221
   0.0232203
   0.0375722
-4.63982e-11
  -0.0454468
  -0.0280874
   0.0280876
   0.0454465
-4.69371e-11
  -0.0454465
  -0.0280876
   0.0280874
   0.0454468
-4.63707e-11
  -0.0454468
  -0.0280874
   0.0280876
   0.0454465
-4.65862e-11
  -0.0454465
  -0.0280876
   0.0280874
   0.0454468
-4.63519e-11
  -0.0454468
  -0.0280874
   0.0280876
   0.0454465
 -4.6577e-11
  -0.0454465
  -0.0280876
   0.0280874
   0.0454468
-4.67711e-11
  -0.0454468
  -0.0280874
   0.0280876
   0.0454465
-4.65422e-11
  -0.0454465
  -0.0280876
   0.0280874
   0.0454468
-3.35757e-11
  -0.0325287
  -0.0201038
   0.0201037
   0.0325285
-3.33602e-11
  -0.0325285
  -0.0201037
   0.0201038
   0.0325287
 -3.3356e-11
  -0.0325287
  -0.0201038
   0.0201037
   0.0325285
-3.32905e-11
  -0.0325285
  -0.0201037
   0.0201038
   0.0325287
-3.36747e-11
  -0.0325287
  -0.0201038
   0.0201037
   0.0325285
 -3.3428e-11
  -0.0325285
  -0.0201037
   0.0201038
   0.0325287
 -3.3028e-11
  -0.0325287
  -0.0201038
   0.0201037
   0.0325285
-3.33841e-11
  -0.0325285
  -0.0201037
   0.0201038
   0.0325287
-1.91416e-11
  -0.0186568
  -0.0115306
   0.0115304
   0.0186566
 -1.8946e-11
  -0.0186566
  -0.0115304
   0.0115306
   0.0186568
-1.92383e-11
  -0.0186568
  -0.0115306
   0.0115304
   0.0186566
-1.91871e-11
  -0.0186566
  -0.0115304
   0.0115306
   0.0186568
-1.91238e-11
  -0.0186568
  -0.0115306
   0.0115304
   0.0186566
-1.90487e-11
  -0.0186566
  -0.0115304
   0.0115306
   0.0186568
-1.91219e-11
  -0.0186568
  -0.0115306
   0.0115304
   0.0186566
 -1.9102e-11
  -0.0186566
  -0.0115304
   0.0115306
   0.0186568
-9.68802e-12
  -0.0094961
 -0.00586897
  0.00586875
  0.00949594
-9.64958e-12
 -0.00949594
 -0.00586875
  0.00586897
   0.0094961
-9.88746e-12
  -0.0094961
 -0.00586897
  0.00586875
  0.00949594
-9.79469e-12
 -0.00949594
 -0.00586875
  0.00586897
   0.0094961
-9.56025e-12
  -0.0094961
 -0.00586897
  0.00586875
  0.00949594
-9.70102e-12
 -0.00949594
 -0.00586875
  0.00586897
   0.0094961
-9.80493e-12
  -0.0094961
 -0.00586897
  0.00586875
  0.00949594
-9.80288e-12
 -0.00949594
 -0.00586875
  0.00586897
   0.0094961
-4.64262e-12
 -0.00451279
 -0.00278912
  0.00278893
  0.00451267
 -4.4879e-12
 -0.00451267
 -0.00278893
  0.00278912
  0.00451279
-4.76808e-12
 -0.00451279
 -0.00278912
  0.00278893
  0.00451267
-4.67287e-12
 -0.00451267
 -0.00278893
  0.00278912
  0.00451279
-4.52931e-12
 -0.00451279
 -0.00278912
  0.00278893
  0.00451267
-4.69048e-12
 -0.00451267
 -0.00278893
  0.00278912
  0.00451279
-4.59544e-12
 -0.00451279
 -0.00278912
  0.00278893
  0.00451267
 -4.6038e-12
 -0.00451267
 -0.00278893
  0.00278912
  0.00451279
-2.18567e-12
 -0.00206242
 -0.00127469
  0.00127455
  0.00206233
-2.03762e-12
 -0.00206233
 -0.00127455
  0.00127469
  0.00206242
-2.19848e-12
 -0.00206242
 -0.00127469
  0.00127455
  0.00206233
 -2.1297e-12
 -0.00206233
 -0.00127455
  0.00127469
  0.00206242
-2.12276e-12
 -0.00206242
 -0.00127469
  0.00127455
  0.00206233
-2.22248e-12
 -0.00206233
 -0.00127455
  0.00127469
  0.00206242
-2.03376e-12
 -0.00206242
 -0.00127469
  0.00127455
  0.00206233
 -2.0394e-12
 -0.00206233
 -0.00127455
  0.00127469
  0.00206242
-9.97707e-13
-0.000923442
-0.000570748
 0.000570656
 0.000923385
-8.91991e-13
-0.000923385
-0.000570656
 0.000570748
 0.000923442
-9.29921e-13
-0.000923442
-0.000570748
 0.000570656
 0.000923385
-9.54889e-13
-0.000923385
-0.000570656
 0.000570748
 0.000923442
-9.87172e-13
-0.000923442
-0.000570748
 0.000570656
 0.000923385
-1.03907e-12
-0.000923385
-0.000570656
 0.000570748
 0.000923442
-8.78855e-13
-0.000923442
-0.000570748
 0.000570656
 0.000923385
-9.38949e-13
-0.000923385
-0.000570656
 0.000570748
 0.000923442
