-0.000970888
-0.000299992
  0.00078555
 0.000785547
-0.000299992
  -0.0009709
-0.000299992
 0.000785547
  0.00078555
-0.000299992
-0.000970888
-0.000299992
  0.00078555
 0.000785547
-0.000299992
  -0.0009709
-0.000299992
 0.000785547
  0.00078555
-0.000299992
-0.000970888
-0.000299992
  0.00078555
 0.000785547
-0.000299992
  -0.0009709
-0.000299992
 0.000785547
  0.00078555
-0.000299992
-0.000970888
-0.000299992
  0.00078555
 0.000785547
-0.000299992
  -0.0009709
-0.000299992
 0.000785547
  0.00078555
-0.000299992
 -0.00216842
-0.000670023
  0.00175445
  0.00175445
-0.000670018
 -0.00216844
-0.000670018
  0.00175445
  0.00175445
-0.000670023
 -0.00216842
-0.000670023
  0.00175445
  0.00175445
-0.000670018
 -0.00216844
-0.000670018
  0.00175445
  0.00175445
-0.000670023
 -0.00216842
-0.000670023
  0.00175445
  0.00175445
-0.000670018
 -0.00216844
-0.000670018
  0.00175445
  0.00175445
-0.000670023
 -0.00216842
-0.000670023
  0.00175445
  0.00175445
-0.000670018
 -0.00216844
-0.000670018
  0.00175445
  0.00175445
-0.000670023
 -0.00474482
 -0.00146615
  0.00383891
  0.00383891
 -0.00146613
 -0.00474486
 -0.00146613
  0.00383891
  0.00383891
 -0.00146615
 -0.00474482
 -0.00146615
  0.00383891
  0.00383891
 -0.00146613
 -0.00474486
 -0.00146613
  0.00383891
  0.00383891
 -0.00146615
 -0.00474482
 -0.00146615
  0.00383891
  0.00383891
 -0.00146613
 -0.00474486
 -0.00146613
  0.00383891
  0.00383891
 -0.00146615
 -0.00474482
 -0.00146615
  0.00383891
  0.00383891
 -0.00146613
 -0.00474486
 -0.00146613
  0.00383891
  0.00383891
 -0.00146615
 -0.00998448
 -0.00308528
  0.00807799
  0.00807801
 -0.00308522
 -0.00998458
 -0.00308522
  0.00807801
  0.00807799
 -0.00308528
 -0.00998448
 -0.00308528
  0.00807799
  0.00807801
 -0.00308522
 -0.00998458
 -0.00308522
  0.00807801
  0.00807799
 -0.00308528
 -0.00998448
 -0.00308528
  0.00807799
  0.00807801
 -0.00308522
 -0.00998458
 -0.00308522
  0.00807801
  0.00807799
 -0.00308528
 -0.00998448
 -0.00308528
  0.00807799
  0.00807801
 -0.00308522
 -0.00998458
 -0.00308522
  0.00807801
  0.00807799
 -0.00308528
  -0.0196165
 -0.00606177
   0.0158706
   0.0158706
 -0.00606163
  -0.0196168
 -0.00606163
   0.0158706
   0.0158706
 -0.00606177
  -0.0196165
 -0.00606177
   0.0158706
   0.0158706
 -0.00606163
  -0.0196168
 -0.00606163
   0.0158706
   0.0158706
 -0.00606177
  -0.0196165
 -0.00606177
   0.0158706
   0.0158706
 -0.00606163
  -0.0196168
 -0.00606163
   0.0158706
   0.0158706
 -0.00606177
  -0.0196165
 -0.00606177
   0.0158706
   0.0158706
 -0.00606163
  -0.0196168
 -0.00606163
   0.0158706
   0.0158706
 -0.00606177
  -0.0342022
  -0.0105691
   0.0276706
   0.0276708
  -0.0105688
  -0.0342026
  -0.0105688
   0.0276708
   0.0276706
  -0.0105691
  -0.0342022
  -0.0105691
   0.0276706
   0.0276708
  -0.0105688
  -0.0342026
  -0.0105688
   0.0276708
   0.0276706
  -0.0105691
  -0.0342022
  -0.0105691
   0.0276706
   0.0276708
  -0.0105688
  -0.0342026
  -0.0105688
   0.0276708
   0.0276706
  -0.0105691
  -0.0342022
  -0.0105691
   0.0276706
   0.0276708
  -0.0105688
  -0.0342026
  -0.0105688
   0.0276708
   0.0276706
  -0.0105691
  -0.0477849
  -0.0147666
   0.0386591
   0.0386595
  -0.0147661
  -0.0477858
  -0.0147661
   0.0386595
   0.0386591
  -0.0147666
  -0.0477849
  -0.0147666
   0.0386591
   0.0386595
  -0.0147661
  -0.0477858
  -0.0147661
   0.0386595
   0.0386591
  -0.0147666
  -0.0477849
  -0.0147666
   0.0386591
   0.0386595
  -0.0147661
  -0.0477858
  -0.0147661
   0.0386595
   0.0386591
  -0.0147666
  -0.0477849
  -0.0147666
   0.0386591
   0.0386595
  -0.0147661
  -0.0477858
  -0.0147661
   0.0386595
   0.0386591
  -0.0147666
   -0.039505
  -0.0122082
   0.0319601
   0.0319609
  -0.0122076
  -0.0395063
  -0.0122076
   0.0319609
   0.0319601
  -0.0122082
   -0.039505
  -0.0122082
   0.0319601
   0.0319609
  -0.0122076
  -0.0395063
  -0.0122076
   0.0319609
   0.0319601
  -0.0122082
   -0.039505
  -0.0122082
   0.0319601
   0.0319609
  -0.0122076
  -0.0395063
  -0.0122076
   0.0319609
   0.0319601
  -0.0122082
   -0.039505
  -0.0122082
   0.0319601
   0.0319609
  -0.0122076
  -0.0395063
  -0.0122076
   0.0319609
   0.0319601
  -0.0122082
   0.0188163
  0.00581415
  -0.0152231
  -0.0152222
  0.00581437
   0.0188153
  0.00581437
  -0.0152222
  -0.0152231
  0.00581415
   0.0188163
  0.00581415
  -0.0152231
  -0.0152222
  0.00581437
   0.0188153
  0.00581437
  -0.0152222
  -0.0152231
  0.00581415
   0.0188163
  0.00581415
  -0.0152231
  -0.0152222
  0.00581437
   0.0188153
  0.00581437
  -0.0152222
  -0.0152231
  0.00581415
   0.0188163
  0.00581415
  -0.0152231
  -0.0152222
  0.00581437
   0.0188153
  0.00581437
  -0.0152222
  -0.0152231
  0.00581415
    0.101169
   0.0312632
  -0.0818477
  -0.0818476
   0.0312626
     0.10117
   0.0312626
  -0.0818476
  -0.0818477
   0.0312632
    0.101169
   0.0312632
  -0.0818477
  -0.0818476
   0.0312626
     0.10117
   0.0312626
  -0.0818476
  -0.0818477
   0.0312632
    0.101169
   0.0312632
  -0.0818477
  -0.0818476
   0.0312626
     0.10117
   0.0312626
  -0.0818476
  -0.0818477
   0.0312632
    0.101169
   0.0312632
  -0.0818477
  -0.0818476
   0.0312626
     0.10117
   0.0312626
  -0.0818476
  -0.0818477
   0.0312632
   0.0834993
   0.0258034
  -0.0675522
  -0.0675532
   0.0258026
   0.0835012
   0.0258026
  -0.0675532
  -0.0675522
   0.0258034
   0.0834993
   0.0258034
  -0.0675522
  -0.0675532
   0.0258026
   0.0835012
   0.0258026
  -0.0675532
  -0.0675522
   0.0258034
   0.0834993
   0.0258034
  -0.0675522
  -0.0675532
   0.0258026
   0.0835012
   0.0258026
  -0.0675532
  -0.0675522
   0.0258034
   0.0834993
   0.0258034
  -0.0675522
  -0.0675532
   0.0258026
   0.0835012
   0.0258026
  -0.0675532
  -0.0675522
   0.0258034
  -0.0437258
  -0.0135115
    0.035375
   0.0353734
  -0.0135118
  -0.0437242
  -0.0135118
   0.0353734
    0.035375
  -0.0135115
  -0.0437258
  -0.0135115
    0.035375
   0.0353734
  -0.0135118
  -0.0437242
  -0.0135118
   0.0353734
    0.035375
  -0.0135115
  -0.0437258
  -0.0135115
    0.035375
   0.0353734
  -0.0135118
  -0.0437242
  -0.0135118
   0.0353734
    0.035375
  -0.0135115
  -0.0437258
  -0.0135115
    0.035375
   0.0353734
  -0.0135118
  -0.0437242
  -0.0135118
   0.0353734
    0.035375
  -0.0135115
  -0.0437258
  -0.0135115
    0.035375
   0.0353734
  -0.0135118
  -0.0437242
  -0.0135118
   0.0353734
    0.035375
  -0.0135115
  -0.0437258
  -0.0135115
    0.035375
   0.0353734
  -0.0135118
  -0.0437242
  -0.0135118
   0.0353734
    0.035375
  -0.0135115
  -0.0437258
  -0.0135115
    0.035375
   0.0353734
  -0.0135118
  -0.0437242
  -0.0135118
   0.0353734
    0.035375
  -0.0135115
  -0.0437258
  -0.0135115
    0.035375
   0.0353734
  -0.0135118
  -0.0437242
  -0.0135118
   0.0353734
    0.035375
  -0.0135115
   0.0834993
   0.0258034
  -0.0675522
  -0.0675532
   0.0258026
   0.0835012
   0.0258026
  -0.0675532
  -0.0675522
   0.0258034
   0.0834993
   0.0258034
  -0.0675522
  -0.0675532
   0.0258026
   0.0835012
   0.0258026
  -0.0675532
  -0.0675522
   0.0258034
   0.0834993
   0.0258034
  -0.0675522
  -0.0675532
   0.0258026
   0.0835012
   0.0258026
  -0.0675532
  -0.0675522
   0.0258034
   0.0834993
   0.0258034
  -0.0675522
  -0.0675532
   0.0258026
   0.0835012
   0.0258026
  -0.0675532
  -0.0675522
   0.0258034
    0.101169
   0.0312632
  -0.0818477
  -0.0818476
   0.0312626
     0.10117
   0.0312626
  -0.0818476
  -0.0818477
   0.0312632
    0.101169
   0.0312632
  -0.0818477
  -0.0818476
   0.0312626
     0.10117
   0.0312626
  -0.0818476
  -0.0818477
   0.0312632
    0.101169
   0.0312632
  -0.0818477
  -0.0818476
   0.0312626
     0.10117
   0.0312626
  -0.0818476
  -0.0818477
   0.0312632
    0.101169
   0.0312632
  -0.0818477
  -0.0818476
   0.0312626
     0.10117
   0.0312626
  -0.0818476
  -0.0818477
   0.0312632
   0.0188163
  0.00581415
  -0.0152231
  -0.0152222
  0.00581437
   0.0188153
  0.00581437
  -0.0152222
  -0.0152231
  0.00581415
   0.0188163
  0.00581415
  -0.0152231
  -0.0152222
  0.00581437
   0.0188153
  0.00581437
  -0.0152222
  -0.0152231
  0.00581415
   0.0188163
  0.00581415
  -0.0152231
  -0.0152222
  0.00581437
   0.0188153
  0.00581437
  -0.0152222
  -0.0152231
  0.00581415
   0.0188163
  0.00581415
  -0.0152231
  -0.0152222
  0.00581437
   0.0188153
  0.00581437
  -0.0152222
  -0.0152231
  0.00581415
   -0.039505
  -0.0122082
   0.0319601
   0.0319609
  -0.0122076
  -0.0395063
  -0.0122076
   0.0319609
   0.0319601
  -0.0122082
   -0.039505
  -0.0122082
   0.0319601
   0.0319609
  -0.0122076
  -0.0395063
  -0.0122076
   0.0319609
   0.0319601
  -0.0122082
   -0.039505
  -0.0122082
   0.0319601
   0.0319609
  -0.0122076
  -0.0395063
  -0.0122076
   0.0319609
   0.0319601
  -0.0122082
   -0.039505
  -0.0122082
   0.0319601
   0.0319609
  -0.0122076
  -0.0395063
  -0.0122076
   0.0319609
   0.0319601
  -0.0122082
  -0.0477849
  -0.0147666
   0.0386591
   0.0386595
  -0.0147661
  -0.0477858
  -0.0147661
   0.0386595
   0.0386591
  -0.0147666
  -0.0477849
  -0.0147666
   0.0386591
   0.0386595
  -0.0147661
  -0.0477858
  -0.0147661
   0.0386595
   0.0386591
  -0.0147666
  -0.0477849
  -0.0147666
   0.0386591
   0.0386595
  -0.0147661
  -0.0477858
  -0.0147661
   0.0386595
   0.0386591
  -0.0147666
  -0.0477849
  -0.0147666
   0.0386591
   0.0386595
  -0.0147661
  -0.0477858
  -0.0147661
   0.0386595
   0.0386591
  -0.0147666
  -0.0342022
  -0.0105691
   0.0276706
   0.0276708
  -0.0105688
  -0.0342026
  -0.0105688
   0.0276708
   0.0276706
  -0.0105691
  -0.0342022
  -0.0105691
   0.0276706
   0.0276708
  -0.0105688
  -0.0342026
  -0.0105688
   0.0276708
   0.0276706
  -0.0105691
  -0.0342022
  -0.0105691
   0.0276706
   0.0276708
  -0.0105688
  -0.0342026
  -0.0105688
   0.0276708
   0.0276706
  -0.0105691
  -0.0342022
  -0.0105691
   0.0276706
   0.0276708
  -0.0105688
  -0.0342026
  -0.0105688
   0.0276708
   0.0276706
  -0.0105691
  -0.0196165
 -0.00606177
   0.0158706
   0.0158706
 -0.00606163
  -0.0196168
 -0.00606163
   0.0158706
   0.0158706
 -0.00606177
  -0.0196165
 -0.00606177
   0.0158706
   0.0158706
 -0.00606163
  -0.0196168
 -0.00606163
   0.0158706
   0.0158706
 -0.00606177
  -0.0196165
 -0.00606177
   0.0158706
   0.0158706
 -0.00606163
  -0.0196168
 -0.00606163
   0.0158706
   0.0158706
 -0.00606177
  -0.0196165
 -0.00606177
   0.0158706
   0.0158706
 -0.00606163
  -0.0196168
 -0.00606163
   0.0158706
   0.0158706
 -0.00606177
 -0.00998448
 -0.00308528
  0.00807799
  0.00807801
 -0.00308522
 -0.00998458
 -0.00308522
  0.00807801
  0.00807799
 -0.00308528
 -0.00998448
 -0.00308528
  0.00807799
  0.00807801
 -0.00308522
 -0.00998458
 -0.00308522
  0.00807801
  0.00807799
 -0.00308528
 -0.00998448
 -0.00308528
  0.00807799
  0.00807801
 -0.00308522
 -0.00998458
 -0.00308522
  0.00807801
  0.00807799
 -0.00308528
 -0.00998448
 -0.00308528
  0.00807799
  0.00807801
 -0.00308522
 -0.00998458
 -0.00308522
  0.00807801
  0.00807799
 -0.00308528
 -0.00474482
 -0.00146615
  0.00383891
  0.00383891
 -0.00146613
 -0.00474486
 -0.00146613
  0.00383891
  0.00383891
 -0.00146615
 -0.00474482
 -0.00146615
  0.00383891
  0.00383891
 -0.00146613
 -0.00474486
 -0.00146613
  0.00383891
  0.00383891
 -0.00146615
 -0.00474482
 -0.00146615
  0.00383891
  0.00383891
 -0.00146613
 -0.00474486
 -0.00146613
  0.00383891
  0.00383891
 -0.00146615
 -0.00474482
 -0.00146615
  0.00383891
  0.00383891
 -0.00146613
 -0.00474486
 -0.00146613
  0.00383891
  0.00383891
 -0.00146615
 -0.00216842
-0.000670023
  0.00175445
  0.00175445
-0.000670018
 -0.00216844
-0.000670018
  0.00175445
  0.00175445
-0.000670023
 -0.00216842
-0.000670023
  0.00175445
  0.00175445
-0.000670018
 -0.00216844
-0.000670018
  0.00175445
  0.00175445
-0.000670023
 -0.00216842
-0.000670023
  0.00175445
  0.00175445
-0.000670018
 -0.00216844
-0.000670018
  0.00175445
  0.00175445
-0.000670023
 -0.00216842
-0.000670023
  0.00175445
  0.00175445
-0.000670018
 -0.00216844
-0.000670018
  0.00175445
  0.00175445
-0.000670023
-0.000970888
-0.000299992
  0.00078555
 0.000785547
-0.000299992
  -0.0009709
-0.000299992
 0.000785547
  0.00078555
-0.000299992
-0.000970888
-0.000299992
  0.00078555
 0.000785547
-0.000299992
  -0.0009709
-0.000299992
 0.000785547
  0.00078555
-0.000299992
-0.000970888
-0.000299992
  0.00078555
 0.000785547
-0.000299992
  -0.0009709
-0.000299992
 0.000785547
  0.00078555
-0.000299992
-0.000970888
-0.000299992
  0.00078555
 0.000785547
-0.000299992
  -0.0009709
-0.000299992
 0.000785547
  0.00078555
-0.000299992
