 -0.0105806
 -0.0105806
 -0.0105806
 -0.0105805
 -0.0105805
 -0.0105805
 -0.0105805
 -0.0105805
 -0.0105806
 -0.0105806
 -0.0105806
 -0.0105806
 -0.0105806
 -0.0105805
 -0.0105805
 -0.0105805
 -0.0105805
 -0.0105805
 -0.0105806
 -0.0105806
 -0.0105806
 -0.0105806
 -0.0105806
 -0.0105805
 -0.0105805
 -0.0105805
 -0.0105805
 -0.0105805
 -0.0105806
 -0.0105806
 -0.0105806
 -0.0105806
 -0.0105806
 -0.0105805
 -0.0105805
 -0.0105805
 -0.0105805
 -0.0105805
 -0.0105806
 -0.0105806
 -0.0167349
 -0.0167349
 -0.0167349
 -0.0167349
 -0.0167349
 -0.0167349
 -0.0167349
 -0.0167349
 -0.0167349
 -0.0167349
 -0.0167349
 -0.0167349
 -0.0167349
 -0.0167349
 -0.0167349
 -0.0167349
 -0.0167349
 -0.0167349
 -0.0167349
 -0.0167349
 -0.0167349
 -0.0167349
 -0.0167349
 -0.0167349
 -0.0167349
 -0.0167349
 -0.0167349
 -0.0167349
 -0.0167349
 -0.0167349
 -0.0167349
 -0.0167349
 -0.0167349
 -0.0167349
 -0.0167349
 -0.0167349
 -0.0167349
 -0.0167349
 -0.0167349
 -0.0167349
 -0.0244782
 -0.0244782
 -0.0244781
 -0.0244781
 -0.0244781
 -0.0244782
 -0.0244781
 -0.0244781
 -0.0244781
 -0.0244782
 -0.0244782
 -0.0244782
 -0.0244781
 -0.0244781
 -0.0244781
 -0.0244782
 -0.0244781
 -0.0244781
 -0.0244781
 -0.0244782
 -0.0244782
 -0.0244782
 -0.0244781
 -0.0244781
 -0.0244781
 -0.0244782
 -0.0244781
 -0.0244781
 -0.0244781
 -0.0244782
 -0.0244782
 -0.0244782
 -0.0244781
 -0.0244781
 -0.0244781
 -0.0244782
 -0.0244781
 -0.0244781
 -0.0244781
 -0.0244782
 -0.0330471
 -0.0330472
  -0.033047
  -0.033047
 -0.0330471
 -0.0330471
 -0.0330471
  -0.033047
  -0.033047
 -0.0330472
 -0.0330471
 -0.0330472
  -0.033047
  -0.033047
 -0.0330471
 -0.0330471
 -0.0330471
  -0.033047
  -0.033047
 -0.0330472
 -0.0330471
 -0.0330472
  -0.033047
  -0.033047
 -0.0330471
 -0.0330471
 -0.0330471
  -0.033047
  -0.033047
 -0.0330472
 -0.0330471
 -0.0330472
  -0.033047
  -0.033047
 -0.0330471
 -0.0330471
 -0.0330471
  -0.033047
  -0.033047
 -0.0330472
 -0.0400065
 -0.0400067
 -0.0400064
 -0.0400065
 -0.0400066
 -0.0400067
 -0.0400066
 -0.0400065
 -0.0400064
 -0.0400067
 -0.0400065
 -0.0400067
 -0.0400064
 -0.0400065
 -0.0400066
 -0.0400067
 -0.0400066
 -0.0400065
 -0.0400064
 -0.0400067
 -0.0400065
 -0.0400067
 -0.0400064
 -0.0400065
 -0.0400066
 -0.0400067
 -0.0400066
 -0.0400065
 -0.0400064
 -0.0400067
 -0.0400065
 -0.0400067
 -0.0400064
 -0.0400065
 -0.0400066
 -0.0400067
 -0.0400066
 -0.0400065
 -0.0400064
 -0.0400067
 -0.0400313
 -0.0400315
 -0.0400312
 -0.0400313
 -0.0400314
 -0.0400316
 -0.0400314
 -0.0400313
 -0.0400312
 -0.0400315
 -0.0400313
 -0.0400315
 -0.0400312
 -0.0400313
 -0.0400314
 -0.0400316
 -0.0400314
 -0.0400313
 -0.0400312
 -0.0400315
 -0.0400313
 -0.0400315
 -0.0400312
 -0.0400313
 -0.0400314
 -0.0400316
 -0.0400314
 -0.0400313
 -0.0400312
 -0.0400315
 -0.0400313
 -0.0400315
 -0.0400312
 -0.0400313
 -0.0400314
 -0.0400316
 -0.0400314
 -0.0400313
 -0.0400312
 -0.0400315
 -0.0249513
 -0.0249515
 -0.0249513
 -0.0249514
 -0.0249515
 -0.0249517
 -0.0249515
 -0.0249514
 -0.0249513
 -0.0249515
 -0.0249513
 -0.0249515
 -0.0249513
 -0.0249514
 -0.0249515
 -0.0249517
 -0.0249515
 -0.0249514
 -0.0249513
 -0.0249515
 -0.0249513
 -0.0249515
 -0.0249513
 -0.0249514
 -0.0249515
 -0.0249517
 -0.0249515
 -0.0249514
 -0.0249513
 -0.0249515
 -0.0249513
 -0.0249515
 -0.0249513
 -0.0249514
 -0.0249515
 -0.0249517
 -0.0249515
 -0.0249514
 -0.0249513
 -0.0249515
 0.00968335
 0.00968332
 0.00968315
 0.00968323
 0.00968309
 0.00968298
 0.00968309
 0.00968323
 0.00968315
 0.00968332
 0.00968335
 0.00968332
 0.00968315
 0.00968323
 0.00968309
 0.00968298
 0.00968309
 0.00968323
 0.00968315
 0.00968332
 0.00968335
 0.00968332
 0.00968315
 0.00968323
 0.00968309
 0.00968298
 0.00968309
 0.00968323
 0.00968315
 0.00968332
 0.00968335
 0.00968332
 0.00968315
 0.00968323
 0.00968309
 0.00968298
 0.00968309
 0.00968323
 0.00968315
 0.00968332
  0.0452392
  0.0452395
  0.0452386
  0.0452389
   0.045239
  0.0452392
   0.045239
  0.0452389
  0.0452386
  0.0452395
  0.0452392
  0.0452395
  0.0452386
  0.0452389
   0.045239
  0.0452392
   0.045239
  0.0452389
  0.0452386
  0.0452395
  0.0452392
  0.0452395
  0.0452386
  0.0452389
   0.045239
  0.0452392
   0.045239
  0.0452389
  0.0452386
  0.0452395
  0.0452392
  0.0452395
  0.0452386
  0.0452389
   0.045239
  0.0452392
   0.045239
  0.0452389
  0.0452386
  0.0452395
  0.0302841
  0.0302845
  0.0302837
  0.0302837
  0.0302842
  0.0302847
  0.0302842
  0.0302837
  0.0302837
  0.0302845
  0.0302841
  0.0302845
  0.0302837
  0.0302837
  0.0302842
  0.0302847
  0.0302842
  0.0302837
  0.0302837
  0.0302845
  0.0302841
  0.0302845
  0.0302837
  0.0302837
  0.0302842
  0.0302847
  0.0302842
  0.0302837
  0.0302837
  0.0302845
  0.0302841
  0.0302845
  0.0302837
  0.0302837
  0.0302842
  0.0302847
  0.0302842
  0.0302837
  0.0302837
  0.0302845
 -0.0409167
 -0.0409169
 -0.0409162
 -0.0409171
 -0.0409166
 -0.0409162
 -0.0409166
 -0.0409171
 -0.0409162
 -0.0409169
 -0.0409167
 -0.0409169
 -0.0409162
 -0.0409171
 -0.0409166
 -0.0409162
 -0.0409166
 -0.0409171
 -0.0409162
 -0.0409169
 -0.0409167
 -0.0409169
 -0.0409162
 -0.0409171
 -0.0409166
 -0.0409162
 -0.0409166
 -0.0409171
 -0.0409162
 -0.0409169
 -0.0409167
 -0.0409169
 -0.0409162
 -0.0409171
 -0.0409166
 -0.0409162
 -0.0409166
 -0.0409171
 -0.0409162
 -0.0409169
 -0.0431215
 -0.0431218
 -0.0431209
 -0.0431216
 -0.0431215
 -0.0431215
 -0.0431215
 -0.0431216
 -0.0431209
 -0.0431218
 -0.0431215
 -0.0431218
 -0.0431209
 -0.0431216
 -0.0431215
 -0.0431215
 -0.0431215
 -0.0431216
 -0.0431209
 -0.0431218
 -0.0431215
 -0.0431218
 -0.0431209
 -0.0431216
 -0.0431215
 -0.0431215
 -0.0431215
 -0.0431216
 -0.0431209
 -0.0431218
 -0.0431215
 -0.0431218
 -0.0431209
 -0.0431216
 -0.0431215
 -0.0431215
 -0.0431215
 -0.0431216
 -0.0431209
 -0.0431218
  0.0431215
  0.0431218
  0.0431209
  0.0431216
  0.0431215
  0.0431215
  0.0431215
  0.0431216
  0.0431209
  0.0431218
  0.0431215
  0.0431218
  0.0431209
  0.0431216
  0.0431215
  0.0431215
  0.0431215
  0.0431216
  0.0431209
  0.0431218
  0.0431215
  0.0431218
  0.0431209
  0.0431216
  0.0431215
  0.0431215
  0.0431215
  0.0431216
  0.0431209
  0.0431218
  0.0431215
  0.0431218
  0.0431209
  0.0431216
  0.0431215
  0.0431215
  0.0431215
  0.0431216
  0.0431209
  0.0431218
  0.0409167
  0.0409169
  0.0409162
  0.0409171
  0.0409166
  0.0409162
  0.0409166
  0.0409171
  0.0409162
  0.0409169
  0.0409167
  0.0409169
  0.0409162
  0.0409171
  0.0409166
  0.0409162
  0.0409166
  0.0409171
  0.0409162
  0.0409169
  0.0409167
  0.0409169
  0.0409162
  0.0409171
  0.0409166
  0.0409162
  0.0409166
  0.0409171
  0.0409162
  0.0409169
  0.0409167
  0.0409169
  0.0409162
  0.0409171
  0.0409166
  0.0409162
  0.0409166
  0.0409171
  0.0409162
  0.0409169
 -0.0302841
 -0.0302845
 -0.0302837
 -0.0302837
 -0.0302842
 -0.0302847
 -0.0302842
 -0.0302837
 -0.0302837
 -0.0302845
 -0.0302841
 -0.0302845
 -0.0302837
 -0.0302837
 -0.0302842
 -0.0302847
 -0.0302842
 -0.0302837
 -0.0302837
 -0.0302845
 -0.0302841
 -0.0302845
 -0.0302837
 -0.0302837
 -0.0302842
 -0.0302847
 -0.0302842
 -0.0302837
 -0.0302837
 -0.0302845
 -0.0302841
 -0.0302845
 -0.0302837
 -0.0302837
 -0.0302842
 -0.0302847
 -0.0302842
 -0.0302837
 -0.0302837
 -0.0302845
 -0.0452392
 -0.0452395
 -0.0452386
 -0.0452389
  -0.045239
 -0.0452392
  -0.045239
 -0.0452389
 -0.0452386
 -0.0452395
 -0.0452392
 -0.0452395
 -0.0452386
 -0.0452389
  -0.045239
 -0.0452392
  -0.045239
 -0.0452389
 -0.0452386
 -0.0452395
 -0.0452392
 -0.0452395
 -0.0452386
 -0.0452389
  -0.045239
 -0.0452392
  -0.045239
 -0.0452389
 -0.0452386
 -0.0452395
 -0.0452392
 -0.0452395
 -0.0452386
 -0.0452389
  -0.045239
 -0.0452392
  -0.045239
 -0.0452389
 -0.0452386
 -0.0452395
-0.00968335
-0.00968332
-0.00968315
-0.00968323
-0.00968309
-0.00968298
-0.00968309
-0.00968323
-0.00968315
-0.00968332
-0.00968335
-0.00968332
-0.00968315
-0.00968323
-0.00968309
-0.00968298
-0.00968309
-0.00968323
-0.00968315
-0.00968332
-0.00968335
-0.00968332
-0.00968315
-0.00968323
-0.00968309
-0.00968298
-0.00968309
-0.00968323
-0.00968315
-0.00968332
-0.00968335
-0.00968332
-0.00968315
-0.00968323
-0.00968309
-0.00968298
-0.00968309
-0.00968323
-0.00968315
-0.00968332
  0.0249513
  0.0249515
  0.0249513
  0.0249514
  0.0249515
  0.0249517
  0.0249515
  0.0249514
  0.0249513
  0.0249515
  0.0249513
  0.0249515
  0.0249513
  0.0249514
  0.0249515
  0.0249517
  0.0249515
  0.0249514
  0.0249513
  0.0249515
  0.0249513
  0.0249515
  0.0249513
  0.0249514
  0.0249515
  0.0249517
  0.0249515
  0.0249514
  0.0249513
  0.0249515
  0.0249513
  0.0249515
  0.0249513
  0.0249514
  0.0249515
  0.0249517
  0.0249515
  0.0249514
  0.0249513
  0.0249515
  0.0400313
  0.0400315
  0.0400312
  0.0400313
  0.0400314
  0.0400316
  0.0400314
  0.0400313
  0.0400312
  0.0400315
  0.0400313
  0.0400315
  0.0400312
  0.0400313
  0.0400314
  0.0400316
  0.0400314
  0.0400313
  0.0400312
  0.0400315
  0.0400313
  0.0400315
  0.0400312
  0.0400313
  0.0400314
  0.0400316
  0.0400314
  0.0400313
  0.0400312
  0.0400315
  0.0400313
  0.0400315
  0.0400312
  0.0400313
  0.0400314
  0.0400316
  0.0400314
  0.0400313
  0.0400312
  0.0400315
  0.0400065
  0.0400067
  0.0400064
  0.0400065
  0.0400066
  0.0400067
  0.0400066
  0.0400065
  0.0400064
  0.0400067
  0.0400065
  0.0400067
  0.0400064
  0.0400065
  0.0400066
  0.0400067
  0.0400066
  0.0400065
  0.0400064
  0.0400067
  0.0400065
  0.0400067
  0.0400064
  0.0400065
  0.0400066
  0.0400067
  0.0400066
  0.0400065
  0.0400064
  0.0400067
  0.0400065
  0.0400067
  0.0400064
  0.0400065
  0.0400066
  0.0400067
  0.0400066
  0.0400065
  0.0400064
  0.0400067
  0.0330471
  0.0330472
   0.033047
   0.033047
  0.0330471
  0.0330471
  0.0330471
   0.033047
   0.033047
  0.0330472
  0.0330471
  0.0330472
   0.033047
   0.033047
  0.0330471
  0.0330471
  0.0330471
   0.033047
   0.033047
  0.0330472
  0.0330471
  0.0330472
   0.033047
   0.033047
  0.0330471
  0.0330471
  0.0330471
   0.033047
   0.033047
  0.0330472
  0.0330471
  0.0330472
   0.033047
   0.033047
  0.0330471
  0.0330471
  0.0330471
   0.033047
   0.033047
  0.0330472
  0.0244782
  0.0244782
  0.0244781
  0.0244781
  0.0244781
  0.0244782
  0.0244781
  0.0244781
  0.0244781
  0.0244782
  0.0244782
  0.0244782
  0.0244781
  0.0244781
  0.0244781
  0.0244782
  0.0244781
  0.0244781
  0.0244781
  0.0244782
  0.0244782
  0.0244782
  0.0244781
  0.0244781
  0.0244781
  0.0244782
  0.0244781
  0.0244781
  0.0244781
  0.0244782
  0.0244782
  0.0244782
  0.0244781
  0.0244781
  0.0244781
  0.0244782
  0.0244781
  0.0244781
  0.0244781
  0.0244782
  0.0167349
  0.0167349
  0.0167349
  0.0167349
  0.0167349
  0.0167349
  0.0167349
  0.0167349
  0.0167349
  0.0167349
  0.0167349
  0.0167349
  0.0167349
  0.0167349
  0.0167349
  0.0167349
  0.0167349
  0.0167349
  0.0167349
  0.0167349
  0.0167349
  0.0167349
  0.0167349
  0.0167349
  0.0167349
  0.0167349
  0.0167349
  0.0167349
  0.0167349
  0.0167349
  0.0167349
  0.0167349
  0.0167349
  0.0167349
  0.0167349
  0.0167349
  0.0167349
  0.0167349
  0.0167349
  0.0167349
  0.0105806
  0.0105806
  0.0105806
  0.0105805
  0.0105805
  0.0105805
  0.0105805
  0.0105805
  0.0105806
  0.0105806
  0.0105806
  0.0105806
  0.0105806
  0.0105805
  0.0105805
  0.0105805
  0.0105805
  0.0105805
  0.0105806
  0.0105806
  0.0105806
  0.0105806
  0.0105806
  0.0105805
  0.0105805
  0.0105805
  0.0105805
  0.0105805
  0.0105806
  0.0105806
  0.0105806
  0.0105806
  0.0105806
  0.0105805
  0.0105805
  0.0105805
  0.0105805
  0.0105805
  0.0105806
  0.0105806
