  4.0583e-14
 2.48423e-05
 -1.5314e-05
-1.53112e-05
 2.48467e-05
 5.84976e-15
-2.48467e-05
 1.53112e-05
  1.5314e-05
-2.48423e-05
-7.88762e-14
 2.48423e-05
 -1.5314e-05
-1.53112e-05
 2.48467e-05
 8.86842e-16
-2.48467e-05
 1.53112e-05
  1.5314e-05
-2.48423e-05
 9.00659e-14
 2.48423e-05
 -1.5314e-05
-1.53112e-05
 2.48467e-05
 3.96647e-14
-2.48467e-05
 1.53112e-05
  1.5314e-05
-2.48423e-05
 3.73331e-14
 2.48423e-05
 -1.5314e-05
-1.53112e-05
 2.48467e-05
 3.02048e-14
-2.48467e-05
 1.53112e-05
  1.5314e-05
-2.48423e-05
 5.80516e-14
 8.12809e-05
-5.01828e-05
-5.01764e-05
 8.12906e-05
-6.69351e-15
-8.12906e-05
 5.01764e-05
 5.01828e-05
-8.12809e-05
-4.58622e-14
 8.12809e-05
-5.01828e-05
-5.01764e-05
 8.12906e-05
 6.82596e-15
-8.12906e-05
 5.01764e-05
 5.01828e-05
-8.12809e-05
 9.78629e-14
 8.12809e-05
-5.01828e-05
-5.01764e-05
 8.12906e-05
-2.92868e-14
-8.12906e-05
 5.01764e-05
 5.01828e-05
-8.12809e-05
 -2.6127e-14
 8.12809e-05
-5.01828e-05
-5.01764e-05
 8.12906e-05
-2.73013e-15
-8.12906e-05
 5.01764e-05
 5.01828e-05
-8.12809e-05
 8.47647e-14
    0.000263
-0.000162486
-0.000162472
 0.000263021
 1.19357e-14
-0.000263021
 0.000162472
 0.000162486
   -0.000263
 9.24121e-14
    0.000263
-0.000162486
-0.000162472
 0.000263021
 5.69732e-14
-0.000263021
 0.000162472
 0.000162486
   -0.000263
 1.21517e-13
    0.000263
-0.000162486
-0.000162472
 0.000263021
-7.26005e-14
-0.000263021
 0.000162472
 0.000162486
   -0.000263
-1.94932e-13
    0.000263
-0.000162486
-0.000162472
 0.000263021
 2.48826e-14
-0.000263021
 0.000162472
 0.000162486
   -0.000263
-4.17965e-14
 0.000826812
-0.000510958
-0.000510929
 0.000826855
-5.35771e-14
-0.000826855
 0.000510929
 0.000510958
-0.000826812
-1.11422e-13
 0.000826812
-0.000510958
-0.000510929
 0.000826855
  1.2365e-13
-0.000826855
 0.000510929
 0.000510958
-0.000826812
 1.94302e-14
 0.000826812
-0.000510958
-0.000510929
 0.000826855
 -7.6835e-14
-0.000826855
 0.000510929
 0.000510958
-0.000826812
-2.76725e-13
 0.000826812
-0.000510958
-0.000510929
 0.000826855
 1.96903e-14
-0.000826855
 0.000510929
 0.000510958
-0.000826812
 2.39738e-14
   0.0024591
 -0.00151984
 -0.00151978
  0.00245918
  1.1843e-13
 -0.00245918
  0.00151978
  0.00151984
  -0.0024591
-4.18336e-13
   0.0024591
 -0.00151984
 -0.00151978
  0.00245918
 3.02255e-13
 -0.00245918
  0.00151978
  0.00151984
  -0.0024591
-5.21074e-14
   0.0024591
 -0.00151984
 -0.00151978
  0.00245918
   2.238e-14
 -0.00245918
  0.00151978
  0.00151984
  -0.0024591
-4.28058e-13
   0.0024591
 -0.00151984
 -0.00151978
  0.00245918
 1.96586e-13
 -0.00245918
  0.00151978
  0.00151984
  -0.0024591
-2.40178e-13
  0.00663518
 -0.00410095
 -0.00410086
   0.0066353
 6.95444e-13
  -0.0066353
  0.00410086
  0.00410095
 -0.00663518
-9.91549e-13
  0.00663518
 -0.00410095
 -0.00410086
   0.0066353
 4.56057e-13
  -0.0066353
  0.00410086
  0.00410095
 -0.00663518
-2.14712e-14
  0.00663518
 -0.00410095
 -0.00410086
   0.0066353
 8.02815e-13
  -0.0066353
  0.00410086
  0.00410095
 -0.00663518
-7.85038e-13
  0.00663518
 -0.00410095
 -0.00410086
   0.0066353
 4.85706e-13
  -0.0066353
  0.00410086
  0.00410095
 -0.00663518
-1.29137e-12
   0.0151058
 -0.00933629
 -0.00933617
   0.0151059
 1.50066e-12
  -0.0151059
  0.00933617
  0.00933629
  -0.0151058
-1.14066e-12
   0.0151058
 -0.00933629
 -0.00933617
   0.0151059
 1.43135e-12
  -0.0151059
  0.00933617
  0.00933629
  -0.0151058
-1.39855e-12
   0.0151058
 -0.00933629
 -0.00933617
   0.0151059
 1.32624e-12
  -0.0151059
  0.00933617
  0.00933629
  -0.0151058
 -1.4996e-12
   0.0151058
 -0.00933629
 -0.00933617
   0.0151059
 1.52069e-12
  -0.0151059
  0.00933617
  0.00933629
  -0.0151058
 -2.7157e-12
    0.024906
  -0.0153932
  -0.0153932
    0.024906
 2.01307e-12
   -0.024906
   0.0153932
   0.0153932
   -0.024906
-1.37692e-12
    0.024906
  -0.0153932
  -0.0153932
    0.024906
 1.95923e-12
   -0.024906
   0.0153932
   0.0153932
   -0.024906
-2.98556e-12
    0.024906
  -0.0153932
  -0.0153932
    0.024906
  2.1738e-12
   -0.024906
   0.0153932
   0.0153932
   -0.024906
-1.38094e-12
    0.024906
  -0.0153932
  -0.0153932
    0.024906
 2.18658e-12
   -0.024906
   0.0153932
   0.0153932
   -0.024906
-2.80744e-12
   0.0160228
 -0.00990275
 -0.00990295
   0.0160225
 1.24348e-12
  -0.0160225
  0.00990295
  0.00990275
  -0.0160228
 8.48803e-14
   0.0160228
 -0.00990275
 -0.00990295
   0.0160225
 1.33546e-12
  -0.0160225
  0.00990295
  0.00990275
  -0.0160228
 -2.7871e-12
   0.0160228
 -0.00990275
 -0.00990295
   0.0160225
 1.43637e-12
  -0.0160225
  0.00990295
  0.00990275
  -0.0160228
-3.67506e-14
   0.0160228
 -0.00990275
 -0.00990295
   0.0160225
 1.36214e-12
  -0.0160225
  0.00990295
  0.00990275
  -0.0160228
 2.67147e-12
  -0.0434693
   0.0268661
   0.0268657
  -0.0434698
-3.75104e-12
   0.0434698
  -0.0268657
  -0.0268661
   0.0434693
 4.96635e-12
  -0.0434693
   0.0268661
   0.0268657
  -0.0434698
-3.57183e-12
   0.0434698
  -0.0268657
  -0.0268661
   0.0434693
 2.82589e-12
  -0.0434693
   0.0268661
   0.0268657
  -0.0434698
-3.68825e-12
   0.0434698
  -0.0268657
  -0.0268661
   0.0434693
 4.79583e-12
  -0.0434693
   0.0268661
   0.0268657
  -0.0434698
-3.81853e-12
   0.0434698
  -0.0268657
  -0.0268661
   0.0434693
 1.07161e-11
   -0.118547
   0.0732668
   0.0732664
   -0.118547
-1.03746e-11
    0.118547
  -0.0732664
  -0.0732668
    0.118547
 9.46033e-12
   -0.118547
   0.0732668
   0.0732664
   -0.118547
  -1.017e-11
    0.118547
  -0.0732664
  -0.0732668
    0.118547
 1.09278e-11
   -0.118547
   0.0732668
   0.0732664
   -0.118547
-1.01618e-11
    0.118547
  -0.0732664
  -0.0732668
    0.118547
 9.52852e-12
   -0.118547
   0.0732668
   0.0732664
   -0.118547
 -1.0264e-11
    0.118547
  -0.0732664
  -0.0732668
    0.118547
 7.13761e-12
  -0.0742535
   0.0458915
   0.0458914
  -0.0742534
-6.06063e-12
   0.0742534
  -0.0458914
  -0.0458915
   0.0742535
 5.30146e-12
  -0.0742535
   0.0458915
   0.0458914
  -0.0742534
-6.27318e-12
   0.0742534
  -0.0458914
  -0.0458915
   0.0742535
 7.52429e-12
  -0.0742535
   0.0458915
   0.0458914
  -0.0742534
-6.59483e-12
   0.0742534
  -0.0458914
  -0.0458915
   0.0742535
 5.77346e-12
  -0.0742535
   0.0458915
   0.0458914
  -0.0742534
-6.46806e-12
   0.0742534
  -0.0458914
  -0.0458915
   0.0742535
-7.43025e-12
   0.0742535
  -0.0458915
  -0.0458914
   0.0742534
 6.49894e-12
  -0.0742534
   0.0458914
   0.0458915
  -0.0742535
 -5.6609e-12
   0.0742535
  -0.0458915
  -0.0458914
   0.0742534
  6.3803e-12
  -0.0742534
   0.0458914
   0.0458915
  -0.0742535
-7.20988e-12
   0.0742535
  -0.0458915
  -0.0458914
   0.0742534
 6.17506e-12
  -0.0742534
   0.0458914
   0.0458915
  -0.0742535
-5.50205e-12
   0.0742535
  -0.0458915
  -0.0458914
   0.0742534
 6.38833e-12
  -0.0742534
   0.0458914
   0.0458915
  -0.0742535
-1.07897e-11
    0.118547
  -0.0732668
  -0.0732664
    0.118547
 1.05343e-11
   -0.118547
   0.0732664
   0.0732668
   -0.118547
-9.49892e-12
    0.118547
  -0.0732668
  -0.0732664
    0.118547
 1.02715e-11
   -0.118547
   0.0732664
   0.0732668
   -0.118547
-1.08867e-11
    0.118547
  -0.0732668
  -0.0732664
    0.118547
  9.9809e-12
   -0.118547
   0.0732664
   0.0732668
   -0.118547
-9.56278e-12
    0.118547
  -0.0732668
  -0.0732664
    0.118547
 1.03211e-11
   -0.118547
   0.0732664
   0.0732668
   -0.118547
-2.67994e-12
   0.0434693
  -0.0268661
  -0.0268657
   0.0434698
 3.51901e-12
  -0.0434698
   0.0268657
   0.0268661
  -0.0434693
-4.76321e-12
   0.0434693
  -0.0268661
  -0.0268657
   0.0434698
 3.54518e-12
  -0.0434698
   0.0268657
   0.0268661
  -0.0434693
-2.80279e-12
   0.0434693
  -0.0268661
  -0.0268657
   0.0434698
 3.93421e-12
  -0.0434698
   0.0268657
   0.0268661
  -0.0434693
-4.98675e-12
   0.0434693
  -0.0268661
  -0.0268657
   0.0434698
 3.79829e-12
  -0.0434698
   0.0268657
   0.0268661
  -0.0434693
 2.80567e-12
  -0.0160228
  0.00990275
  0.00990295
  -0.0160225
-1.46906e-12
   0.0160225
 -0.00990295
 -0.00990275
   0.0160228
-6.89755e-14
  -0.0160228
  0.00990275
  0.00990295
  -0.0160225
 -1.2327e-12
   0.0160225
 -0.00990295
 -0.00990275
   0.0160228
 2.83102e-12
  -0.0160228
  0.00990275
  0.00990295
  -0.0160225
-1.12515e-12
   0.0160225
 -0.00990295
 -0.00990275
   0.0160228
-2.66224e-13
  -0.0160228
  0.00990275
  0.00990295
  -0.0160225
-1.28448e-12
   0.0160225
 -0.00990295
 -0.00990275
   0.0160228
 2.93016e-12
   -0.024906
   0.0153932
   0.0153932
   -0.024906
-2.17447e-12
    0.024906
  -0.0153932
  -0.0153932
    0.024906
 1.57481e-12
   -0.024906
   0.0153932
   0.0153932
   -0.024906
-2.01976e-12
    0.024906
  -0.0153932
  -0.0153932
    0.024906
  2.9307e-12
   -0.024906
   0.0153932
   0.0153932
   -0.024906
-2.16697e-12
    0.024906
  -0.0153932
  -0.0153932
    0.024906
 1.28376e-12
   -0.024906
   0.0153932
   0.0153932
   -0.024906
-2.08957e-12
    0.024906
  -0.0153932
  -0.0153932
    0.024906
 1.06345e-12
  -0.0151058
  0.00933629
  0.00933617
  -0.0151059
-1.42495e-12
   0.0151059
 -0.00933617
 -0.00933629
   0.0151058
  1.2075e-12
  -0.0151058
  0.00933629
  0.00933617
  -0.0151059
-1.47067e-12
   0.0151059
 -0.00933617
 -0.00933629
   0.0151058
 8.67008e-13
  -0.0151058
  0.00933629
  0.00933617
  -0.0151059
-1.21495e-12
   0.0151059
 -0.00933617
 -0.00933629
   0.0151058
 1.36062e-12
  -0.0151058
  0.00933629
  0.00933617
  -0.0151059
-1.24369e-12
   0.0151059
 -0.00933617
 -0.00933629
   0.0151058
  5.2235e-13
 -0.00663518
  0.00410095
  0.00410086
  -0.0066353
 -5.5738e-13
   0.0066353
 -0.00410086
 -0.00410095
  0.00663518
 7.04341e-13
 -0.00663518
  0.00410095
  0.00410086
  -0.0066353
-7.31275e-13
   0.0066353
 -0.00410086
 -0.00410095
  0.00663518
 4.63528e-13
 -0.00663518
  0.00410095
  0.00410086
  -0.0066353
-4.87732e-13
   0.0066353
 -0.00410086
 -0.00410095
  0.00663518
 6.28935e-13
 -0.00663518
  0.00410095
  0.00410086
  -0.0066353
-4.76848e-13
   0.0066353
 -0.00410086
 -0.00410095
  0.00663518
 1.05445e-14
  -0.0024591
  0.00151984
  0.00151978
 -0.00245918
-2.76056e-13
  0.00245918
 -0.00151978
 -0.00151984
   0.0024591
 4.60216e-13
  -0.0024591
  0.00151984
  0.00151978
 -0.00245918
-2.36402e-13
  0.00245918
 -0.00151978
 -0.00151984
   0.0024591
-6.67686e-14
  -0.0024591
  0.00151984
  0.00151978
 -0.00245918
-3.91809e-13
  0.00245918
 -0.00151978
 -0.00151984
   0.0024591
  6.6479e-13
  -0.0024591
  0.00151984
  0.00151978
 -0.00245918
-2.00226e-13
  0.00245918
 -0.00151978
 -0.00151984
   0.0024591
-1.70123e-13
-0.000826812
 0.000510958
 0.000510929
-0.000826855
-7.43901e-14
 0.000826855
-0.000510929
-0.000510958
 0.000826812
 3.09408e-13
-0.000826812
 0.000510958
 0.000510929
-0.000826855
 -1.4379e-13
 0.000826855
-0.000510929
-0.000510958
 0.000826812
-2.53439e-13
-0.000826812
 0.000510958
 0.000510929
-0.000826855
-1.55087e-13
 0.000826855
-0.000510929
-0.000510958
 0.000826812
 4.88177e-13
-0.000826812
 0.000510958
 0.000510929
-0.000826855
 4.58702e-14
 0.000826855
-0.000510929
-0.000510958
 0.000826812
-1.42932e-13
   -0.000263
 0.000162486
 0.000162472
-0.000263021
-4.56099e-14
 0.000263021
-0.000162472
-0.000162486
    0.000263
 1.80209e-13
   -0.000263
 0.000162486
 0.000162472
-0.000263021
  -1.436e-13
 0.000263021
-0.000162472
-0.000162486
    0.000263
-1.36326e-13
   -0.000263
 0.000162486
 0.000162472
-0.000263021
 -5.5997e-14
 0.000263021
-0.000162472
-0.000162486
    0.000263
 2.08451e-13
   -0.000263
 0.000162486
 0.000162472
-0.000263021
 3.10793e-14
 0.000263021
-0.000162472
-0.000162486
    0.000263
-5.02698e-15
-8.12809e-05
 5.01828e-05
 5.01764e-05
-8.12906e-05
 9.10765e-15
 8.12906e-05
-5.01764e-05
-5.01828e-05
 8.12809e-05
 1.50372e-13
-8.12809e-05
 5.01828e-05
 5.01764e-05
-8.12906e-05
 -6.6217e-14
 8.12906e-05
-5.01764e-05
-5.01828e-05
 8.12809e-05
-6.98754e-14
-8.12809e-05
 5.01828e-05
 5.01764e-05
-8.12906e-05
 7.54601e-14
 8.12906e-05
-5.01764e-05
-5.01828e-05
 8.12809e-05
 3.88368e-14
-8.12809e-05
 5.01828e-05
 5.01764e-05
-8.12906e-05
 6.85771e-14
 8.12906e-05
-5.01764e-05
-5.01828e-05
 8.12809e-05
-2.15639e-14
-2.48423e-05
  1.5314e-05
 1.53112e-05
-2.48467e-05
 1.67377e-15
 2.48467e-05
-1.53112e-05
 -1.5314e-05
 2.48423e-05
 7.30077e-14
-2.48423e-05
  1.5314e-05
 1.53112e-05
-2.48467e-05
-4.82391e-14
 2.48467e-05
-1.53112e-05
 -1.5314e-05
 2.48423e-05
-1.01611e-14
-2.48423e-05
  1.5314e-05
 1.53112e-05
-2.48467e-05
 5.77429e-14
 2.48467e-05
-1.53112e-05
 -1.5314e-05
 2.48423e-05
 1.93014e-14
-2.48423e-05
  1.5314e-05
 1.53112e-05
-2.48467e-05
 7.79255e-15
 2.48467e-05
-1.53112e-05
 -1.5314e-05
 2.48423e-05
