 2.61451e-05
-8.02803e-06
-2.10867e-05
 2.11465e-05
 8.09693e-06
-2.60711e-05
 8.09693e-06
 2.11465e-05
-2.10867e-05
-8.02803e-06
 2.61451e-05
-8.02803e-06
-2.10867e-05
 2.11465e-05
 8.09693e-06
-2.60711e-05
 8.09693e-06
 2.11465e-05
-2.10867e-05
-8.02803e-06
 2.61451e-05
-8.02803e-06
-2.10867e-05
 2.11465e-05
 8.09693e-06
-2.60711e-05
 8.09693e-06
 2.11465e-05
-2.10867e-05
-8.02803e-06
 2.61451e-05
-8.02803e-06
-2.10867e-05
 2.11465e-05
 8.09693e-06
-2.60711e-05
 8.09693e-06
 2.11465e-05
-2.10867e-05
-8.02803e-06
 8.55084e-05
-2.63434e-05
 -6.9078e-05
  6.9166e-05
 2.64518e-05
 -8.5389e-05
 2.64518e-05
  6.9166e-05
 -6.9078e-05
-2.63434e-05
 8.55084e-05
-2.63434e-05
 -6.9078e-05
  6.9166e-05
 2.64518e-05
 -8.5389e-05
 2.64518e-05
  6.9166e-05
 -6.9078e-05
-2.63434e-05
 8.55084e-05
-2.63434e-05
 -6.9078e-05
  6.9166e-05
 2.64518e-05
 -8.5389e-05
 2.64518e-05
  6.9166e-05
 -6.9078e-05
-2.63434e-05
 8.55084e-05
-2.63434e-05
 -6.9078e-05
  6.9166e-05
 2.64518e-05
 -8.5389e-05
 2.64518e-05
  6.9166e-05
 -6.9078e-05
-2.63434e-05
 0.000276613
-8.53602e-05
-0.000223644
 0.000223758
 8.55201e-05
 -0.00027643
 8.55201e-05
 0.000223758
-0.000223644
-8.53602e-05
 0.000276613
-8.53602e-05
-0.000223644
 0.000223758
 8.55201e-05
 -0.00027643
 8.55201e-05
 0.000223758
-0.000223644
-8.53602e-05
 0.000276613
-8.53602e-05
-0.000223644
 0.000223758
 8.55201e-05
 -0.00027643
 8.55201e-05
 0.000223758
-0.000223644
-8.53602e-05
 0.000276613
-8.53602e-05
-0.000223644
 0.000223758
 8.55201e-05
 -0.00027643
 8.55201e-05
 0.000223758
-0.000223644
-8.53602e-05
 0.000869496
-0.000268527
-0.000703257
 0.000703382
 0.000268749
 -0.00086923
 0.000268749
 0.000703382
-0.000703257
-0.000268527
 0.000869496
-0.000268527
-0.000703257
 0.000703382
 0.000268749
 -0.00086923
 0.000268749
 0.000703382
-0.000703257
-0.000268527
 0.000869496
-0.000268527
-0.000703257
 0.000703382
 0.000268749
 -0.00086923
 0.000268749
 0.000703382
-0.000703257
-0.000268527
 0.000869496
-0.000268527
-0.000703257
 0.000703382
 0.000268749
 -0.00086923
 0.000268749
 0.000703382
-0.000703257
-0.000268527
  0.00258588
-0.000798874
 -0.00209182
  0.00209191
 0.000799165
 -0.00258552
 0.000799165
  0.00209191
 -0.00209182
-0.000798874
  0.00258588
-0.000798874
 -0.00209182
  0.00209191
 0.000799165
 -0.00258552
 0.000799165
  0.00209191
 -0.00209182
-0.000798874
  0.00258588
-0.000798874
 -0.00209182
  0.00209191
 0.000799165
 -0.00258552
 0.000799165
  0.00209191
 -0.00209182
-0.000798874
  0.00258588
-0.000798874
 -0.00209182
  0.00209191
 0.000799165
 -0.00258552
 0.000799165
  0.00209191
 -0.00209182
-0.000798874
  0.00697697
 -0.00215578
 -0.00564432
  0.00564431
  0.00215612
 -0.00697655
  0.00215612
  0.00564431
 -0.00564432
 -0.00215578
  0.00697697
 -0.00215578
 -0.00564432
  0.00564431
  0.00215612
 -0.00697655
  0.00215612
  0.00564431
 -0.00564432
 -0.00215578
  0.00697697
 -0.00215578
 -0.00564432
  0.00564431
  0.00215612
 -0.00697655
  0.00215612
  0.00564431
 -0.00564432
 -0.00215578
  0.00697697
 -0.00215578
 -0.00564432
  0.00564431
  0.00215612
 -0.00697655
  0.00215612
  0.00564431
 -0.00564432
 -0.00215578
   0.0158835
 -0.00490811
    -0.01285
   0.0128498
  0.00490845
  -0.0158832
  0.00490845
   0.0128498
    -0.01285
 -0.00490811
   0.0158835
 -0.00490811
    -0.01285
   0.0128498
  0.00490845
  -0.0158832
  0.00490845
   0.0128498
    -0.01285
 -0.00490811
   0.0158835
 -0.00490811
    -0.01285
   0.0128498
  0.00490845
  -0.0158832
  0.00490845
   0.0128498
    -0.01285
 -0.00490811
   0.0158835
 -0.00490811
    -0.01285
   0.0128498
  0.00490845
  -0.0158832
  0.00490845
   0.0128498
    -0.01285
 -0.00490811
   0.0261878
 -0.00809249
  -0.0211865
   0.0211863
  0.00809269
   -0.026188
  0.00809269
   0.0211863
  -0.0211865
 -0.00809249
   0.0261878
 -0.00809249
  -0.0211865
   0.0211863
  0.00809269
   -0.026188
  0.00809269
   0.0211863
  -0.0211865
 -0.00809249
   0.0261878
 -0.00809249
  -0.0211865
   0.0211863
  0.00809269
   -0.026188
  0.00809269
   0.0211863
  -0.0211865
 -0.00809249
   0.0261878
 -0.00809249
  -0.0211865
   0.0211863
  0.00809269
   -0.026188
  0.00809269
   0.0211863
  -0.0211865
 -0.00809249
   0.0168469
 -0.00520632
  -0.0136297
   0.0136298
  0.00520609
  -0.0168478
  0.00520609
   0.0136298
  -0.0136297
 -0.00520632
   0.0168469
 -0.00520632
  -0.0136297
   0.0136298
  0.00520609
  -0.0168478
  0.00520609
   0.0136298
  -0.0136297
 -0.00520632
   0.0168469
 -0.00520632
  -0.0136297
   0.0136298
  0.00520609
  -0.0168478
  0.00520609
   0.0136298
  -0.0136297
 -0.00520632
   0.0168469
 -0.00520632
  -0.0136297
   0.0136298
  0.00520609
  -0.0168478
  0.00520609
   0.0136298
  -0.0136297
 -0.00520632
  -0.0457073
   0.0141238
    0.036978
   -0.036977
  -0.0141246
   0.0457063
  -0.0141246
   -0.036977
    0.036978
   0.0141238
  -0.0457073
   0.0141238
    0.036978
   -0.036977
  -0.0141246
   0.0457063
  -0.0141246
   -0.036977
    0.036978
   0.0141238
  -0.0457073
   0.0141238
    0.036978
   -0.036977
  -0.0141246
   0.0457063
  -0.0141246
   -0.036977
    0.036978
   0.0141238
  -0.0457073
   0.0141238
    0.036978
   -0.036977
  -0.0141246
   0.0457063
  -0.0141246
   -0.036977
    0.036978
   0.0141238
   -0.124648
    0.038518
    0.100843
   -0.100841
  -0.0385192
    0.124648
  -0.0385192
   -0.100841
    0.100843
    0.038518
   -0.124648
    0.038518
    0.100843
   -0.100841
  -0.0385192
    0.124648
  -0.0385192
   -0.100841
    0.100843
    0.038518
   -0.124648
    0.038518
    0.100843
   -0.100841
  -0.0385192
    0.124648
  -0.0385192
   -0.100841
    0.100843
    0.038518
   -0.124648
    0.038518
    0.100843
   -0.100841
  -0.0385192
    0.124648
  -0.0385192
   -0.100841
    0.100843
    0.038518
  -0.0780746
   0.0241264
    0.063164
  -0.0631633
  -0.0241269
   0.0780753
  -0.0241269
  -0.0631633
    0.063164
   0.0241264
  -0.0780746
   0.0241264
    0.063164
  -0.0631633
  -0.0241269
   0.0780753
  -0.0241269
  -0.0631633
    0.063164
   0.0241264
  -0.0780746
   0.0241264
    0.063164
  -0.0631633
  -0.0241269
   0.0780753
  -0.0241269
  -0.0631633
    0.063164
   0.0241264
  -0.0780746
   0.0241264
    0.063164
  -0.0631633
  -0.0241269
   0.0780753
  -0.0241269
  -0.0631633
    0.063164
   0.0241264
   0.0780746
  -0.0241264
   -0.063164
   0.0631633
   0.0241269
  -0.0780753
   0.0241269
   0.0631633
   -0.063164
  -0.0241264
   0.0780746
  -0.0241264
   -0.063164
   0.0631633
   0.0241269
  -0.0780753
   0.0241269
   0.0631633
   -0.063164
  -0.0241264
   0.0780746
  -0.0241264
   -0.063164
   0.0631633
   0.0241269
  -0.0780753
   0.0241269
   0.0631633
   -0.063164
  -0.0241264
   0.0780746
  -0.0241264
   -0.063164
   0.0631633
   0.0241269
  -0.0780753
   0.0241269
   0.0631633
   -0.063164
  -0.0241264
    0.124648
   -0.038518
   -0.100843
    0.100841
   0.0385192
   -0.124648
   0.0385192
    0.100841
   -0.100843
   -0.038518
    0.124648
   -0.038518
   -0.100843
    0.100841
   0.0385192
   -0.124648
   0.0385192
    0.100841
   -0.100843
   -0.038518
    0.124648
   -0.038518
   -0.100843
    0.100841
   0.0385192
   -0.124648
   0.0385192
    0.100841
   -0.100843
   -0.038518
    0.124648
   -0.038518
   -0.100843
    0.100841
   0.0385192
   -0.124648
   0.0385192
    0.100841
   -0.100843
   -0.038518
   0.0457073
  -0.0141238
   -0.036978
    0.036977
   0.0141246
  -0.0457063
   0.0141246
    0.036977
   -0.036978
  -0.0141238
   0.0457073
  -0.0141238
   -0.036978
    0.036977
   0.0141246
  -0.0457063
   0.0141246
    0.036977
   -0.036978
  -0.0141238
   0.0457073
  -0.0141238
   -0.036978
    0.036977
   0.0141246
  -0.0457063
   0.0141246
    0.036977
   -0.036978
  -0.0141238
   0.0457073
  -0.0141238
   -0.036978
    0.036977
   0.0141246
  -0.0457063
   0.0141246
    0.036977
   -0.036978
  -0.0141238
  -0.0168469
  0.00520632
   0.0136297
  -0.0136298
 -0.00520609
   0.0168478
 -0.00520609
  -0.0136298
   0.0136297
  0.00520632
  -0.0168469
  0.00520632
   0.0136297
  -0.0136298
 -0.00520609
   0.0168478
 -0.00520609
  -0.0136298
   0.0136297
  0.00520632
  -0.0168469
  0.00520632
   0.0136297
  -0.0136298
 -0.00520609
   0.0168478
 -0.00520609
  -0.0136298
   0.0136297
  0.00520632
  -0.0168469
  0.00520632
   0.0136297
  -0.0136298
 -0.00520609
   0.0168478
 -0.00520609
  -0.0136298
   0.0136297
  0.00520632
  -0.0261878
  0.00809249
   0.0211865
  -0.0211863
 -0.00809269
    0.026188
 -0.00809269
  -0.0211863
   0.0211865
  0.00809249
  -0.0261878
  0.00809249
   0.0211865
  -0.0211863
 -0.00809269
    0.026188
 -0.00809269
  -0.0211863
   0.0211865
  0.00809249
  -0.0261878
  0.00809249
   0.0211865
  -0.0211863
 -0.00809269
    0.026188
 -0.00809269
  -0.0211863
   0.0211865
  0.00809249
  -0.0261878
  0.00809249
   0.0211865
  -0.0211863
 -0.00809269
    0.026188
 -0.00809269
  -0.0211863
   0.0211865
  0.00809249
  -0.0158835
  0.00490811
     0.01285
  -0.0128498
 -0.00490845
   0.0158832
 -0.00490845
  -0.0128498
     0.01285
  0.00490811
  -0.0158835
  0.00490811
     0.01285
  -0.0128498
 -0.00490845
   0.0158832
 -0.00490845
  -0.0128498
     0.01285
  0.00490811
  -0.0158835
  0.00490811
     0.01285
  -0.0128498
 -0.00490845
   0.0158832
 -0.00490845
  -0.0128498
     0.01285
  0.00490811
  -0.0158835
  0.00490811
     0.01285
  -0.0128498
 -0.00490845
   0.0158832
 -0.00490845
  -0.0128498
     0.01285
  0.00490811
 -0.00697697
  0.00215578
  0.00564432
 -0.00564431
 -0.00215612
  0.00697655
 -0.00215612
 -0.00564431
  0.00564432
  0.00215578
 -0.00697697
  0.00215578
  0.00564432
 -0.00564431
 -0.00215612
  0.00697655
 -0.00215612
 -0.00564431
  0.00564432
  0.00215578
 -0.00697697
  0.00215578
  0.00564432
 -0.00564431
 -0.00215612
  0.00697655
 -0.00215612
 -0.00564431
  0.00564432
  0.00215578
 -0.00697697
  0.00215578
  0.00564432
 -0.00564431
 -0.00215612
  0.00697655
 -0.00215612
 -0.00564431
  0.00564432
  0.00215578
 -0.00258588
 0.000798874
  0.00209182
 -0.00209191
-0.000799165
  0.00258552
-0.000799165
 -0.00209191
  0.00209182
 0.000798874
 -0.00258588
 0.000798874
  0.00209182
 -0.00209191
-0.000799165
  0.00258552
-0.000799165
 -0.00209191
  0.00209182
 0.000798874
 -0.00258588
 0.000798874
  0.00209182
 -0.00209191
-0.000799165
  0.00258552
-0.000799165
 -0.00209191
  0.00209182
 0.000798874
 -0.00258588
 0.000798874
  0.00209182
 -0.00209191
-0.000799165
  0.00258552
-0.000799165
 -0.00209191
  0.00209182
 0.000798874
-0.000869496
 0.000268527
 0.000703257
-0.000703382
-0.000268749
  0.00086923
-0.000268749
-0.000703382
 0.000703257
 0.000268527
-0.000869496
 0.000268527
 0.000703257
-0.000703382
-0.000268749
  0.00086923
-0.000268749
-0.000703382
 0.000703257
 0.000268527
-0.000869496
 0.000268527
 0.000703257
-0.000703382
-0.000268749
  0.00086923
-0.000268749
-0.000703382
 0.000703257
 0.000268527
-0.000869496
 0.000268527
 0.000703257
-0.000703382
-0.000268749
  0.00086923
-0.000268749
-0.000703382
 0.000703257
 0.000268527
-0.000276613
 8.53602e-05
 0.000223644
-0.000223758
-8.55201e-05
  0.00027643
-8.55201e-05
-0.000223758
 0.000223644
 8.53602e-05
-0.000276613
 8.53602e-05
 0.000223644
-0.000223758
-8.55201e-05
  0.00027643
-8.55201e-05
-0.000223758
 0.000223644
 8.53602e-05
-0.000276613
 8.53602e-05
 0.000223644
-0.000223758
-8.55201e-05
  0.00027643
-8.55201e-05
-0.000223758
 0.000223644
 8.53602e-05
-0.000276613
 8.53602e-05
 0.000223644
-0.000223758
-8.55201e-05
  0.00027643
-8.55201e-05
-0.000223758
 0.000223644
 8.53602e-05
-8.55084e-05
 2.63434e-05
  6.9078e-05
 -6.9166e-05
-2.64518e-05
  8.5389e-05
-2.64518e-05
 -6.9166e-05
  6.9078e-05
 2.63434e-05
-8.55084e-05
 2.63434e-05
  6.9078e-05
 -6.9166e-05
-2.64518e-05
  8.5389e-05
-2.64518e-05
 -6.9166e-05
  6.9078e-05
 2.63434e-05
-8.55084e-05
 2.63434e-05
  6.9078e-05
 -6.9166e-05
-2.64518e-05
  8.5389e-05
-2.64518e-05
 -6.9166e-05
  6.9078e-05
 2.63434e-05
-8.55084e-05
 2.63434e-05
  6.9078e-05
 -6.9166e-05
-2.64518e-05
  8.5389e-05
-2.64518e-05
 -6.9166e-05
  6.9078e-05
 2.63434e-05
-2.61451e-05
 8.02803e-06
 2.10867e-05
-2.11465e-05
-8.09693e-06
 2.60711e-05
-8.09693e-06
-2.11465e-05
 2.10867e-05
 8.02803e-06
-2.61451e-05
 8.02803e-06
 2.10867e-05
-2.11465e-05
-8.09693e-06
 2.60711e-05
-8.09693e-06
-2.11465e-05
 2.10867e-05
 8.02803e-06
-2.61451e-05
 8.02803e-06
 2.10867e-05
-2.11465e-05
-8.09693e-06
 2.60711e-05
-8.09693e-06
-2.11465e-05
 2.10867e-05
 8.02803e-06
-2.61451e-05
 8.02803e-06
 2.10867e-05
-2.11465e-05
-8.09693e-06
 2.60711e-05
-8.09693e-06
-2.11465e-05
 2.10867e-05
 8.02803e-06
