-2.67492e-06
 1.04125e-05
-6.78855e-06
-4.26146e-06
 1.06313e-05
-5.42951e-06
-5.73772e-06
 1.06176e-05
-3.90236e-06
-7.04916e-06
 1.03499e-05
-2.29086e-06
-8.22114e-06
 9.77718e-06
-6.70501e-07
-9.21415e-06
 8.97506e-06
 1.00955e-06
-9.92185e-06
 7.99854e-06
 2.67492e-06
-1.04125e-05
 6.78855e-06
 4.26146e-06
-1.06313e-05
 5.42951e-06
 5.73772e-06
-1.06176e-05
 3.90236e-06
 7.04916e-06
-1.03499e-05
 2.29086e-06
 8.22114e-06
-9.77718e-06
 6.70501e-07
 9.21415e-06
-8.97506e-06
-1.00955e-06
 9.92185e-06
-7.99854e-06
-9.57072e-06
  3.7313e-05
-2.43088e-05
-1.52428e-05
 3.81227e-05
-1.94199e-05
-2.05374e-05
 3.80393e-05
-1.40023e-05
 -2.5295e-05
 3.70314e-05
 -8.2486e-06
-2.94713e-05
 3.50418e-05
-2.36147e-06
-3.29566e-05
 3.22045e-05
  3.6449e-06
-3.55445e-05
 2.86437e-05
 9.57072e-06
 -3.7313e-05
 2.43088e-05
 1.52428e-05
-3.81227e-05
 1.94199e-05
 2.05374e-05
-3.80393e-05
 1.40023e-05
  2.5295e-05
-3.70314e-05
  8.2486e-06
 2.94713e-05
-3.50418e-05
 2.36147e-06
 3.29566e-05
-3.22045e-05
 -3.6449e-06
 3.55445e-05
-2.86437e-05
-3.41719e-05
 0.000133297
-8.68364e-05
-5.44266e-05
 0.000136235
-6.93314e-05
-7.33421e-05
 0.000135891
-5.00489e-05
-9.04187e-05
 0.000132219
-2.95297e-05
-0.000105312
 0.000125198
 -8.3816e-06
-0.000117659
 0.000115113
 1.30516e-05
-0.000126989
 0.000102297
 3.41719e-05
-0.000133297
 8.68364e-05
 5.44266e-05
-0.000136235
 6.93314e-05
 7.33421e-05
-0.000135891
 5.00489e-05
 9.04187e-05
-0.000132219
 2.95297e-05
 0.000105312
-0.000125198
  8.3816e-06
 0.000117659
-0.000115113
-1.30516e-05
 0.000126989
-0.000102297
-0.000119939
 0.000467936
-0.000304868
-0.000191047
 0.000478327
-0.000243338
-0.000257445
 0.000477064
-0.000175731
-0.000317493
 0.000464074
-0.000103755
-0.000369752
 0.000439538
 -2.9356e-05
-0.000412956
 0.000404204
 4.58479e-05
-0.000445847
 0.000359065
 0.000119939
-0.000467936
 0.000304868
 0.000191047
-0.000478327
 0.000243338
 0.000257445
-0.000477064
 0.000175731
 0.000317493
-0.000464074
 0.000103755
 0.000369752
-0.000439538
  2.9356e-05
 0.000412956
-0.000404204
-4.58479e-05
 0.000445847
-0.000359065
-0.000405117
   0.0015806
 -0.00102989
-0.000645327
  0.00161584
-0.000821914
-0.000869605
   0.0016115
-0.000593622
 -0.00107254
  0.00156749
-0.000350593
 -0.00124905
  0.00148475
-9.90867e-05
 -0.00139483
  0.00136548
 0.000154894
 -0.00150613
  0.00121279
 0.000405117
  -0.0015806
  0.00102989
 0.000645327
 -0.00161584
 0.000821914
 0.000869605
  -0.0016115
 0.000593622
  0.00107254
 -0.00156749
 0.000350593
  0.00124905
 -0.00148475
 9.90867e-05
  0.00139483
 -0.00136548
-0.000154894
  0.00150613
 -0.00121279
 -0.00127683
  0.00498166
 -0.00324619
 -0.00203396
  0.00509298
 -0.00259048
 -0.00274086
  0.00507921
 -0.00187098
 -0.00338052
  0.00494038
 -0.00110514
 -0.00393687
  0.00467971
-0.000312243
 -0.00439617
  0.00430391
 0.000488215
 -0.00474722
  0.00382235
  0.00127683
 -0.00498166
  0.00324619
  0.00203396
 -0.00509298
  0.00259048
  0.00274086
 -0.00507921
  0.00187098
  0.00338052
 -0.00494038
  0.00110514
  0.00393687
 -0.00467971
 0.000312243
  0.00439617
 -0.00430391
-0.000488215
  0.00474722
 -0.00382235
 -0.00358509
   0.0139874
 -0.00911494
   -0.005711
   0.0143003
 -0.00727358
  -0.0076959
   0.0142615
 -0.00525328
 -0.00949189
   0.0138716
 -0.00310315
   -0.011054
   0.0131398
-0.000876709
  -0.0123436
   0.0120848
  0.00137084
  -0.0133295
   0.0107322
  0.00358509
  -0.0139874
  0.00911494
    0.005711
  -0.0143003
  0.00727358
   0.0076959
  -0.0142615
  0.00525328
  0.00949189
  -0.0138716
  0.00310315
    0.011054
  -0.0131398
 0.000876709
   0.0123436
  -0.0120848
 -0.00137084
   0.0133295
  -0.0107322
 -0.00833687
   0.0325264
  -0.0211965
  -0.0132805
   0.0332547
  -0.0169143
  -0.0178965
   0.0331642
  -0.0122159
  -0.0220727
   0.0322574
 -0.00721623
  -0.0257053
   0.0305558
 -0.00203881
  -0.0287043
   0.0281025
  0.00318786
  -0.0309972
   0.0249567
  0.00833687
  -0.0325264
   0.0211965
   0.0132805
  -0.0332547
   0.0169143
   0.0178965
  -0.0331642
   0.0122159
   0.0220727
  -0.0322574
  0.00721623
   0.0257053
  -0.0305558
  0.00203881
   0.0287043
  -0.0281025
 -0.00318786
   0.0309972
  -0.0249567
  -0.0141045
   0.0550286
   -0.035861
  -0.0224681
   0.0562613
  -0.0286161
   -0.030278
    0.056108
  -0.0206669
  -0.0373429
   0.0545737
  -0.0122086
  -0.0434886
    0.051695
 -0.00344948
  -0.0485628
   0.0475445
  0.00539339
  -0.0524419
   0.0422221
   0.0141045
  -0.0550286
    0.035861
   0.0224681
  -0.0562613
   0.0286161
    0.030278
   -0.056108
   0.0206669
   0.0373429
  -0.0545737
   0.0122086
   0.0434886
   -0.051695
  0.00344948
   0.0485628
  -0.0475445
 -0.00539339
   0.0524419
  -0.0422221
  -0.0123087
   0.0480219
  -0.0312953
  -0.0196073
   0.0490983
  -0.0249728
  -0.0264232
   0.0489641
  -0.0180352
  -0.0325882
   0.0476252
  -0.0106542
  -0.0379513
   0.0451131
 -0.00301048
    -0.04238
   0.0414912
  0.00470681
   -0.045765
    0.036846
   0.0123087
  -0.0480219
   0.0312953
   0.0196073
  -0.0490983
   0.0249728
   0.0264232
  -0.0489641
   0.0180352
   0.0325882
  -0.0476252
   0.0106542
   0.0379513
  -0.0451131
  0.00301048
     0.04238
  -0.0414912
 -0.00470681
    0.045765
   -0.036846
  0.00737737
   -0.028783
   0.0187567
    0.011752
  -0.0294271
   0.0149675
   0.0158366
  -0.0293472
   0.0108101
   0.0195322
  -0.0285448
   0.0063856
   0.0227468
   -0.027039
  0.00180412
   0.0254006
  -0.0248678
 -0.00282088
   0.0274294
  -0.0220846
 -0.00737737
    0.028783
  -0.0187567
   -0.011752
   0.0294271
  -0.0149675
  -0.0158366
   0.0293472
  -0.0108101
  -0.0195322
   0.0285448
  -0.0063856
  -0.0227468
    0.027039
 -0.00180412
  -0.0254006
   0.0248678
  0.00282088
  -0.0274294
   0.0220846
   0.0328071
   -0.127997
   0.0834126
   0.0522609
   -0.130864
   0.0665612
   0.0704268
   -0.130507
    0.048071
   0.0868594
   -0.126939
    0.028397
    0.101154
   -0.120243
  0.00802377
    0.112958
   -0.110588
   -0.012545
     0.12198
  -0.0982087
  -0.0328071
    0.127997
  -0.0834126
  -0.0522609
    0.130864
  -0.0665612
  -0.0704268
    0.130507
   -0.048071
  -0.0868594
    0.126939
   -0.028397
   -0.101154
    0.120243
 -0.00802377
   -0.112958
    0.110588
    0.012545
    -0.12198
   0.0982087
   0.0328071
   -0.127997
   0.0834126
   0.0522609
   -0.130864
   0.0665612
   0.0704268
   -0.130507
    0.048071
   0.0868594
   -0.126939
    0.028397
    0.101154
   -0.120243
  0.00802377
    0.112958
   -0.110588
   -0.012545
     0.12198
  -0.0982087
  -0.0328071
    0.127997
  -0.0834126
  -0.0522609
    0.130864
  -0.0665612
  -0.0704268
    0.130507
   -0.048071
  -0.0868594
    0.126939
   -0.028397
   -0.101154
    0.120243
 -0.00802377
   -0.112958
    0.110588
    0.012545
    -0.12198
   0.0982087
  0.00737737
   -0.028783
   0.0187567
    0.011752
  -0.0294271
   0.0149675
   0.0158366
  -0.0293472
   0.0108101
   0.0195322
  -0.0285448
   0.0063856
   0.0227468
   -0.027039
  0.00180412
   0.0254006
  -0.0248678
 -0.00282088
   0.0274294
  -0.0220846
 -0.00737737
    0.028783
  -0.0187567
   -0.011752
   0.0294271
  -0.0149675
  -0.0158366
   0.0293472
  -0.0108101
  -0.0195322
   0.0285448
  -0.0063856
  -0.0227468
    0.027039
 -0.00180412
  -0.0254006
   0.0248678
  0.00282088
  -0.0274294
   0.0220846
  -0.0123087
   0.0480219
  -0.0312953
  -0.0196073
   0.0490983
  -0.0249728
  -0.0264232
   0.0489641
  -0.0180352
  -0.0325882
   0.0476252
  -0.0106542
  -0.0379513
   0.0451131
 -0.00301048
    -0.04238
   0.0414912
  0.00470681
   -0.045765
    0.036846
   0.0123087
  -0.0480219
   0.0312953
   0.0196073
  -0.0490983
   0.0249728
   0.0264232
  -0.0489641
   0.0180352
   0.0325882
  -0.0476252
   0.0106542
   0.0379513
  -0.0451131
  0.00301048
     0.04238
  -0.0414912
 -0.00470681
    0.045765
   -0.036846
  -0.0141045
   0.0550286
   -0.035861
  -0.0224681
   0.0562613
  -0.0286161
   -0.030278
    0.056108
  -0.0206669
  -0.0373429
   0.0545737
  -0.0122086
  -0.0434886
    0.051695
 -0.00344948
  -0.0485628
   0.0475445
  0.00539339
  -0.0524419
   0.0422221
   0.0141045
  -0.0550286
    0.035861
   0.0224681
  -0.0562613
   0.0286161
    0.030278
   -0.056108
   0.0206669
   0.0373429
  -0.0545737
   0.0122086
   0.0434886
   -0.051695
  0.00344948
   0.0485628
  -0.0475445
 -0.00539339
   0.0524419
  -0.0422221
 -0.00833687
   0.0325264
  -0.0211965
  -0.0132805
   0.0332547
  -0.0169143
  -0.0178965
   0.0331642
  -0.0122159
  -0.0220727
   0.0322574
 -0.00721623
  -0.0257053
   0.0305558
 -0.00203881
  -0.0287043
   0.0281025
  0.00318786
  -0.0309972
   0.0249567
  0.00833687
  -0.0325264
   0.0211965
   0.0132805
  -0.0332547
   0.0169143
   0.0178965
  -0.0331642
   0.0122159
   0.0220727
  -0.0322574
  0.00721623
   0.0257053
  -0.0305558
  0.00203881
   0.0287043
  -0.0281025
 -0.00318786
   0.0309972
  -0.0249567
 -0.00358509
   0.0139874
 -0.00911494
   -0.005711
   0.0143003
 -0.00727358
  -0.0076959
   0.0142615
 -0.00525328
 -0.00949189
   0.0138716
 -0.00310315
   -0.011054
   0.0131398
-0.000876709
  -0.0123436
   0.0120848
  0.00137084
  -0.0133295
   0.0107322
  0.00358509
  -0.0139874
  0.00911494
    0.005711
  -0.0143003
  0.00727358
   0.0076959
  -0.0142615
  0.00525328
  0.00949189
  -0.0138716
  0.00310315
    0.011054
  -0.0131398
 0.000876709
   0.0123436
  -0.0120848
 -0.00137084
   0.0133295
  -0.0107322
 -0.00127683
  0.00498166
 -0.00324619
 -0.00203396
  0.00509298
 -0.00259048
 -0.00274086
  0.00507921
 -0.00187098
 -0.00338052
  0.00494038
 -0.00110514
 -0.00393687
  0.00467971
-0.000312243
 -0.00439617
  0.00430391
 0.000488215
 -0.00474722
  0.00382235
  0.00127683
 -0.00498166
  0.00324619
  0.00203396
 -0.00509298
  0.00259048
  0.00274086
 -0.00507921
  0.00187098
  0.00338052
 -0.00494038
  0.00110514
  0.00393687
 -0.00467971
 0.000312243
  0.00439617
 -0.00430391
-0.000488215
  0.00474722
 -0.00382235
-0.000405117
   0.0015806
 -0.00102989
-0.000645327
  0.00161584
-0.000821914
-0.000869605
   0.0016115
-0.000593622
 -0.00107254
  0.00156749
-0.000350593
 -0.00124905
  0.00148475
-9.90867e-05
 -0.00139483
  0.00136548
 0.000154894
 -0.00150613
  0.00121279
 0.000405117
  -0.0015806
  0.00102989
 0.000645327
 -0.00161584
 0.000821914
 0.000869605
  -0.0016115
 0.000593622
  0.00107254
 -0.00156749
 0.000350593
  0.00124905
 -0.00148475
 9.90867e-05
  0.00139483
 -0.00136548
-0.000154894
  0.00150613
 -0.00121279
-0.000119939
 0.000467936
-0.000304868
-0.000191047
 0.000478327
-0.000243338
-0.000257445
 0.000477064
-0.000175731
-0.000317493
 0.000464074
-0.000103755
-0.000369752
 0.000439538
 -2.9356e-05
-0.000412956
 0.000404204
 4.58479e-05
-0.000445847
 0.000359065
 0.000119939
-0.000467936
 0.000304868
 0.000191047
-0.000478327
 0.000243338
 0.000257445
-0.000477064
 0.000175731
 0.000317493
-0.000464074
 0.000103755
 0.000369752
-0.000439538
  2.9356e-05
 0.000412956
-0.000404204
-4.58479e-05
 0.000445847
-0.000359065
-3.41719e-05
 0.000133297
-8.68364e-05
-5.44266e-05
 0.000136235
-6.93314e-05
-7.33421e-05
 0.000135891
-5.00489e-05
-9.04187e-05
 0.000132219
-2.95297e-05
-0.000105312
 0.000125198
 -8.3816e-06
-0.000117659
 0.000115113
 1.30516e-05
-0.000126989
 0.000102297
 3.41719e-05
-0.000133297
 8.68364e-05
 5.44266e-05
-0.000136235
 6.93314e-05
 7.33421e-05
-0.000135891
 5.00489e-05
 9.04187e-05
-0.000132219
 2.95297e-05
 0.000105312
-0.000125198
  8.3816e-06
 0.000117659
-0.000115113
-1.30516e-05
 0.000126989
-0.000102297
-9.57072e-06
  3.7313e-05
-2.43088e-05
-1.52428e-05
 3.81227e-05
-1.94199e-05
-2.05374e-05
 3.80393e-05
-1.40023e-05
 -2.5295e-05
 3.70314e-05
 -8.2486e-06
-2.94713e-05
 3.50418e-05
-2.36147e-06
-3.29566e-05
 3.22045e-05
  3.6449e-06
-3.55445e-05
 2.86437e-05
 9.57072e-06
 -3.7313e-05
 2.43088e-05
 1.52428e-05
-3.81227e-05
 1.94199e-05
 2.05374e-05
-3.80393e-05
 1.40023e-05
  2.5295e-05
-3.70314e-05
  8.2486e-06
 2.94713e-05
-3.50418e-05
 2.36147e-06
 3.29566e-05
-3.22045e-05
 -3.6449e-06
 3.55445e-05
-2.86437e-05
-2.67492e-06
 1.04125e-05
-6.78855e-06
-4.26146e-06
 1.06313e-05
-5.42951e-06
-5.73772e-06
 1.06176e-05
-3.90236e-06
-7.04916e-06
 1.03499e-05
-2.29086e-06
-8.22114e-06
 9.77718e-06
-6.70501e-07
-9.21415e-06
 8.97506e-06
 1.00955e-06
-9.92185e-06
 7.99854e-06
 2.67492e-06
-1.04125e-05
 6.78855e-06
 4.26146e-06
-1.06313e-05
 5.42951e-06
 5.73772e-06
-1.06176e-05
 3.90236e-06
 7.04916e-06
-1.03499e-05
 2.29086e-06
 8.22114e-06
-9.77718e-06
 6.70501e-07
 9.21415e-06
-8.97506e-06
-1.00955e-06
 9.92185e-06
-7.99854e-06
