   0.0031647
  0.00186016
-0.000977989
 -0.00300988
 -0.00256035
-4.86012e-11
  0.00256035
  0.00300988
 0.000977989
 -0.00186016
  -0.0031647
 -0.00186016
 0.000977989
  0.00300988
  0.00256035
 4.84315e-11
 -0.00256035
 -0.00300988
-0.000977989
  0.00186016
   0.0031647
  0.00186016
-0.000977989
 -0.00300988
 -0.00256035
-4.84554e-11
  0.00256035
  0.00300988
 0.000977989
 -0.00186016
  -0.0031647
 -0.00186016
 0.000977989
  0.00300988
  0.00256035
 4.82925e-11
 -0.00256035
 -0.00300988
-0.000977989
  0.00186016
  0.00568092
  0.00333917
 -0.00175554
 -0.00540296
 -0.00459603
 -8.6899e-11
  0.00459603
  0.00540296
  0.00175554
 -0.00333917
 -0.00568092
 -0.00333917
  0.00175554
  0.00540296
  0.00459603
 8.68941e-11
 -0.00459603
 -0.00540296
 -0.00175554
  0.00333917
  0.00568092
  0.00333917
 -0.00175554
 -0.00540296
 -0.00459603
-8.70164e-11
  0.00459603
  0.00540296
  0.00175554
 -0.00333917
 -0.00568092
 -0.00333917
  0.00175554
  0.00540296
  0.00459603
 8.67303e-11
 -0.00459603
 -0.00540296
 -0.00175554
  0.00333917
  0.00973233
  0.00572056
 -0.00300748
 -0.00925607
  -0.0078737
-1.48871e-10
   0.0078737
  0.00925607
  0.00300748
 -0.00572056
 -0.00973233
 -0.00572056
  0.00300748
  0.00925607
   0.0078737
 1.48818e-10
  -0.0078737
 -0.00925607
 -0.00300748
  0.00572056
  0.00973233
  0.00572056
 -0.00300748
 -0.00925607
  -0.0078737
-1.48934e-10
   0.0078737
  0.00925607
  0.00300748
 -0.00572056
 -0.00973233
 -0.00572056
  0.00300748
  0.00925607
   0.0078737
 1.48663e-10
  -0.0078737
 -0.00925607
 -0.00300748
  0.00572056
   0.0153599
  0.00902842
 -0.00474645
  -0.0146082
  -0.0124265
-2.34948e-10
   0.0124265
   0.0146082
  0.00474645
 -0.00902842
  -0.0153599
 -0.00902842
  0.00474645
   0.0146082
   0.0124265
 2.34845e-10
  -0.0124265
  -0.0146082
 -0.00474645
  0.00902842
   0.0153599
  0.00902842
 -0.00474645
  -0.0146082
  -0.0124265
-2.34964e-10
   0.0124265
   0.0146082
  0.00474645
 -0.00902842
  -0.0153599
 -0.00902842
  0.00474645
   0.0146082
   0.0124265
 2.34852e-10
  -0.0124265
  -0.0146082
 -0.00474645
  0.00902842
   0.0208029
   0.0122278
 -0.00642834
  -0.0197847
    -0.01683
 -3.1809e-10
     0.01683
   0.0197847
  0.00642834
  -0.0122278
  -0.0208029
  -0.0122278
  0.00642834
   0.0197847
     0.01683
 3.18059e-10
    -0.01683
  -0.0197847
 -0.00642834
   0.0122278
   0.0208029
   0.0122278
 -0.00642834
  -0.0197847
    -0.01683
 -3.1807e-10
     0.01683
   0.0197847
  0.00642834
  -0.0122278
  -0.0208029
  -0.0122278
  0.00642834
   0.0197847
     0.01683
 3.18148e-10
    -0.01683
  -0.0197847
 -0.00642834
   0.0122278
    0.019833
   0.0116578
 -0.00612851
  -0.0188622
  -0.0160453
-3.03005e-10
   0.0160453
   0.0188622
  0.00612851
  -0.0116578
   -0.019833
  -0.0116578
  0.00612851
   0.0188622
   0.0160453
 3.03073e-10
  -0.0160453
  -0.0188622
 -0.00612851
   0.0116578
    0.019833
   0.0116578
 -0.00612851
  -0.0188622
  -0.0160453
-3.03401e-10
   0.0160453
   0.0188622
  0.00612851
  -0.0116578
   -0.019833
  -0.0116578
  0.00612851
   0.0188622
   0.0160453
 3.03218e-10
  -0.0160453
  -0.0188622
 -0.00612851
   0.0116578
-0.000129963
-7.61966e-05
 4.04781e-05
 0.000123865
 0.000105227
 2.23478e-12
-0.000105227
-0.000123865
-4.04781e-05
 7.61966e-05
 0.000129963
 7.61966e-05
-4.04781e-05
-0.000123865
-0.000105227
 -1.9049e-12
 0.000105227
 0.000123865
 4.04781e-05
-7.61966e-05
-0.000129963
-7.61966e-05
 4.04781e-05
 0.000123865
 0.000105227
 1.91644e-12
-0.000105227
-0.000123865
-4.04781e-05
 7.61966e-05
 0.000129963
 7.61966e-05
-4.04781e-05
-0.000123865
-0.000105227
-1.84744e-12
 0.000105227
 0.000123865
 4.04781e-05
-7.61966e-05
   -0.049152
  -0.0288909
   0.0151891
   0.0467468
   0.0397652
 7.51906e-10
  -0.0397652
  -0.0467468
  -0.0151891
   0.0288909
    0.049152
   0.0288909
  -0.0151891
  -0.0467468
  -0.0397652
-7.51406e-10
   0.0397652
   0.0467468
   0.0151891
  -0.0288909
   -0.049152
  -0.0288909
   0.0151891
   0.0467468
   0.0397652
 7.51907e-10
  -0.0397652
  -0.0467468
  -0.0151891
   0.0288909
    0.049152
   0.0288909
  -0.0151891
  -0.0467468
  -0.0397652
-7.51468e-10
   0.0397652
   0.0467468
   0.0151891
  -0.0288909
   -0.100944
  -0.0593339
   0.0311933
   0.0960037
   0.0816659
  1.5436e-09
  -0.0816659
  -0.0960037
  -0.0311933
   0.0593338
    0.100944
   0.0593339
  -0.0311933
  -0.0960037
  -0.0816659
-1.54314e-09
   0.0816659
   0.0960037
   0.0311933
  -0.0593338
   -0.100944
  -0.0593339
   0.0311933
   0.0960037
   0.0816659
 1.54354e-09
  -0.0816659
  -0.0960037
  -0.0311933
   0.0593338
    0.100944
   0.0593339
  -0.0311933
  -0.0960037
  -0.0816659
-1.54331e-09
   0.0816659
   0.0960037
   0.0311933
  -0.0593338
  -0.0723326
  -0.0425167
   0.0223517
   0.0687928
   0.0585191
 1.10576e-09
  -0.0585191
  -0.0687928
  -0.0223517
   0.0425167
   0.0723326
   0.0425167
  -0.0223517
  -0.0687928
  -0.0585191
-1.10598e-09
   0.0585191
   0.0687928
   0.0223517
  -0.0425167
  -0.0723326
  -0.0425167
   0.0223517
   0.0687928
   0.0585191
 1.10595e-09
  -0.0585191
  -0.0687928
  -0.0223517
   0.0425167
   0.0723326
   0.0425167
  -0.0223517
  -0.0687928
  -0.0585191
-1.10591e-09
   0.0585191
   0.0687928
   0.0223517
  -0.0425167
   0.0473334
   0.0278222
   -0.014627
  -0.0450168
  -0.0382934
 -7.2389e-10
   0.0382934
   0.0450168
    0.014627
  -0.0278222
  -0.0473334
  -0.0278222
    0.014627
   0.0450168
   0.0382934
 7.23586e-10
  -0.0382934
  -0.0450168
   -0.014627
   0.0278222
   0.0473334
   0.0278222
   -0.014627
  -0.0450168
  -0.0382934
-7.23676e-10
   0.0382934
   0.0450168
    0.014627
  -0.0278222
  -0.0473334
  -0.0278222
    0.014627
   0.0450168
   0.0382934
  7.2351e-10
  -0.0382934
  -0.0450168
   -0.014627
   0.0278222
   0.0610136
   0.0358635
  -0.0188542
  -0.0580276
  -0.0493613
 -9.3256e-10
   0.0493613
   0.0580276
   0.0188542
  -0.0358635
  -0.0610136
  -0.0358635
   0.0188542
   0.0580276
   0.0493613
 9.33022e-10
  -0.0493613
  -0.0580276
  -0.0188542
   0.0358635
   0.0610136
   0.0358635
  -0.0188542
  -0.0580276
  -0.0493613
-9.32769e-10
   0.0493613
   0.0580276
   0.0188542
  -0.0358635
  -0.0610136
  -0.0358635
   0.0188542
   0.0580276
   0.0493613
 9.33169e-10
  -0.0493613
  -0.0580276
  -0.0188542
   0.0358635
  -0.0610136
  -0.0358635
   0.0188542
   0.0580276
   0.0493613
 9.32963e-10
  -0.0493613
  -0.0580276
  -0.0188542
   0.0358635
   0.0610136
   0.0358635
  -0.0188542
  -0.0580276
  -0.0493613
-9.32683e-10
   0.0493613
   0.0580276
   0.0188542
  -0.0358635
  -0.0610136
  -0.0358635
   0.0188542
   0.0580276
   0.0493613
 9.32964e-10
  -0.0493613
  -0.0580276
  -0.0188542
   0.0358635
   0.0610136
   0.0358635
  -0.0188542
  -0.0580276
  -0.0493613
 -9.3263e-10
   0.0493613
   0.0580276
   0.0188542
  -0.0358635
  -0.0473334
  -0.0278222
    0.014627
   0.0450168
   0.0382934
 7.23538e-10
  -0.0382934
  -0.0450168
   -0.014627
   0.0278222
   0.0473334
   0.0278222
   -0.014627
  -0.0450168
  -0.0382934
-7.23921e-10
   0.0382934
   0.0450168
    0.014627
  -0.0278222
  -0.0473334
  -0.0278222
    0.014627
   0.0450168
   0.0382934
 7.23669e-10
  -0.0382934
  -0.0450168
   -0.014627
   0.0278222
   0.0473334
   0.0278222
   -0.014627
  -0.0450168
  -0.0382934
-7.23905e-10
   0.0382934
   0.0450168
    0.014627
  -0.0278222
   0.0723326
   0.0425167
  -0.0223517
  -0.0687928
  -0.0585191
-1.10623e-09
   0.0585191
   0.0687928
   0.0223517
  -0.0425167
  -0.0723326
  -0.0425167
   0.0223517
   0.0687928
   0.0585191
 1.10592e-09
  -0.0585191
  -0.0687928
  -0.0223517
   0.0425167
   0.0723326
   0.0425167
  -0.0223517
  -0.0687928
  -0.0585191
-1.10597e-09
   0.0585191
   0.0687928
   0.0223517
  -0.0425167
  -0.0723326
  -0.0425167
   0.0223517
   0.0687928
   0.0585191
 1.10584e-09
  -0.0585191
  -0.0687928
  -0.0223517
   0.0425167
    0.100944
   0.0593339
  -0.0311933
  -0.0960037
  -0.0816659
-1.54327e-09
   0.0816659
   0.0960037
   0.0311933
  -0.0593338
   -0.100944
  -0.0593339
   0.0311933
   0.0960037
   0.0816659
 1.54373e-09
  -0.0816659
  -0.0960037
  -0.0311933
   0.0593338
    0.100944
   0.0593339
  -0.0311933
  -0.0960037
  -0.0816659
-1.54339e-09
   0.0816659
   0.0960037
   0.0311933
  -0.0593338
   -0.100944
  -0.0593339
   0.0311933
   0.0960037
   0.0816659
 1.54367e-09
  -0.0816659
  -0.0960037
  -0.0311933
   0.0593338
    0.049152
   0.0288909
  -0.0151891
  -0.0467468
  -0.0397652
-7.51383e-10
   0.0397652
   0.0467468
   0.0151891
  -0.0288909
   -0.049152
  -0.0288909
   0.0151891
   0.0467468
   0.0397652
 7.51599e-10
  -0.0397652
  -0.0467468
  -0.0151891
   0.0288909
    0.049152
   0.0288909
  -0.0151891
  -0.0467468
  -0.0397652
-7.51413e-10
   0.0397652
   0.0467468
   0.0151891
  -0.0288909
   -0.049152
  -0.0288909
   0.0151891
   0.0467468
   0.0397652
 7.51695e-10
  -0.0397652
  -0.0467468
  -0.0151891
   0.0288909
 0.000129963
 7.61966e-05
-4.04781e-05
-0.000123865
-0.000105227
  -1.879e-12
 0.000105227
 0.000123865
 4.04781e-05
-7.61966e-05
-0.000129963
-7.61966e-05
 4.04781e-05
 0.000123865
 0.000105227
 2.07567e-12
-0.000105227
-0.000123865
-4.04781e-05
 7.61966e-05
 0.000129963
 7.61966e-05
-4.04781e-05
-0.000123865
-0.000105227
-1.96383e-12
 0.000105227
 0.000123865
 4.04781e-05
-7.61966e-05
-0.000129963
-7.61966e-05
 4.04781e-05
 0.000123865
 0.000105227
 2.07359e-12
-0.000105227
-0.000123865
-4.04781e-05
 7.61966e-05
   -0.019833
  -0.0116578
  0.00612851
   0.0188622
   0.0160453
 3.02939e-10
  -0.0160453
  -0.0188622
 -0.00612851
   0.0116578
    0.019833
   0.0116578
 -0.00612851
  -0.0188622
  -0.0160453
-3.03231e-10
   0.0160453
   0.0188622
  0.00612851
  -0.0116578
   -0.019833
  -0.0116578
  0.00612851
   0.0188622
   0.0160453
 3.03155e-10
  -0.0160453
  -0.0188622
 -0.00612851
   0.0116578
    0.019833
   0.0116578
 -0.00612851
  -0.0188622
  -0.0160453
 -3.0309e-10
   0.0160453
   0.0188622
  0.00612851
  -0.0116578
  -0.0208029
  -0.0122278
  0.00642834
   0.0197847
     0.01683
 3.17855e-10
    -0.01683
  -0.0197847
 -0.00642834
   0.0122278
   0.0208029
   0.0122278
 -0.00642834
  -0.0197847
    -0.01683
 -3.1794e-10
     0.01683
   0.0197847
  0.00642834
  -0.0122278
  -0.0208029
  -0.0122278
  0.00642834
   0.0197847
     0.01683
  3.1799e-10
    -0.01683
  -0.0197847
 -0.00642834
   0.0122278
   0.0208029
   0.0122278
 -0.00642834
  -0.0197847
    -0.01683
 -3.1807e-10
     0.01683
   0.0197847
  0.00642834
  -0.0122278
  -0.0153599
 -0.00902842
  0.00474645
   0.0146082
   0.0124265
 2.34592e-10
  -0.0124265
  -0.0146082
 -0.00474645
  0.00902842
   0.0153599
  0.00902842
 -0.00474645
  -0.0146082
  -0.0124265
-2.34888e-10
   0.0124265
   0.0146082
  0.00474645
 -0.00902842
  -0.0153599
 -0.00902842
  0.00474645
   0.0146082
   0.0124265
 2.34785e-10
  -0.0124265
  -0.0146082
 -0.00474645
  0.00902842
   0.0153599
  0.00902842
 -0.00474645
  -0.0146082
  -0.0124265
-2.35065e-10
   0.0124265
   0.0146082
  0.00474645
 -0.00902842
 -0.00973233
 -0.00572056
  0.00300748
  0.00925607
   0.0078737
 1.48748e-10
  -0.0078737
 -0.00925607
 -0.00300748
  0.00572056
  0.00973233
  0.00572056
 -0.00300748
 -0.00925607
  -0.0078737
 -1.4892e-10
   0.0078737
  0.00925607
  0.00300748
 -0.00572056
 -0.00973233
 -0.00572056
  0.00300748
  0.00925607
   0.0078737
 1.48642e-10
  -0.0078737
 -0.00925607
 -0.00300748
  0.00572056
  0.00973233
  0.00572056
 -0.00300748
 -0.00925607
  -0.0078737
-1.48688e-10
   0.0078737
  0.00925607
  0.00300748
 -0.00572056
 -0.00568092
 -0.00333917
  0.00175554
  0.00540296
  0.00459603
 8.68628e-11
 -0.00459603
 -0.00540296
 -0.00175554
  0.00333917
  0.00568092
  0.00333917
 -0.00175554
 -0.00540296
 -0.00459603
-8.69682e-11
  0.00459603
  0.00540296
  0.00175554
 -0.00333917
 -0.00568092
 -0.00333917
  0.00175554
  0.00540296
  0.00459603
 8.67722e-11
 -0.00459603
 -0.00540296
 -0.00175554
  0.00333917
  0.00568092
  0.00333917
 -0.00175554
 -0.00540296
 -0.00459603
-8.65732e-11
  0.00459603
  0.00540296
  0.00175554
 -0.00333917
  -0.0031647
 -0.00186016
 0.000977989
  0.00300988
  0.00256035
 4.83603e-11
 -0.00256035
 -0.00300988
-0.000977989
  0.00186016
   0.0031647
  0.00186016
-0.000977989
 -0.00300988
 -0.00256035
-4.84854e-11
  0.00256035
  0.00300988
 0.000977989
 -0.00186016
  -0.0031647
 -0.00186016
 0.000977989
  0.00300988
  0.00256035
 4.83531e-11
 -0.00256035
 -0.00300988
-0.000977989
  0.00186016
   0.0031647
  0.00186016
-0.000977989
 -0.00300988
 -0.00256035
-4.83711e-11
  0.00256035
  0.00300988
 0.000977989
 -0.00186016
