 4.83465e-11
 -0.00256036
  -0.0030099
-0.000978017
  0.00186011
  0.00316468
  0.00186011
-0.000978017
  -0.0030099
 -0.00256036
 -4.8466e-11
  0.00256036
   0.0030099
 0.000978018
 -0.00186011
 -0.00316468
 -0.00186011
 0.000978017
   0.0030099
  0.00256036
 4.83767e-11
 -0.00256036
  -0.0030099
-0.000978017
  0.00186011
  0.00316468
  0.00186011
-0.000978017
  -0.0030099
 -0.00256036
-4.85247e-11
  0.00256036
   0.0030099
 0.000978017
 -0.00186011
 -0.00316468
 -0.00186011
 0.000978017
   0.0030099
  0.00256036
 8.68345e-11
 -0.00459604
 -0.00540297
 -0.00175557
  0.00333912
  0.00568092
  0.00333912
 -0.00175557
 -0.00540297
 -0.00459604
-8.70239e-11
  0.00459604
  0.00540297
  0.00175557
 -0.00333912
 -0.00568092
 -0.00333912
  0.00175557
  0.00540297
  0.00459604
   8.686e-11
 -0.00459604
 -0.00540297
 -0.00175557
  0.00333912
  0.00568092
  0.00333912
 -0.00175557
 -0.00540297
 -0.00459604
-8.69899e-11
  0.00459604
  0.00540297
  0.00175557
 -0.00333912
 -0.00568092
 -0.00333912
  0.00175557
  0.00540297
  0.00459604
 1.48771e-10
 -0.00787371
 -0.00925608
  -0.0030075
  0.00572049
  0.00973238
  0.00572049
  -0.0030075
 -0.00925608
 -0.00787371
-1.48896e-10
  0.00787371
  0.00925608
   0.0030075
 -0.00572049
 -0.00973238
 -0.00572049
   0.0030075
  0.00925608
  0.00787371
 1.48788e-10
 -0.00787371
 -0.00925608
  -0.0030075
  0.00572049
  0.00973238
  0.00572049
  -0.0030075
 -0.00925608
 -0.00787371
-1.48819e-10
  0.00787371
  0.00925608
   0.0030075
 -0.00572049
 -0.00973238
 -0.00572049
   0.0030075
  0.00925608
  0.00787371
 2.34742e-10
  -0.0124265
  -0.0146082
 -0.00474647
  0.00902835
   0.0153601
  0.00902835
 -0.00474647
  -0.0146082
  -0.0124265
-2.34861e-10
   0.0124265
   0.0146082
  0.00474647
 -0.00902835
  -0.0153601
 -0.00902835
  0.00474647
   0.0146082
   0.0124265
 2.35002e-10
  -0.0124265
  -0.0146082
 -0.00474647
  0.00902835
   0.0153601
  0.00902835
 -0.00474647
  -0.0146082
  -0.0124265
-2.34624e-10
   0.0124265
   0.0146082
  0.00474647
 -0.00902835
  -0.0153601
 -0.00902835
  0.00474647
   0.0146082
   0.0124265
 3.18215e-10
    -0.01683
  -0.0197846
 -0.00642834
   0.0122277
   0.0208032
   0.0122277
 -0.00642834
  -0.0197846
    -0.01683
-3.18055e-10
     0.01683
   0.0197846
  0.00642834
  -0.0122277
  -0.0208032
  -0.0122277
  0.00642834
   0.0197846
     0.01683
 3.18367e-10
    -0.01683
  -0.0197846
 -0.00642834
   0.0122277
   0.0208032
   0.0122277
 -0.00642834
  -0.0197846
    -0.01683
-3.17999e-10
     0.01683
   0.0197846
  0.00642834
  -0.0122277
  -0.0208032
  -0.0122277
  0.00642834
   0.0197846
     0.01683
 3.03437e-10
  -0.0160452
   -0.018862
 -0.00612847
   0.0116578
   0.0198334
   0.0116578
 -0.00612847
   -0.018862
  -0.0160452
-3.03262e-10
   0.0160452
    0.018862
  0.00612847
  -0.0116578
  -0.0198334
  -0.0116578
  0.00612847
    0.018862
   0.0160452
  3.0305e-10
  -0.0160452
   -0.018862
 -0.00612847
   0.0116578
   0.0198334
   0.0116578
 -0.00612847
   -0.018862
  -0.0160452
-3.03473e-10
   0.0160452
    0.018862
  0.00612847
  -0.0116578
  -0.0198334
  -0.0116578
  0.00612847
    0.018862
   0.0160452
-1.93004e-12
 0.000105289
 0.000124062
  4.0571e-05
-7.60327e-05
-0.000129583
-7.60327e-05
  4.0571e-05
 0.000124062
 0.000105289
 1.91153e-12
-0.000105289
-0.000124062
 -4.0571e-05
 7.60327e-05
 0.000129583
 7.60327e-05
 -4.0571e-05
-0.000124062
-0.000105289
-2.13226e-12
 0.000105289
 0.000124062
  4.0571e-05
-7.60327e-05
-0.000129583
-7.60327e-05
  4.0571e-05
 0.000124062
 0.000105289
 2.33569e-12
-0.000105289
-0.000124062
 -4.0571e-05
 7.60327e-05
 0.000129583
 7.60327e-05
 -4.0571e-05
-0.000124062
-0.000105289
-7.51609e-10
   0.0397653
   0.0467468
   0.0151892
  -0.0288905
  -0.0491521
  -0.0288905
   0.0151892
   0.0467468
   0.0397653
 7.51734e-10
  -0.0397653
  -0.0467468
  -0.0151892
   0.0288905
   0.0491521
   0.0288905
  -0.0151892
  -0.0467468
  -0.0397653
-7.51606e-10
   0.0397653
   0.0467468
   0.0151892
  -0.0288905
  -0.0491521
  -0.0288905
   0.0151892
   0.0467468
   0.0397653
  7.5143e-10
  -0.0397653
  -0.0467468
  -0.0151892
   0.0288905
   0.0491521
   0.0288905
  -0.0151892
  -0.0467468
  -0.0397653
-1.54328e-09
   0.0816661
   0.0960033
   0.0311936
  -0.0593331
   -0.100945
  -0.0593331
   0.0311936
   0.0960033
   0.0816661
 1.54356e-09
  -0.0816661
  -0.0960033
  -0.0311936
   0.0593331
    0.100945
   0.0593331
  -0.0311936
  -0.0960033
  -0.0816661
-1.54329e-09
   0.0816661
   0.0960033
   0.0311936
  -0.0593331
   -0.100945
  -0.0593331
   0.0311936
   0.0960033
   0.0816661
 1.54348e-09
  -0.0816661
  -0.0960033
  -0.0311936
   0.0593331
    0.100945
   0.0593331
  -0.0311936
  -0.0960033
  -0.0816661
-1.10611e-09
   0.0585191
   0.0687924
   0.0223519
  -0.0425163
  -0.0723337
  -0.0425163
   0.0223519
   0.0687924
   0.0585191
 1.10588e-09
  -0.0585191
  -0.0687924
  -0.0223519
   0.0425163
   0.0723337
   0.0425163
  -0.0223519
  -0.0687924
  -0.0585191
-1.10597e-09
   0.0585191
   0.0687924
   0.0223519
  -0.0425163
  -0.0723337
  -0.0425163
   0.0223519
   0.0687924
   0.0585191
 1.10599e-09
  -0.0585191
  -0.0687924
  -0.0223519
   0.0425163
   0.0723337
   0.0425163
  -0.0223519
  -0.0687924
  -0.0585191
  7.2382e-10
  -0.0382939
  -0.0450163
  -0.0146271
   0.0278217
   0.0473342
   0.0278217
  -0.0146271
  -0.0450163
  -0.0382939
-7.23523e-10
   0.0382939
   0.0450163
   0.0146271
  -0.0278217
  -0.0473342
  -0.0278217
   0.0146271
   0.0450163
   0.0382939
 7.23515e-10
  -0.0382939
  -0.0450163
  -0.0146271
   0.0278217
   0.0473342
   0.0278217
  -0.0146271
  -0.0450163
  -0.0382939
-7.23778e-10
   0.0382939
   0.0450163
   0.0146271
  -0.0278217
  -0.0473342
  -0.0278217
   0.0146271
   0.0450163
   0.0382939
 9.33268e-10
  -0.0493617
   -0.058027
  -0.0188544
   0.0358629
   0.0610147
   0.0358629
  -0.0188544
   -0.058027
  -0.0493617
-9.33043e-10
   0.0493617
    0.058027
   0.0188544
  -0.0358629
  -0.0610147
  -0.0358629
   0.0188544
    0.058027
   0.0493617
 9.32853e-10
  -0.0493617
   -0.058027
  -0.0188544
   0.0358629
   0.0610147
   0.0358629
  -0.0188544
   -0.058027
  -0.0493617
-9.33114e-10
   0.0493617
    0.058027
   0.0188544
  -0.0358629
  -0.0610147
  -0.0358629
   0.0188544
    0.058027
   0.0493617
-9.32492e-10
   0.0493617
    0.058027
   0.0188544
  -0.0358629
  -0.0610147
  -0.0358629
   0.0188544
    0.058027
   0.0493617
 9.32955e-10
  -0.0493617
   -0.058027
  -0.0188544
   0.0358629
   0.0610147
   0.0358629
  -0.0188544
   -0.058027
  -0.0493617
-9.33136e-10
   0.0493617
    0.058027
   0.0188544
  -0.0358629
  -0.0610147
  -0.0358629
   0.0188544
    0.058027
   0.0493617
 9.32882e-10
  -0.0493617
   -0.058027
  -0.0188544
   0.0358629
   0.0610147
   0.0358629
  -0.0188544
   -0.058027
  -0.0493617
-7.23663e-10
   0.0382939
   0.0450163
   0.0146271
  -0.0278217
  -0.0473342
  -0.0278217
   0.0146271
   0.0450163
   0.0382939
 7.23685e-10
  -0.0382939
  -0.0450163
  -0.0146271
   0.0278217
   0.0473342
   0.0278217
  -0.0146271
  -0.0450163
  -0.0382939
-7.23576e-10
   0.0382939
   0.0450163
   0.0146271
  -0.0278217
  -0.0473342
  -0.0278217
   0.0146271
   0.0450163
   0.0382939
 7.23598e-10
  -0.0382939
  -0.0450163
  -0.0146271
   0.0278217
   0.0473342
   0.0278217
  -0.0146271
  -0.0450163
  -0.0382939
  1.1059e-09
  -0.0585191
  -0.0687924
  -0.0223519
   0.0425163
   0.0723337
   0.0425163
  -0.0223519
  -0.0687924
  -0.0585191
  -1.106e-09
   0.0585191
   0.0687924
   0.0223519
  -0.0425163
  -0.0723337
  -0.0425163
   0.0223519
   0.0687924
   0.0585191
 1.10593e-09
  -0.0585191
  -0.0687924
  -0.0223519
   0.0425163
   0.0723337
   0.0425163
  -0.0223519
  -0.0687924
  -0.0585191
-1.10588e-09
   0.0585191
   0.0687924
   0.0223519
  -0.0425163
  -0.0723337
  -0.0425163
   0.0223519
   0.0687924
   0.0585191
 1.54321e-09
  -0.0816661
  -0.0960033
  -0.0311936
   0.0593331
    0.100945
   0.0593331
  -0.0311936
  -0.0960033
  -0.0816661
-1.54341e-09
   0.0816661
   0.0960033
   0.0311936
  -0.0593331
   -0.100945
  -0.0593331
   0.0311936
   0.0960033
   0.0816661
 1.54369e-09
  -0.0816661
  -0.0960033
  -0.0311936
   0.0593331
    0.100945
   0.0593331
  -0.0311936
  -0.0960033
  -0.0816661
-1.54337e-09
   0.0816661
   0.0960033
   0.0311936
  -0.0593331
   -0.100945
  -0.0593331
   0.0311936
   0.0960033
   0.0816661
 7.51132e-10
  -0.0397653
  -0.0467468
  -0.0151892
   0.0288905
   0.0491521
   0.0288905
  -0.0151892
  -0.0467468
  -0.0397653
-7.51403e-10
   0.0397653
   0.0467468
   0.0151892
  -0.0288905
  -0.0491521
  -0.0288905
   0.0151892
   0.0467468
   0.0397653
 7.51264e-10
  -0.0397653
  -0.0467468
  -0.0151892
   0.0288905
   0.0491521
   0.0288905
  -0.0151892
  -0.0467468
  -0.0397653
-7.51247e-10
   0.0397653
   0.0467468
   0.0151892
  -0.0288905
  -0.0491521
  -0.0288905
   0.0151892
   0.0467468
   0.0397653
 1.93766e-12
-0.000105289
-0.000124062
 -4.0571e-05
 7.60327e-05
 0.000129583
 7.60327e-05
 -4.0571e-05
-0.000124062
-0.000105289
-1.91672e-12
 0.000105289
 0.000124062
  4.0571e-05
-7.60327e-05
-0.000129583
-7.60327e-05
  4.0571e-05
 0.000124062
 0.000105289
 2.29066e-12
-0.000105289
-0.000124062
 -4.0571e-05
 7.60327e-05
 0.000129583
 7.60327e-05
 -4.0571e-05
-0.000124062
-0.000105289
-1.75525e-12
 0.000105289
 0.000124062
  4.0571e-05
-7.60327e-05
-0.000129583
-7.60327e-05
  4.0571e-05
 0.000124062
 0.000105289
-3.03545e-10
   0.0160452
    0.018862
  0.00612847
  -0.0116578
  -0.0198334
  -0.0116578
  0.00612847
    0.018862
   0.0160452
 3.02871e-10
  -0.0160452
   -0.018862
 -0.00612847
   0.0116578
   0.0198334
   0.0116578
 -0.00612847
   -0.018862
  -0.0160452
-3.03545e-10
   0.0160452
    0.018862
  0.00612847
  -0.0116578
  -0.0198334
  -0.0116578
  0.00612847
    0.018862
   0.0160452
 3.03552e-10
  -0.0160452
   -0.018862
 -0.00612847
   0.0116578
   0.0198334
   0.0116578
 -0.00612847
   -0.018862
  -0.0160452
-3.17965e-10
     0.01683
   0.0197846
  0.00642834
  -0.0122277
  -0.0208032
  -0.0122277
  0.00642834
   0.0197846
     0.01683
 3.17933e-10
    -0.01683
  -0.0197846
 -0.00642834
   0.0122277
   0.0208032
   0.0122277
 -0.00642834
  -0.0197846
    -0.01683
-3.18194e-10
     0.01683
   0.0197846
  0.00642834
  -0.0122277
  -0.0208032
  -0.0122277
  0.00642834
   0.0197846
     0.01683
  3.1799e-10
    -0.01683
  -0.0197846
 -0.00642834
   0.0122277
   0.0208032
   0.0122277
 -0.00642834
  -0.0197846
    -0.01683
-2.34669e-10
   0.0124265
   0.0146082
  0.00474647
 -0.00902835
  -0.0153601
 -0.00902835
  0.00474647
   0.0146082
   0.0124265
 2.34775e-10
  -0.0124265
  -0.0146082
 -0.00474647
  0.00902835
   0.0153601
  0.00902835
 -0.00474647
  -0.0146082
  -0.0124265
-2.34785e-10
   0.0124265
   0.0146082
  0.00474647
 -0.00902835
  -0.0153601
 -0.00902835
  0.00474647
   0.0146082
   0.0124265
 2.34643e-10
  -0.0124265
  -0.0146082
 -0.00474647
  0.00902835
   0.0153601
  0.00902835
 -0.00474647
  -0.0146082
  -0.0124265
-1.48764e-10
  0.00787371
  0.00925608
   0.0030075
 -0.00572049
 -0.00973238
 -0.00572049
   0.0030075
  0.00925608
  0.00787371
 1.48718e-10
 -0.00787371
 -0.00925608
  -0.0030075
  0.00572049
  0.00973238
  0.00572049
  -0.0030075
 -0.00925608
 -0.00787371
 -1.4873e-10
  0.00787371
  0.00925608
   0.0030075
 -0.00572049
 -0.00973238
 -0.00572049
   0.0030075
  0.00925608
  0.00787371
 1.48702e-10
 -0.00787371
 -0.00925608
  -0.0030075
  0.00572049
  0.00973238
  0.00572049
  -0.0030075
 -0.00925608
 -0.00787371
 -8.6919e-11
  0.00459604
  0.00540297
  0.00175557
 -0.00333912
 -0.00568092
 -0.00333912
  0.00175557
  0.00540297
  0.00459604
 8.68831e-11
 -0.00459604
 -0.00540297
 -0.00175557
  0.00333912
  0.00568092
  0.00333912
 -0.00175557
 -0.00540297
 -0.00459604
-8.68164e-11
  0.00459604
  0.00540297
  0.00175557
 -0.00333912
 -0.00568092
 -0.00333912
  0.00175557
  0.00540297
  0.00459604
 8.68076e-11
 -0.00459604
 -0.00540297
 -0.00175557
  0.00333912
  0.00568092
  0.00333912
 -0.00175557
 -0.00540297
 -0.00459604
-4.84437e-11
  0.00256036
   0.0030099
 0.000978017
 -0.00186011
 -0.00316468
 -0.00186011
 0.000978017
   0.0030099
  0.00256036
 4.84526e-11
 -0.00256036
  -0.0030099
-0.000978017
  0.00186011
  0.00316468
  0.00186011
-0.000978017
  -0.0030099
 -0.00256036
-4.83882e-11
  0.00256036
   0.0030099
 0.000978017
 -0.00186011
 -0.00316468
 -0.00186011
 0.000978017
   0.0030099
  0.00256036
  4.8341e-11
 -0.00256036
  -0.0030099
-0.000978018
  0.00186011
  0.00316468
  0.00186011
-0.000978017
  -0.0030099
 -0.00256036
