-0.000383064
-0.000407742
 0.000255397
 0.000487564
 -0.00010292
-0.000519823
-5.97659e-05
 0.000501066
  0.00021647
-0.000433419
-0.000352164
 0.000323142
 0.000453187
 -0.00018141
 -0.00050997
 2.18474e-05
 0.000516808
 0.000139859
-0.000473019
 -0.00028779
 0.000383064
 0.000407742
-0.000255397
-0.000487564
  0.00010292
 0.000519823
 5.97659e-05
-0.000501066
 -0.00021647
 0.000433419
 0.000352164
-0.000323142
-0.000453187
  0.00018141
  0.00050997
-2.18474e-05
-0.000516808
 -0.00013986
 0.000473019
  0.00028779
 -0.00094107
  -0.0010017
 0.000627601
  0.00119802
-0.000252792
 -0.00127712
-0.000146766
  0.00123119
 0.000531953
  -0.0010648
-0.000865157
 0.000794037
  0.00111353
-0.000445685
 -0.00125297
 5.36752e-05
  0.00126976
  0.00034359
 -0.00116226
-0.000707185
  0.00094107
   0.0010017
-0.000627601
 -0.00119802
 0.000252792
  0.00127712
 0.000146766
 -0.00123119
-0.000531953
   0.0010648
 0.000865157
-0.000794037
 -0.00111353
 0.000445685
  0.00125297
-5.36752e-05
 -0.00126976
 -0.00034359
  0.00116226
 0.000707185
 -0.00226857
 -0.00241475
  0.00151306
  0.00288817
-0.000609367
 -0.00307875
-0.000353765
  0.00296813
  0.00128247
 -0.00256686
 -0.00208557
   0.0019143
  0.00268448
 -0.00107441
 -0.00302058
 0.000129395
  0.00306106
 0.000828276
 -0.00280197
 -0.00170493
  0.00226857
  0.00241475
 -0.00151306
 -0.00288817
 0.000609367
  0.00307875
 0.000353765
 -0.00296813
 -0.00128247
  0.00256686
  0.00208557
  -0.0019143
 -0.00268448
  0.00107441
  0.00302058
-0.000129395
 -0.00306106
-0.000828276
  0.00280197
  0.00170493
 -0.00526668
  -0.0056061
  0.00351281
  0.00670528
 -0.00141473
 -0.00714775
-0.000821314
  0.00689093
  0.00297747
 -0.00595925
 -0.00484184
  0.00444439
   0.0062324
 -0.00249438
  -0.0070127
 0.000300409
  0.00710667
  0.00192296
 -0.00650518
 -0.00395831
  0.00526668
   0.0056061
 -0.00351281
 -0.00670528
  0.00141473
  0.00714775
 0.000821314
 -0.00689093
 -0.00297747
  0.00595925
  0.00484184
 -0.00444439
  -0.0062324
  0.00249438
   0.0070127
-0.000300409
 -0.00710667
 -0.00192296
  0.00650518
  0.00395831
   -0.011436
  -0.0121731
   0.0076277
   0.0145598
 -0.00307202
  -0.0155207
 -0.00178347
    0.014963
  0.00646526
  -0.0129399
  -0.0105135
  0.00965062
   0.0135331
 -0.00541636
  -0.0152275
 0.000652313
   0.0154315
  0.00417557
  -0.0141254
 -0.00859516
    0.011436
   0.0121731
  -0.0076277
  -0.0145598
  0.00307202
   0.0155207
  0.00178347
   -0.014963
 -0.00646526
   0.0129399
   0.0105135
 -0.00965062
  -0.0135331
  0.00541636
   0.0152275
-0.000652313
  -0.0154315
 -0.00417557
   0.0141254
  0.00859516
  -0.0221165
   -0.023542
   0.0147514
   0.0281576
 -0.00594123
  -0.0300163
 -0.00344925
   0.0289373
   0.0125033
  -0.0250251
  -0.0203324
   0.0186637
    0.026172
   -0.010475
   -0.029449
  0.00126154
   0.0298437
  0.00807539
  -0.0273174
  -0.0166225
   0.0221165
    0.023542
  -0.0147514
  -0.0281576
  0.00594123
   0.0300163
  0.00344925
  -0.0289373
  -0.0125033
   0.0250251
   0.0203324
  -0.0186637
   -0.026172
    0.010475
    0.029449
 -0.00126154
  -0.0298437
 -0.00807539
   0.0273174
   0.0166225
  -0.0346883
  -0.0369244
   0.0231364
   0.0441634
 -0.00931863
   -0.047079
  -0.0054101
   0.0453862
   0.0196104
  -0.0392504
  -0.0318901
   0.0292729
    0.041049
  -0.0164295
  -0.0461891
  0.00197866
   0.0468081
   0.0126659
  -0.0428455
  -0.0260714
   0.0346883
   0.0369244
  -0.0231364
  -0.0441634
  0.00931863
    0.047079
   0.0054101
  -0.0453862
  -0.0196104
   0.0392504
   0.0318901
  -0.0292729
   -0.041049
   0.0164295
   0.0461891
 -0.00197866
  -0.0468081
  -0.0126659
   0.0428455
   0.0260714
  -0.0344796
  -0.0367025
   0.0229969
   0.0438976
 -0.00926272
  -0.0467962
 -0.00537768
   0.0451131
   0.0194922
  -0.0390145
  -0.0316982
   0.0290969
   0.0408019
  -0.0163309
  -0.0459115
  0.00196677
   0.0465268
   0.0125899
  -0.0425876
  -0.0259146
   0.0344796
   0.0367025
  -0.0229969
  -0.0438976
  0.00926272
   0.0467962
  0.00537768
  -0.0451131
  -0.0194922
   0.0390145
   0.0316982
  -0.0290969
  -0.0408019
   0.0163309
   0.0459115
 -0.00196677
  -0.0465268
  -0.0125899
   0.0425876
   0.0259146
  0.00438726
  0.00466952
 -0.00292639
 -0.00558509
  0.00117843
  0.00595331
 0.000684161
 -0.00573972
 -0.00248046
  0.00496367
  0.00403335
 -0.00370193
 -0.00519153
  0.00207761
  0.00584105
-0.000250208
 -0.00591933
 -0.00160165
  0.00541877
  0.00329706
 -0.00438726
 -0.00466952
  0.00292639
  0.00558509
 -0.00117843
 -0.00595331
-0.000684161
  0.00573972
  0.00248046
 -0.00496367
 -0.00403335
  0.00370193
  0.00519153
 -0.00207761
 -0.00584105
 0.000250208
  0.00591933
  0.00160165
 -0.00541877
 -0.00329706
   0.0712426
   0.0758347
  -0.0475169
  -0.0907011
   0.0191387
   0.0966897
   0.0111115
  -0.0932126
  -0.0402754
   0.0806119
   0.0654957
    -0.06012
  -0.0843052
   0.0337428
   0.0948621
 -0.00406372
  -0.0961335
  -0.0260132
   0.0879949
   0.0535448
  -0.0712426
  -0.0758347
   0.0475169
   0.0907011
  -0.0191387
  -0.0966897
  -0.0111115
   0.0932126
   0.0402754
  -0.0806119
  -0.0654957
     0.06012
   0.0843052
  -0.0337428
  -0.0948621
  0.00406372
   0.0961335
   0.0260132
  -0.0879949
  -0.0535448
   0.0668521
   0.0711618
  -0.0445882
   -0.085112
   0.0179594
   0.0907321
   0.0104268
  -0.0874687
   -0.037793
   0.0756446
   0.0614594
  -0.0564152
  -0.0791097
   0.0316636
   0.0890167
 -0.00381333
  -0.0902097
  -0.0244103
   0.0825721
   0.0502451
  -0.0668521
  -0.0711618
   0.0445882
    0.085112
  -0.0179594
  -0.0907321
  -0.0104268
   0.0874687
    0.037793
  -0.0756446
  -0.0614594
   0.0564152
   0.0791097
  -0.0316636
  -0.0890167
  0.00381333
   0.0902097
   0.0244103
  -0.0825721
  -0.0502451
  -0.0306395
  -0.0326143
   0.0204361
   0.0390076
 -0.00823111
  -0.0415831
 -0.00477882
   0.0400877
   0.0173217
  -0.0346688
  -0.0281679
   0.0258563
   0.0362571
   -0.014512
  -0.0407974
  0.00174767
   0.0413442
   0.0111877
   -0.037844
  -0.0230285
   0.0306395
   0.0326143
  -0.0204361
  -0.0390076
  0.00823111
   0.0415831
  0.00477882
  -0.0400877
  -0.0173217
   0.0346688
   0.0281679
  -0.0258563
  -0.0362571
    0.014512
   0.0407974
 -0.00174767
  -0.0413442
  -0.0111877
    0.037844
   0.0230285
  -0.0306395
  -0.0326143
   0.0204361
   0.0390076
 -0.00823111
  -0.0415831
 -0.00477882
   0.0400877
   0.0173217
  -0.0346688
  -0.0281679
   0.0258563
   0.0362571
   -0.014512
  -0.0407974
  0.00174767
   0.0413442
   0.0111877
   -0.037844
  -0.0230285
   0.0306395
   0.0326143
  -0.0204361
  -0.0390076
  0.00823111
   0.0415831
  0.00477882
  -0.0400877
  -0.0173217
   0.0346688
   0.0281679
  -0.0258563
  -0.0362571
    0.014512
   0.0407974
 -0.00174767
  -0.0413442
  -0.0111877
    0.037844
   0.0230285
   0.0668521
   0.0711618
  -0.0445882
   -0.085112
   0.0179594
   0.0907321
   0.0104268
  -0.0874687
   -0.037793
   0.0756446
   0.0614594
  -0.0564152
  -0.0791097
   0.0316636
   0.0890167
 -0.00381333
  -0.0902097
  -0.0244103
   0.0825721
   0.0502451
  -0.0668521
  -0.0711618
   0.0445882
    0.085112
  -0.0179594
  -0.0907321
  -0.0104268
   0.0874687
    0.037793
  -0.0756446
  -0.0614594
   0.0564152
   0.0791097
  -0.0316636
  -0.0890167
  0.00381333
   0.0902097
   0.0244103
  -0.0825721
  -0.0502451
   0.0712426
   0.0758347
  -0.0475169
  -0.0907011
   0.0191387
   0.0966897
   0.0111115
  -0.0932126
  -0.0402754
   0.0806119
   0.0654957
    -0.06012
  -0.0843052
   0.0337428
   0.0948621
 -0.00406372
  -0.0961335
  -0.0260132
   0.0879949
   0.0535448
  -0.0712426
  -0.0758347
   0.0475169
   0.0907011
  -0.0191387
  -0.0966897
  -0.0111115
   0.0932126
   0.0402754
  -0.0806119
  -0.0654957
     0.06012
   0.0843052
  -0.0337428
  -0.0948621
  0.00406372
   0.0961335
   0.0260132
  -0.0879949
  -0.0535448
  0.00438726
  0.00466952
 -0.00292639
 -0.00558509
  0.00117843
  0.00595331
 0.000684161
 -0.00573972
 -0.00248046
  0.00496367
  0.00403335
 -0.00370193
 -0.00519153
  0.00207761
  0.00584105
-0.000250208
 -0.00591933
 -0.00160165
  0.00541877
  0.00329706
 -0.00438726
 -0.00466952
  0.00292639
  0.00558509
 -0.00117843
 -0.00595331
-0.000684161
  0.00573972
  0.00248046
 -0.00496367
 -0.00403335
  0.00370193
  0.00519153
 -0.00207761
 -0.00584105
 0.000250208
  0.00591933
  0.00160165
 -0.00541877
 -0.00329706
  -0.0344796
  -0.0367025
   0.0229969
   0.0438976
 -0.00926272
  -0.0467962
 -0.00537768
   0.0451131
   0.0194922
  -0.0390145
  -0.0316982
   0.0290969
   0.0408019
  -0.0163309
  -0.0459115
  0.00196677
   0.0465268
   0.0125899
  -0.0425876
  -0.0259146
   0.0344796
   0.0367025
  -0.0229969
  -0.0438976
  0.00926272
   0.0467962
  0.00537768
  -0.0451131
  -0.0194922
   0.0390145
   0.0316982
  -0.0290969
  -0.0408019
   0.0163309
   0.0459115
 -0.00196677
  -0.0465268
  -0.0125899
   0.0425876
   0.0259146
  -0.0346883
  -0.0369244
   0.0231364
   0.0441634
 -0.00931863
   -0.047079
  -0.0054101
   0.0453862
   0.0196104
  -0.0392504
  -0.0318901
   0.0292729
    0.041049
  -0.0164295
  -0.0461891
  0.00197866
   0.0468081
   0.0126659
  -0.0428455
  -0.0260714
   0.0346883
   0.0369244
  -0.0231364
  -0.0441634
  0.00931863
    0.047079
   0.0054101
  -0.0453862
  -0.0196104
   0.0392504
   0.0318901
  -0.0292729
   -0.041049
   0.0164295
   0.0461891
 -0.00197866
  -0.0468081
  -0.0126659
   0.0428455
   0.0260714
  -0.0221165
   -0.023542
   0.0147514
   0.0281576
 -0.00594123
  -0.0300163
 -0.00344925
   0.0289373
   0.0125033
  -0.0250251
  -0.0203324
   0.0186637
    0.026172
   -0.010475
   -0.029449
  0.00126154
   0.0298437
  0.00807539
  -0.0273174
  -0.0166225
   0.0221165
    0.023542
  -0.0147514
  -0.0281576
  0.00594123
   0.0300163
  0.00344925
  -0.0289373
  -0.0125033
   0.0250251
   0.0203324
  -0.0186637
   -0.026172
    0.010475
    0.029449
 -0.00126154
  -0.0298437
 -0.00807539
   0.0273174
   0.0166225
   -0.011436
  -0.0121731
   0.0076277
   0.0145598
 -0.00307202
  -0.0155207
 -0.00178347
    0.014963
  0.00646526
  -0.0129399
  -0.0105135
  0.00965062
   0.0135331
 -0.00541636
  -0.0152275
 0.000652313
   0.0154315
  0.00417557
  -0.0141254
 -0.00859516
    0.011436
   0.0121731
  -0.0076277
  -0.0145598
  0.00307202
   0.0155207
  0.00178347
   -0.014963
 -0.00646526
   0.0129399
   0.0105135
 -0.00965062
  -0.0135331
  0.00541636
   0.0152275
-0.000652313
  -0.0154315
 -0.00417557
   0.0141254
  0.00859516
 -0.00526668
  -0.0056061
  0.00351281
  0.00670528
 -0.00141473
 -0.00714775
-0.000821314
  0.00689093
  0.00297747
 -0.00595925
 -0.00484184
  0.00444439
   0.0062324
 -0.00249438
  -0.0070127
 0.000300409
  0.00710667
  0.00192296
 -0.00650518
 -0.00395831
  0.00526668
   0.0056061
 -0.00351281
 -0.00670528
  0.00141473
  0.00714775
 0.000821314
 -0.00689093
 -0.00297747
  0.00595925
  0.00484184
 -0.00444439
  -0.0062324
  0.00249438
   0.0070127
-0.000300409
 -0.00710667
 -0.00192296
  0.00650518
  0.00395831
 -0.00226857
 -0.00241475
  0.00151306
  0.00288817
-0.000609367
 -0.00307875
-0.000353765
  0.00296813
  0.00128247
 -0.00256686
 -0.00208557
   0.0019143
  0.00268448
 -0.00107441
 -0.00302058
 0.000129395
  0.00306106
 0.000828276
 -0.00280197
 -0.00170493
  0.00226857
  0.00241475
 -0.00151306
 -0.00288817
 0.000609367
  0.00307875
 0.000353765
 -0.00296813
 -0.00128247
  0.00256686
  0.00208557
  -0.0019143
 -0.00268448
  0.00107441
  0.00302058
-0.000129395
 -0.00306106
-0.000828276
  0.00280197
  0.00170493
 -0.00094107
  -0.0010017
 0.000627601
  0.00119802
-0.000252792
 -0.00127712
-0.000146766
  0.00123119
 0.000531953
  -0.0010648
-0.000865157
 0.000794037
  0.00111353
-0.000445685
 -0.00125297
 5.36752e-05
  0.00126976
  0.00034359
 -0.00116226
-0.000707185
  0.00094107
   0.0010017
-0.000627601
 -0.00119802
 0.000252792
  0.00127712
 0.000146766
 -0.00123119
-0.000531953
   0.0010648
 0.000865157
-0.000794037
 -0.00111353
 0.000445685
  0.00125297
-5.36752e-05
 -0.00126976
 -0.00034359
  0.00116226
 0.000707185
-0.000383064
-0.000407742
 0.000255397
 0.000487564
 -0.00010292
-0.000519823
-5.97659e-05
 0.000501066
  0.00021647
-0.000433419
-0.000352164
 0.000323142
 0.000453187
 -0.00018141
 -0.00050997
 2.18474e-05
 0.000516808
 0.000139859
-0.000473019
 -0.00028779
 0.000383064
 0.000407742
-0.000255397
-0.000487564
  0.00010292
 0.000519823
 5.97659e-05
-0.000501066
 -0.00021647
 0.000433419
 0.000352164
-0.000323142
-0.000453187
  0.00018141
  0.00050997
-2.18474e-05
-0.000516808
 -0.00013986
 0.000473019
  0.00028779
