 -0.0162546
 -0.0131503
-0.00502293
   0.005023
  0.0131503
  0.0162547
  0.0131503
   0.005023
-0.00502293
 -0.0131503
 -0.0162546
 -0.0131503
-0.00502293
   0.005023
  0.0131503
  0.0162547
  0.0131503
   0.005023
-0.00502293
 -0.0131503
 -0.0162546
 -0.0131503
-0.00502293
   0.005023
  0.0131503
  0.0162547
  0.0131503
   0.005023
-0.00502293
 -0.0131503
 -0.0162546
 -0.0131503
-0.00502293
   0.005023
  0.0131503
  0.0162547
  0.0131503
   0.005023
-0.00502293
 -0.0131503
 -0.0231373
 -0.0187186
 -0.0071498
 0.00714993
  0.0187186
  0.0231375
  0.0187186
 0.00714993
 -0.0071498
 -0.0187186
 -0.0231373
 -0.0187186
 -0.0071498
 0.00714993
  0.0187186
  0.0231375
  0.0187186
 0.00714993
 -0.0071498
 -0.0187186
 -0.0231373
 -0.0187186
 -0.0071498
 0.00714993
  0.0187186
  0.0231375
  0.0187186
 0.00714993
 -0.0071498
 -0.0187186
 -0.0231373
 -0.0187186
 -0.0071498
 0.00714993
  0.0187186
  0.0231375
  0.0187186
 0.00714993
 -0.0071498
 -0.0187186
 -0.0307075
  -0.024843
-0.00948908
 0.00948928
   0.024843
  0.0307078
   0.024843
 0.00948928
-0.00948908
  -0.024843
 -0.0307075
  -0.024843
-0.00948908
 0.00948928
   0.024843
  0.0307078
   0.024843
 0.00948928
-0.00948908
  -0.024843
 -0.0307075
  -0.024843
-0.00948908
 0.00948928
   0.024843
  0.0307078
   0.024843
 0.00948928
-0.00948908
  -0.024843
 -0.0307075
  -0.024843
-0.00948908
 0.00948928
   0.024843
  0.0307078
   0.024843
 0.00948928
-0.00948908
  -0.024843
 -0.0359457
 -0.0290809
 -0.0111078
   0.011108
  0.0290809
  0.0359461
  0.0290809
   0.011108
 -0.0111078
 -0.0290809
 -0.0359457
 -0.0290809
 -0.0111078
   0.011108
  0.0290809
  0.0359461
  0.0290809
   0.011108
 -0.0111078
 -0.0290809
 -0.0359457
 -0.0290809
 -0.0111078
   0.011108
  0.0290809
  0.0359461
  0.0290809
   0.011108
 -0.0111078
 -0.0290809
 -0.0359457
 -0.0290809
 -0.0111078
   0.011108
  0.0290809
  0.0359461
  0.0290809
   0.011108
 -0.0111078
 -0.0290809
 -0.0322819
 -0.0261169
 -0.0099756
 0.00997588
  0.0261169
  0.0322824
  0.0261169
 0.00997588
 -0.0099756
 -0.0261169
 -0.0322819
 -0.0261169
 -0.0099756
 0.00997588
  0.0261169
  0.0322824
  0.0261169
 0.00997588
 -0.0099756
 -0.0261169
 -0.0322819
 -0.0261169
 -0.0099756
 0.00997588
  0.0261169
  0.0322824
  0.0261169
 0.00997588
 -0.0099756
 -0.0261169
 -0.0322819
 -0.0261169
 -0.0099756
 0.00997588
  0.0261169
  0.0322824
  0.0261169
 0.00997588
 -0.0099756
 -0.0261169
 -0.0100404
-0.00812295
-0.00310258
 0.00310278
 0.00812305
  0.0100407
 0.00812305
 0.00310278
-0.00310258
-0.00812295
 -0.0100404
-0.00812295
-0.00310258
 0.00310278
 0.00812305
  0.0100407
 0.00812305
 0.00310278
-0.00310258
-0.00812295
 -0.0100404
-0.00812295
-0.00310258
 0.00310278
 0.00812305
  0.0100407
 0.00812305
 0.00310278
-0.00310258
-0.00812295
 -0.0100404
-0.00812295
-0.00310258
 0.00310278
 0.00812305
  0.0100407
 0.00812305
 0.00310278
-0.00310258
-0.00812295
  0.0353808
  0.0286239
  0.0109333
 -0.0109333
 -0.0286236
 -0.0353809
 -0.0286236
 -0.0109333
  0.0109333
  0.0286239
  0.0353808
  0.0286239
  0.0109333
 -0.0109333
 -0.0286236
 -0.0353809
 -0.0286236
 -0.0109333
  0.0109333
  0.0286239
  0.0353808
  0.0286239
  0.0109333
 -0.0109333
 -0.0286236
 -0.0353809
 -0.0286236
 -0.0109333
  0.0109333
  0.0286239
  0.0353808
  0.0286239
  0.0109333
 -0.0109333
 -0.0286236
 -0.0353809
 -0.0286236
 -0.0109333
  0.0109333
  0.0286239
  0.0819164
  0.0662723
  0.0253135
 -0.0253138
  -0.066272
 -0.0819172
  -0.066272
 -0.0253138
  0.0253135
  0.0662723
  0.0819164
  0.0662723
  0.0253135
 -0.0253138
  -0.066272
 -0.0819172
  -0.066272
 -0.0253138
  0.0253135
  0.0662723
  0.0819164
  0.0662723
  0.0253135
 -0.0253138
  -0.066272
 -0.0819172
  -0.066272
 -0.0253138
  0.0253135
  0.0662723
  0.0819164
  0.0662723
  0.0253135
 -0.0253138
  -0.066272
 -0.0819172
  -0.066272
 -0.0253138
  0.0253135
  0.0662723
  0.0686067
  0.0555045
  0.0212005
 -0.0212008
 -0.0555043
 -0.0686076
 -0.0555043
 -0.0212008
  0.0212005
  0.0555045
  0.0686067
  0.0555045
  0.0212005
 -0.0212008
 -0.0555043
 -0.0686076
 -0.0555043
 -0.0212008
  0.0212005
  0.0555045
  0.0686067
  0.0555045
  0.0212005
 -0.0212008
 -0.0555043
 -0.0686076
 -0.0555043
 -0.0212008
  0.0212005
  0.0555045
  0.0686067
  0.0555045
  0.0212005
 -0.0212008
 -0.0555043
 -0.0686076
 -0.0555043
 -0.0212008
  0.0212005
  0.0555045
  -0.025147
 -0.0203448
-0.00777076
 0.00777102
  0.0203446
  0.0251476
  0.0203446
 0.00777102
-0.00777076
 -0.0203448
  -0.025147
 -0.0203448
-0.00777076
 0.00777102
  0.0203446
  0.0251476
  0.0203446
 0.00777102
-0.00777076
 -0.0203448
  -0.025147
 -0.0203448
-0.00777076
 0.00777102
  0.0203446
  0.0251476
  0.0203446
 0.00777102
-0.00777076
 -0.0203448
  -0.025147
 -0.0203448
-0.00777076
 0.00777102
  0.0203446
  0.0251476
  0.0203446
 0.00777102
-0.00777076
 -0.0203448
 -0.0510186
 -0.0412756
 -0.0157654
  0.0157659
  0.0412754
  0.0510198
  0.0412754
  0.0157659
 -0.0157654
 -0.0412756
 -0.0510186
 -0.0412756
 -0.0157654
  0.0157659
  0.0412754
  0.0510198
  0.0412754
  0.0157659
 -0.0157654
 -0.0412756
 -0.0510186
 -0.0412756
 -0.0157654
  0.0157659
  0.0412754
  0.0510198
  0.0412754
  0.0157659
 -0.0157654
 -0.0412756
 -0.0510186
 -0.0412756
 -0.0157654
  0.0157659
  0.0412754
  0.0510198
  0.0412754
  0.0157659
 -0.0157654
 -0.0412756
  0.0701276
  0.0567352
  0.0216706
 -0.0216709
 -0.0567348
 -0.0701285
 -0.0567348
 -0.0216709
  0.0216706
  0.0567352
  0.0701276
  0.0567352
  0.0216706
 -0.0216709
 -0.0567348
 -0.0701285
 -0.0567348
 -0.0216709
  0.0216706
  0.0567352
  0.0701276
  0.0567352
  0.0216706
 -0.0216709
 -0.0567348
 -0.0701285
 -0.0567348
 -0.0216709
  0.0216706
  0.0567352
  0.0701276
  0.0567352
  0.0216706
 -0.0216709
 -0.0567348
 -0.0701285
 -0.0567348
 -0.0216709
  0.0216706
  0.0567352
  0.0701276
  0.0567352
  0.0216706
 -0.0216709
 -0.0567348
 -0.0701285
 -0.0567348
 -0.0216709
  0.0216706
  0.0567352
  0.0701276
  0.0567352
  0.0216706
 -0.0216709
 -0.0567348
 -0.0701285
 -0.0567348
 -0.0216709
  0.0216706
  0.0567352
  0.0701276
  0.0567352
  0.0216706
 -0.0216709
 -0.0567348
 -0.0701285
 -0.0567348
 -0.0216709
  0.0216706
  0.0567352
  0.0701276
  0.0567352
  0.0216706
 -0.0216709
 -0.0567348
 -0.0701285
 -0.0567348
 -0.0216709
  0.0216706
  0.0567352
 -0.0510186
 -0.0412756
 -0.0157654
  0.0157659
  0.0412754
  0.0510198
  0.0412754
  0.0157659
 -0.0157654
 -0.0412756
 -0.0510186
 -0.0412756
 -0.0157654
  0.0157659
  0.0412754
  0.0510198
  0.0412754
  0.0157659
 -0.0157654
 -0.0412756
 -0.0510186
 -0.0412756
 -0.0157654
  0.0157659
  0.0412754
  0.0510198
  0.0412754
  0.0157659
 -0.0157654
 -0.0412756
 -0.0510186
 -0.0412756
 -0.0157654
  0.0157659
  0.0412754
  0.0510198
  0.0412754
  0.0157659
 -0.0157654
 -0.0412756
  -0.025147
 -0.0203448
-0.00777076
 0.00777102
  0.0203446
  0.0251476
  0.0203446
 0.00777102
-0.00777076
 -0.0203448
  -0.025147
 -0.0203448
-0.00777076
 0.00777102
  0.0203446
  0.0251476
  0.0203446
 0.00777102
-0.00777076
 -0.0203448
  -0.025147
 -0.0203448
-0.00777076
 0.00777102
  0.0203446
  0.0251476
  0.0203446
 0.00777102
-0.00777076
 -0.0203448
  -0.025147
 -0.0203448
-0.00777076
 0.00777102
  0.0203446
  0.0251476
  0.0203446
 0.00777102
-0.00777076
 -0.0203448
  0.0686067
  0.0555045
  0.0212005
 -0.0212008
 -0.0555043
 -0.0686076
 -0.0555043
 -0.0212008
  0.0212005
  0.0555045
  0.0686067
  0.0555045
  0.0212005
 -0.0212008
 -0.0555043
 -0.0686076
 -0.0555043
 -0.0212008
  0.0212005
  0.0555045
  0.0686067
  0.0555045
  0.0212005
 -0.0212008
 -0.0555043
 -0.0686076
 -0.0555043
 -0.0212008
  0.0212005
  0.0555045
  0.0686067
  0.0555045
  0.0212005
 -0.0212008
 -0.0555043
 -0.0686076
 -0.0555043
 -0.0212008
  0.0212005
  0.0555045
  0.0819164
  0.0662723
  0.0253135
 -0.0253138
  -0.066272
 -0.0819172
  -0.066272
 -0.0253138
  0.0253135
  0.0662723
  0.0819164
  0.0662723
  0.0253135
 -0.0253138
  -0.066272
 -0.0819172
  -0.066272
 -0.0253138
  0.0253135
  0.0662723
  0.0819164
  0.0662723
  0.0253135
 -0.0253138
  -0.066272
 -0.0819172
  -0.066272
 -0.0253138
  0.0253135
  0.0662723
  0.0819164
  0.0662723
  0.0253135
 -0.0253138
  -0.066272
 -0.0819172
  -0.066272
 -0.0253138
  0.0253135
  0.0662723
  0.0353808
  0.0286239
  0.0109333
 -0.0109333
 -0.0286236
 -0.0353809
 -0.0286236
 -0.0109333
  0.0109333
  0.0286239
  0.0353808
  0.0286239
  0.0109333
 -0.0109333
 -0.0286236
 -0.0353809
 -0.0286236
 -0.0109333
  0.0109333
  0.0286239
  0.0353808
  0.0286239
  0.0109333
 -0.0109333
 -0.0286236
 -0.0353809
 -0.0286236
 -0.0109333
  0.0109333
  0.0286239
  0.0353808
  0.0286239
  0.0109333
 -0.0109333
 -0.0286236
 -0.0353809
 -0.0286236
 -0.0109333
  0.0109333
  0.0286239
 -0.0100404
-0.00812295
-0.00310258
 0.00310278
 0.00812305
  0.0100407
 0.00812305
 0.00310278
-0.00310258
-0.00812295
 -0.0100404
-0.00812295
-0.00310258
 0.00310278
 0.00812305
  0.0100407
 0.00812305
 0.00310278
-0.00310258
-0.00812295
 -0.0100404
-0.00812295
-0.00310258
 0.00310278
 0.00812305
  0.0100407
 0.00812305
 0.00310278
-0.00310258
-0.00812295
 -0.0100404
-0.00812295
-0.00310258
 0.00310278
 0.00812305
  0.0100407
 0.00812305
 0.00310278
-0.00310258
-0.00812295
 -0.0322819
 -0.0261169
 -0.0099756
 0.00997588
  0.0261169
  0.0322824
  0.0261169
 0.00997588
 -0.0099756
 -0.0261169
 -0.0322819
 -0.0261169
 -0.0099756
 0.00997588
  0.0261169
  0.0322824
  0.0261169
 0.00997588
 -0.0099756
 -0.0261169
 -0.0322819
 -0.0261169
 -0.0099756
 0.00997588
  0.0261169
  0.0322824
  0.0261169
 0.00997588
 -0.0099756
 -0.0261169
 -0.0322819
 -0.0261169
 -0.0099756
 0.00997588
  0.0261169
  0.0322824
  0.0261169
 0.00997588
 -0.0099756
 -0.0261169
 -0.0359457
 -0.0290809
 -0.0111078
   0.011108
  0.0290809
  0.0359461
  0.0290809
   0.011108
 -0.0111078
 -0.0290809
 -0.0359457
 -0.0290809
 -0.0111078
   0.011108
  0.0290809
  0.0359461
  0.0290809
   0.011108
 -0.0111078
 -0.0290809
 -0.0359457
 -0.0290809
 -0.0111078
   0.011108
  0.0290809
  0.0359461
  0.0290809
   0.011108
 -0.0111078
 -0.0290809
 -0.0359457
 -0.0290809
 -0.0111078
   0.011108
  0.0290809
  0.0359461
  0.0290809
   0.011108
 -0.0111078
 -0.0290809
 -0.0307075
  -0.024843
-0.00948908
 0.00948928
   0.024843
  0.0307078
   0.024843
 0.00948928
-0.00948908
  -0.024843
 -0.0307075
  -0.024843
-0.00948908
 0.00948928
   0.024843
  0.0307078
   0.024843
 0.00948928
-0.00948908
  -0.024843
 -0.0307075
  -0.024843
-0.00948908
 0.00948928
   0.024843
  0.0307078
   0.024843
 0.00948928
-0.00948908
  -0.024843
 -0.0307075
  -0.024843
-0.00948908
 0.00948928
   0.024843
  0.0307078
   0.024843
 0.00948928
-0.00948908
  -0.024843
 -0.0231373
 -0.0187186
 -0.0071498
 0.00714993
  0.0187186
  0.0231375
  0.0187186
 0.00714993
 -0.0071498
 -0.0187186
 -0.0231373
 -0.0187186
 -0.0071498
 0.00714993
  0.0187186
  0.0231375
  0.0187186
 0.00714993
 -0.0071498
 -0.0187186
 -0.0231373
 -0.0187186
 -0.0071498
 0.00714993
  0.0187186
  0.0231375
  0.0187186
 0.00714993
 -0.0071498
 -0.0187186
 -0.0231373
 -0.0187186
 -0.0071498
 0.00714993
  0.0187186
  0.0231375
  0.0187186
 0.00714993
 -0.0071498
 -0.0187186
 -0.0162546
 -0.0131503
-0.00502293
   0.005023
  0.0131503
  0.0162547
  0.0131503
   0.005023
-0.00502293
 -0.0131503
 -0.0162546
 -0.0131503
-0.00502293
   0.005023
  0.0131503
  0.0162547
  0.0131503
   0.005023
-0.00502293
 -0.0131503
 -0.0162546
 -0.0131503
-0.00502293
   0.005023
  0.0131503
  0.0162547
  0.0131503
   0.005023
-0.00502293
 -0.0131503
 -0.0162546
 -0.0131503
-0.00502293
   0.005023
  0.0131503
  0.0162547
  0.0131503
   0.005023
-0.00502293
 -0.0131503
