 -1.0481e-11
  0.00955425
   0.0154591
   0.0154591
   0.0095543
 1.08771e-11
  -0.0095543
  -0.0154591
  -0.0154591
 -0.00955425
-1.04484e-11
  0.00955425
   0.0154591
   0.0154591
   0.0095543
 1.03205e-11
  -0.0095543
  -0.0154591
  -0.0154591
 -0.00955425
-1.05115e-11
  0.00955425
   0.0154591
   0.0154591
   0.0095543
 1.03872e-11
  -0.0095543
  -0.0154591
  -0.0154591
 -0.00955425
-1.03718e-11
  0.00955425
   0.0154591
   0.0154591
   0.0095543
  1.0275e-11
  -0.0095543
  -0.0154591
  -0.0154591
 -0.00955425
-1.47544e-11
   0.0135999
    0.022005
    0.022005
   0.0135999
 1.47668e-11
  -0.0135999
   -0.022005
   -0.022005
  -0.0135999
-1.47068e-11
   0.0135999
    0.022005
    0.022005
   0.0135999
 1.47194e-11
  -0.0135999
   -0.022005
   -0.022005
  -0.0135999
-1.50691e-11
   0.0135999
    0.022005
    0.022005
   0.0135999
 1.48976e-11
  -0.0135999
   -0.022005
   -0.022005
  -0.0135999
-1.47245e-11
   0.0135999
    0.022005
    0.022005
   0.0135999
  1.4604e-11
  -0.0135999
   -0.022005
   -0.022005
  -0.0135999
-1.97205e-11
   0.0180495
   0.0292046
   0.0292047
   0.0180496
 1.97223e-11
  -0.0180496
  -0.0292047
  -0.0292046
  -0.0180495
-1.94297e-11
   0.0180495
   0.0292046
   0.0292047
   0.0180496
 1.96438e-11
  -0.0180496
  -0.0292047
  -0.0292046
  -0.0180495
-1.96847e-11
   0.0180495
   0.0292046
   0.0292047
   0.0180496
 1.97464e-11
  -0.0180496
  -0.0292047
  -0.0292046
  -0.0180495
-1.96606e-11
   0.0180495
   0.0292046
   0.0292047
   0.0180496
 1.96572e-11
  -0.0180496
  -0.0292047
  -0.0292046
  -0.0180495
-2.31142e-11
   0.0211285
   0.0341865
   0.0341867
   0.0211286
 2.30635e-11
  -0.0211286
  -0.0341867
  -0.0341865
  -0.0211285
 -2.2879e-11
   0.0211285
   0.0341865
   0.0341867
   0.0211286
 2.28449e-11
  -0.0211286
  -0.0341867
  -0.0341865
  -0.0211285
-2.31334e-11
   0.0211285
   0.0341865
   0.0341867
   0.0211286
 2.32476e-11
  -0.0211286
  -0.0341867
  -0.0341865
  -0.0211285
-2.33753e-11
   0.0211285
   0.0341865
   0.0341867
   0.0211286
 2.28563e-11
  -0.0211286
  -0.0341867
  -0.0341865
  -0.0211285
-2.08315e-11
    0.018975
    0.030702
   0.0307022
   0.0189752
 2.05755e-11
  -0.0189752
  -0.0307022
   -0.030702
   -0.018975
-2.05148e-11
    0.018975
    0.030702
   0.0307022
   0.0189752
 2.06549e-11
  -0.0189752
  -0.0307022
   -0.030702
   -0.018975
-2.10534e-11
    0.018975
    0.030702
   0.0307022
   0.0189752
 2.02658e-11
  -0.0189752
  -0.0307022
   -0.030702
   -0.018975
-2.10393e-11
    0.018975
    0.030702
   0.0307022
   0.0189752
 2.05484e-11
  -0.0189752
  -0.0307022
   -0.030702
   -0.018975
-6.19086e-12
  0.00590156
  0.00954887
  0.00954912
  0.00590177
 6.94787e-12
 -0.00590177
 -0.00954912
 -0.00954887
 -0.00590156
-6.12442e-12
  0.00590156
  0.00954887
  0.00954912
  0.00590177
 7.08188e-12
 -0.00590177
 -0.00954912
 -0.00954887
 -0.00590156
-6.76581e-12
  0.00590156
  0.00954887
  0.00954912
  0.00590177
 5.86905e-12
 -0.00590177
 -0.00954912
 -0.00954887
 -0.00590156
 -6.7964e-12
  0.00590156
  0.00954887
  0.00954912
  0.00590177
 6.14166e-12
 -0.00590177
 -0.00954912
 -0.00954887
 -0.00590156
 2.33502e-11
  -0.0207967
  -0.0336493
  -0.0336493
  -0.0207964
-2.17512e-11
   0.0207964
   0.0336493
   0.0336493
   0.0207967
 2.37261e-11
  -0.0207967
  -0.0336493
  -0.0336493
  -0.0207964
-2.26789e-11
   0.0207964
   0.0336493
   0.0336493
   0.0207967
 2.21229e-11
  -0.0207967
  -0.0336493
  -0.0336493
  -0.0207964
-2.36685e-11
   0.0207964
   0.0336493
   0.0336493
   0.0207967
 2.16068e-11
  -0.0207967
  -0.0336493
  -0.0336493
  -0.0207964
 -2.2869e-11
   0.0207964
   0.0336493
   0.0336493
   0.0207967
 5.36196e-11
  -0.0481499
  -0.0779072
  -0.0779075
  -0.0481498
-5.16002e-11
   0.0481498
   0.0779075
   0.0779072
   0.0481499
 5.33488e-11
  -0.0481499
  -0.0779072
  -0.0779075
  -0.0481498
-5.25096e-11
   0.0481498
   0.0779075
   0.0779072
   0.0481499
 5.17166e-11
  -0.0481499
  -0.0779072
  -0.0779075
  -0.0481498
-5.38837e-11
   0.0481498
   0.0779075
   0.0779072
   0.0481499
 5.16032e-11
  -0.0481499
  -0.0779072
  -0.0779075
  -0.0481498
-5.25169e-11
   0.0481498
   0.0779075
   0.0779072
   0.0481499
 4.41824e-11
  -0.0403264
  -0.0652487
  -0.0652492
  -0.0403266
-4.42085e-11
   0.0403266
   0.0652492
   0.0652487
   0.0403264
 4.37851e-11
  -0.0403264
  -0.0652487
  -0.0652492
  -0.0403266
-4.43216e-11
   0.0403266
   0.0652492
   0.0652487
   0.0403264
 4.37984e-11
  -0.0403264
  -0.0652487
  -0.0652492
  -0.0403266
-4.40603e-11
   0.0403266
   0.0652492
   0.0652487
   0.0403264
 4.41124e-11
  -0.0403264
  -0.0652487
  -0.0652492
  -0.0403266
-4.38312e-11
   0.0403266
   0.0652492
   0.0652487
   0.0403264
-1.78729e-11
   0.0147818
   0.0239166
   0.0239166
   0.0147811
 1.38526e-11
  -0.0147811
  -0.0239166
  -0.0239166
  -0.0147818
-1.81707e-11
   0.0147818
   0.0239166
   0.0239166
   0.0147811
 1.60349e-11
  -0.0147811
  -0.0239166
  -0.0239166
  -0.0147818
-1.44969e-11
   0.0147818
   0.0239166
   0.0239166
   0.0147811
 1.85456e-11
  -0.0147811
  -0.0239166
  -0.0239166
  -0.0147818
 -1.4334e-11
   0.0147818
   0.0239166
   0.0239166
   0.0147811
 1.60669e-11
  -0.0147811
  -0.0239166
  -0.0239166
  -0.0147818
-3.45759e-11
    0.029989
   0.0485217
    0.048522
   0.0299885
  3.0062e-11
  -0.0299885
   -0.048522
  -0.0485217
   -0.029989
-3.46003e-11
    0.029989
   0.0485217
    0.048522
   0.0299885
 3.30456e-11
  -0.0299885
   -0.048522
  -0.0485217
   -0.029989
-3.07947e-11
    0.029989
   0.0485217
    0.048522
   0.0299885
 3.54962e-11
  -0.0299885
   -0.048522
  -0.0485217
   -0.029989
-3.10691e-11
    0.029989
   0.0485217
    0.048522
   0.0299885
 3.25169e-11
  -0.0299885
   -0.048522
  -0.0485217
   -0.029989
 4.54717e-11
  -0.0412206
  -0.0666956
   -0.066696
  -0.0412203
-4.43301e-11
   0.0412203
    0.066696
   0.0666956
   0.0412206
  4.6026e-11
  -0.0412206
  -0.0666956
   -0.066696
  -0.0412203
-4.48602e-11
   0.0412203
    0.066696
   0.0666956
   0.0412206
 4.43258e-11
  -0.0412206
  -0.0666956
   -0.066696
  -0.0412203
-4.58887e-11
   0.0412203
    0.066696
   0.0666956
   0.0412206
 4.38111e-11
  -0.0412206
  -0.0666956
   -0.066696
  -0.0412203
-4.51098e-11
   0.0412203
    0.066696
   0.0666956
   0.0412206
 4.62496e-11
  -0.0412206
  -0.0666956
   -0.066696
  -0.0412203
-4.37673e-11
   0.0412203
    0.066696
   0.0666956
   0.0412206
 4.55909e-11
  -0.0412206
  -0.0666956
   -0.066696
  -0.0412203
  -4.516e-11
   0.0412203
    0.066696
   0.0666956
   0.0412206
 4.38517e-11
  -0.0412206
  -0.0666956
   -0.066696
  -0.0412203
 -4.6207e-11
   0.0412203
    0.066696
   0.0666956
   0.0412206
 4.41081e-11
  -0.0412206
  -0.0666956
   -0.066696
  -0.0412203
-4.50044e-11
   0.0412203
    0.066696
   0.0666956
   0.0412206
-3.43636e-11
    0.029989
   0.0485217
    0.048522
   0.0299885
 3.07202e-11
  -0.0299885
   -0.048522
  -0.0485217
   -0.029989
 -3.4629e-11
    0.029989
   0.0485217
    0.048522
   0.0299885
 3.25088e-11
  -0.0299885
   -0.048522
  -0.0485217
   -0.029989
-3.12365e-11
    0.029989
   0.0485217
    0.048522
   0.0299885
 3.50821e-11
  -0.0299885
   -0.048522
  -0.0485217
   -0.029989
-3.08793e-11
    0.029989
   0.0485217
    0.048522
   0.0299885
 3.30577e-11
  -0.0299885
   -0.048522
  -0.0485217
   -0.029989
-1.81192e-11
   0.0147818
   0.0239166
   0.0239166
   0.0147811
 1.33386e-11
  -0.0147811
  -0.0239166
  -0.0239166
  -0.0147818
-1.79177e-11
   0.0147818
   0.0239166
   0.0239166
   0.0147811
 1.64827e-11
  -0.0147811
  -0.0239166
  -0.0239166
  -0.0147818
-1.41856e-11
   0.0147818
   0.0239166
   0.0239166
   0.0147811
 1.90441e-11
  -0.0147811
  -0.0239166
  -0.0239166
  -0.0147818
-1.47007e-11
   0.0147818
   0.0239166
   0.0239166
   0.0147811
 1.57084e-11
  -0.0147811
  -0.0239166
  -0.0239166
  -0.0147818
 4.33235e-11
  -0.0403264
  -0.0652487
  -0.0652492
  -0.0403266
-4.43855e-11
   0.0403266
   0.0652492
   0.0652487
   0.0403264
 4.39257e-11
  -0.0403264
  -0.0652487
  -0.0652492
  -0.0403266
-4.38017e-11
   0.0403266
   0.0652492
   0.0652487
   0.0403264
 4.43982e-11
  -0.0403264
  -0.0652487
  -0.0652492
  -0.0403266
-4.35222e-11
   0.0403266
   0.0652492
   0.0652487
   0.0403264
 4.39862e-11
  -0.0403264
  -0.0652487
  -0.0652492
  -0.0403266
-4.46394e-11
   0.0403266
   0.0652492
   0.0652487
   0.0403264
  5.3393e-11
  -0.0481499
  -0.0779072
  -0.0779075
  -0.0481498
-5.09385e-11
   0.0481498
   0.0779075
   0.0779072
   0.0481499
 5.34031e-11
  -0.0481499
  -0.0779072
  -0.0779075
  -0.0481498
-5.24968e-11
   0.0481498
   0.0779075
   0.0779072
   0.0481499
 5.18366e-11
  -0.0481499
  -0.0779072
  -0.0779075
  -0.0481498
-5.37046e-11
   0.0481498
   0.0779075
   0.0779072
   0.0481499
 5.14663e-11
  -0.0481499
  -0.0779072
  -0.0779075
  -0.0481498
-5.27869e-11
   0.0481498
   0.0779075
   0.0779072
   0.0481499
  2.3783e-11
  -0.0207967
  -0.0336493
  -0.0336493
  -0.0207964
-2.08809e-11
   0.0207964
   0.0336493
   0.0336493
   0.0207967
 2.35387e-11
  -0.0207967
  -0.0336493
  -0.0336493
  -0.0207964
-2.30516e-11
   0.0207964
   0.0336493
   0.0336493
   0.0207967
 2.16076e-11
  -0.0207967
  -0.0336493
  -0.0336493
  -0.0207964
-2.42636e-11
   0.0207964
   0.0336493
   0.0336493
   0.0207967
 2.17608e-11
  -0.0207967
  -0.0336493
  -0.0336493
  -0.0207964
-2.27355e-11
   0.0207964
   0.0336493
   0.0336493
   0.0207967
-5.53686e-12
  0.00590156
  0.00954887
  0.00954912
  0.00590177
 8.09837e-12
 -0.00590177
 -0.00954912
 -0.00954887
 -0.00590156
-5.78676e-12
  0.00590156
  0.00954887
  0.00954912
  0.00590177
 6.49718e-12
 -0.00590177
 -0.00954912
 -0.00954887
 -0.00590156
-7.21325e-12
  0.00590156
  0.00954887
  0.00954912
  0.00590177
 5.73625e-12
 -0.00590177
 -0.00954912
 -0.00954887
 -0.00590156
-7.50123e-12
  0.00590156
  0.00954887
  0.00954912
  0.00590177
 6.56648e-12
 -0.00590177
 -0.00954912
 -0.00954887
 -0.00590156
-2.03417e-11
    0.018975
    0.030702
   0.0307022
   0.0189752
 2.11952e-11
  -0.0189752
  -0.0307022
   -0.030702
   -0.018975
-2.03536e-11
    0.018975
    0.030702
   0.0307022
   0.0189752
 2.01471e-11
  -0.0189752
  -0.0307022
   -0.030702
   -0.018975
-2.10133e-11
    0.018975
    0.030702
   0.0307022
   0.0189752
 1.98083e-11
  -0.0189752
  -0.0307022
   -0.030702
   -0.018975
-2.10808e-11
    0.018975
    0.030702
   0.0307022
   0.0189752
 2.06442e-11
  -0.0189752
  -0.0307022
   -0.030702
   -0.018975
-2.28776e-11
   0.0211285
   0.0341865
   0.0341867
   0.0211286
 2.38837e-11
  -0.0211286
  -0.0341867
  -0.0341865
  -0.0211285
-2.28264e-11
   0.0211285
   0.0341865
   0.0341867
   0.0211286
 2.27555e-11
  -0.0211286
  -0.0341867
  -0.0341865
  -0.0211285
-2.33592e-11
   0.0211285
   0.0341865
   0.0341867
   0.0211286
  2.2433e-11
  -0.0211286
  -0.0341867
  -0.0341865
  -0.0211285
-2.30288e-11
   0.0211285
   0.0341865
   0.0341867
   0.0211286
 2.32851e-11
  -0.0211286
  -0.0341867
  -0.0341865
  -0.0211285
-1.96937e-11
   0.0180495
   0.0292046
   0.0292047
   0.0180496
 1.98571e-11
  -0.0180496
  -0.0292047
  -0.0292046
  -0.0180495
-1.94644e-11
   0.0180495
   0.0292046
   0.0292047
   0.0180496
 1.96236e-11
  -0.0180496
  -0.0292047
  -0.0292046
  -0.0180495
-1.99316e-11
   0.0180495
   0.0292046
   0.0292047
   0.0180496
 1.96686e-11
  -0.0180496
  -0.0292047
  -0.0292046
  -0.0180495
-1.97372e-11
   0.0180495
   0.0292046
   0.0292047
   0.0180496
 1.90751e-11
  -0.0180496
  -0.0292047
  -0.0292046
  -0.0180495
-1.46478e-11
   0.0135999
    0.022005
    0.022005
   0.0135999
 1.49714e-11
  -0.0135999
   -0.022005
   -0.022005
  -0.0135999
-1.48045e-11
   0.0135999
    0.022005
    0.022005
   0.0135999
 1.48254e-11
  -0.0135999
   -0.022005
   -0.022005
  -0.0135999
-1.50348e-11
   0.0135999
    0.022005
    0.022005
   0.0135999
 1.49262e-11
  -0.0135999
   -0.022005
   -0.022005
  -0.0135999
-1.49129e-11
   0.0135999
    0.022005
    0.022005
   0.0135999
 1.40207e-11
  -0.0135999
   -0.022005
   -0.022005
  -0.0135999
-1.04071e-11
  0.00955425
   0.0154591
   0.0154591
   0.0095543
 1.02272e-11
  -0.0095543
  -0.0154591
  -0.0154591
 -0.00955425
 -1.0719e-11
  0.00955425
   0.0154591
   0.0154591
   0.0095543
 1.03985e-11
  -0.0095543
  -0.0154591
  -0.0154591
 -0.00955425
 -1.0515e-11
  0.00955425
   0.0154591
   0.0154591
   0.0095543
 1.04162e-11
  -0.0095543
  -0.0154591
  -0.0154591
 -0.00955425
 -1.0486e-11
  0.00955425
   0.0154591
   0.0154591
   0.0095543
 1.04379e-11
  -0.0095543
  -0.0154591
  -0.0154591
 -0.00955425
