 -0.00219617
  -0.0021552
 -0.00206106
 -0.00191626
 -0.00172424
 -0.00148976
 -0.00121856
-0.000917387
-0.000593619
-0.000255251
 8.94239e-05
 0.000431902
 0.000763714
  0.00107675
  0.00136326
  0.00161623
  0.00182936
  0.00199745
  0.00211632
  0.00218318
  0.00219617
   0.0021552
  0.00206106
  0.00191626
  0.00172424
  0.00148976
  0.00121856
 0.000917387
 0.000593619
 0.000255251
-8.94239e-05
-0.000431902
-0.000763714
 -0.00107675
 -0.00136326
 -0.00161623
 -0.00182936
 -0.00199745
 -0.00211632
 -0.00218318
  0.00476161
  0.00467261
  0.00446862
  0.00415453
  0.00373819
  0.00322981
  0.00264192
  0.00198895
    0.001287
 0.000553354
-0.000193884
-0.000936344
 -0.00165579
 -0.00233445
 -0.00295562
 -0.00350399
 -0.00396611
 -0.00433057
 -0.00458844
 -0.00473327
 -0.00476161
 -0.00467261
 -0.00446862
 -0.00415453
 -0.00373819
 -0.00322981
 -0.00264192
 -0.00198895
   -0.001287
-0.000553354
 0.000193884
 0.000936344
  0.00165579
  0.00233445
  0.00295562
  0.00350399
  0.00396611
  0.00433057
  0.00458844
  0.00473327
   0.0161797
   0.0158774
   0.0151841
    0.014117
   0.0127023
   0.0109749
  0.00897716
  0.00675839
  0.00437318
  0.00188032
-0.000658806
  -0.0031817
  -0.0056263
 -0.00793238
  -0.0100431
  -0.0119065
  -0.0134768
  -0.0147152
  -0.0155913
  -0.0160835
  -0.0161797
  -0.0158774
  -0.0151841
   -0.014117
  -0.0127023
  -0.0109749
 -0.00897716
 -0.00675839
 -0.00437318
 -0.00188032
 0.000658806
   0.0031817
   0.0056263
  0.00793238
   0.0100431
   0.0119065
   0.0134768
   0.0147152
   0.0155913
   0.0160835
    0.032607
   0.0319979
   0.0306006
   0.0284501
   0.0255991
   0.0221178
   0.0180918
   0.0136203
  0.00881332
  0.00378944
  -0.0013277
 -0.00641213
  -0.0113387
  -0.0159862
    -0.02024
  -0.0239954
  -0.0271599
  -0.0296556
  -0.0314212
  -0.0324132
   -0.032607
  -0.0319979
  -0.0306006
  -0.0284501
  -0.0255991
  -0.0221178
  -0.0180918
  -0.0136203
 -0.00881332
 -0.00378944
   0.0013277
  0.00641213
   0.0113387
   0.0159862
     0.02024
   0.0239954
   0.0271599
   0.0296556
   0.0314212
   0.0324132
   0.0520664
   0.0510938
   0.0488626
   0.0454287
   0.0408764
   0.0353175
   0.0288887
   0.0217487
    0.014073
  0.00605093
 -0.00212004
  -0.0102388
  -0.0181055
  -0.0255266
   -0.032319
  -0.0383157
  -0.0433686
  -0.0473537
  -0.0501729
  -0.0517571
  -0.0520664
  -0.0510938
  -0.0488626
  -0.0454287
  -0.0408764
  -0.0353175
  -0.0288887
  -0.0217487
   -0.014073
 -0.00605093
  0.00212004
   0.0102388
   0.0181055
   0.0255266
    0.032319
   0.0383157
   0.0433686
   0.0473537
   0.0501729
   0.0517571
   0.0666909
   0.0654452
   0.0625872
   0.0581889
   0.0523579
   0.0452376
   0.0370031
   0.0278575
   0.0180258
  0.00775055
 -0.00271553
  -0.0131148
   -0.023191
  -0.0326966
  -0.0413969
   -0.049078
  -0.0555502
  -0.0606546
  -0.0642655
  -0.0662948
  -0.0666909
  -0.0654452
  -0.0625872
  -0.0581889
  -0.0523579
  -0.0452376
  -0.0370031
  -0.0278575
  -0.0180258
 -0.00775055
  0.00271553
   0.0131148
    0.023191
   0.0326966
   0.0413969
    0.049078
   0.0555502
   0.0606546
   0.0642655
   0.0662948
    0.059854
   0.0587361
   0.0561711
   0.0522238
   0.0469906
   0.0406003
   0.0332098
   0.0250017
    0.016178
  0.00695606
 -0.00243714
  -0.0117704
  -0.0208137
  -0.0293447
  -0.0371532
  -0.0440469
  -0.0498556
  -0.0544367
  -0.0576773
  -0.0594986
   -0.059854
  -0.0587361
  -0.0561711
  -0.0522238
  -0.0469906
  -0.0406003
  -0.0332098
  -0.0250017
   -0.016178
 -0.00695606
  0.00243714
   0.0117704
   0.0208137
   0.0293447
   0.0371532
   0.0440469
   0.0498556
   0.0544367
   0.0576773
   0.0594986
   0.0139125
   0.0136528
   0.0130568
   0.0121395
    0.010923
  0.00943741
  0.00771935
  0.00581153
  0.00376066
  0.00161705
-0.000566492
 -0.00273611
 -0.00483821
 -0.00682106
 -0.00863599
  -0.0102386
   -0.011589
  -0.0126539
  -0.0134069
  -0.0138301
  -0.0139125
  -0.0136528
  -0.0130568
  -0.0121395
   -0.010923
 -0.00943741
 -0.00771935
 -0.00581153
 -0.00376066
 -0.00161705
 0.000566492
  0.00273611
  0.00483821
  0.00682106
  0.00863599
   0.0102386
    0.011589
   0.0126539
   0.0134069
   0.0138301
  -0.0534979
  -0.0524987
  -0.0502051
  -0.0466768
  -0.0419996
  -0.0362885
  -0.0296831
  -0.0223465
  -0.0144594
 -0.00621698
  0.00217833
     0.01052
   0.0186027
   0.0262282
   0.0332077
   0.0393692
   0.0445604
   0.0486547
   0.0515513
   0.0531802
   0.0534979
   0.0524987
   0.0502051
   0.0466768
   0.0419996
   0.0362885
   0.0296831
   0.0223465
   0.0144594
  0.00621698
 -0.00217833
    -0.01052
  -0.0186027
  -0.0262282
  -0.0332077
  -0.0393692
  -0.0445604
  -0.0486547
  -0.0515513
  -0.0531802
  -0.0534868
  -0.0524879
  -0.0501945
  -0.0466672
  -0.0419912
  -0.0362813
   -0.029677
  -0.0223418
  -0.0144565
 -0.00621572
  0.00217788
   0.0105179
   0.0185989
   0.0262228
   0.0332008
   0.0393613
   0.0445515
   0.0486446
   0.0515404
   0.0531692
   0.0534868
   0.0524879
   0.0501945
   0.0466672
   0.0419912
   0.0362813
    0.029677
   0.0223418
   0.0144565
  0.00621572
 -0.00217788
  -0.0105179
  -0.0185989
  -0.0262228
  -0.0332008
  -0.0393613
  -0.0445515
  -0.0486446
  -0.0515404
  -0.0531692
   0.0521975
    0.051223
   0.0489858
   0.0455434
   0.0409792
   0.0354066
   0.0289619
   0.0218036
   0.0141082
  0.00606624
 -0.00212538
  -0.0102647
  -0.0181509
  -0.0255911
  -0.0324008
  -0.0384123
  -0.0434778
  -0.0474733
  -0.0502994
   -0.051888
  -0.0521975
   -0.051223
  -0.0489858
  -0.0455434
  -0.0409792
  -0.0354066
  -0.0289619
  -0.0218036
  -0.0141082
 -0.00606624
  0.00212538
   0.0102647
   0.0181509
   0.0255911
   0.0324008
   0.0384123
   0.0434778
   0.0474733
   0.0502994
    0.051888
   0.0649934
     0.06378
   0.0609939
   0.0567078
   0.0510251
   0.0440865
   0.0360617
   0.0271486
   0.0175667
  0.00755323
 -0.00264641
   -0.012781
  -0.0226004
  -0.0318645
  -0.0403436
  -0.0478292
  -0.0541362
  -0.0591107
  -0.0626294
   -0.064608
  -0.0649934
    -0.06378
  -0.0609939
  -0.0567078
  -0.0510251
  -0.0440865
  -0.0360617
  -0.0271486
  -0.0175667
 -0.00755323
  0.00264641
    0.012781
   0.0226004
   0.0318645
   0.0403436
   0.0478292
   0.0541362
   0.0591107
   0.0626294
    0.064608
  -0.0649934
    -0.06378
  -0.0609939
  -0.0567078
  -0.0510251
  -0.0440865
  -0.0360617
  -0.0271486
  -0.0175667
 -0.00755323
  0.00264641
    0.012781
   0.0226004
   0.0318645
   0.0403436
   0.0478292
   0.0541362
   0.0591107
   0.0626294
    0.064608
   0.0649934
     0.06378
   0.0609939
   0.0567078
   0.0510251
   0.0440865
   0.0360617
   0.0271486
   0.0175667
  0.00755323
 -0.00264641
   -0.012781
  -0.0226004
  -0.0318645
  -0.0403436
  -0.0478292
  -0.0541362
  -0.0591107
  -0.0626294
   -0.064608
  -0.0521975
   -0.051223
  -0.0489858
  -0.0455434
  -0.0409792
  -0.0354066
  -0.0289619
  -0.0218036
  -0.0141082
 -0.00606624
  0.00212538
   0.0102647
   0.0181509
   0.0255911
   0.0324008
   0.0384123
   0.0434778
   0.0474733
   0.0502994
    0.051888
   0.0521975
    0.051223
   0.0489858
   0.0455434
   0.0409792
   0.0354066
   0.0289619
   0.0218036
   0.0141082
  0.00606624
 -0.00212538
  -0.0102647
  -0.0181509
  -0.0255911
  -0.0324008
  -0.0384123
  -0.0434778
  -0.0474733
  -0.0502994
   -0.051888
   0.0534868
   0.0524879
   0.0501945
   0.0466672
   0.0419912
   0.0362813
    0.029677
   0.0223418
   0.0144565
  0.00621572
 -0.00217788
  -0.0105179
  -0.0185989
  -0.0262228
  -0.0332008
  -0.0393613
  -0.0445515
  -0.0486446
  -0.0515404
  -0.0531692
  -0.0534868
  -0.0524879
  -0.0501945
  -0.0466672
  -0.0419912
  -0.0362813
   -0.029677
  -0.0223418
  -0.0144565
 -0.00621572
  0.00217788
   0.0105179
   0.0185989
   0.0262228
   0.0332008
   0.0393613
   0.0445515
   0.0486446
   0.0515404
   0.0531692
   0.0534979
   0.0524987
   0.0502051
   0.0466768
   0.0419996
   0.0362885
   0.0296831
   0.0223465
   0.0144594
  0.00621698
 -0.00217833
    -0.01052
  -0.0186027
  -0.0262282
  -0.0332077
  -0.0393692
  -0.0445604
  -0.0486547
  -0.0515513
  -0.0531802
  -0.0534979
  -0.0524987
  -0.0502051
  -0.0466768
  -0.0419996
  -0.0362885
  -0.0296831
  -0.0223465
  -0.0144594
 -0.00621698
  0.00217833
     0.01052
   0.0186027
   0.0262282
   0.0332077
   0.0393692
   0.0445604
   0.0486547
   0.0515513
   0.0531802
  -0.0139125
  -0.0136528
  -0.0130568
  -0.0121395
   -0.010923
 -0.00943741
 -0.00771935
 -0.00581153
 -0.00376066
 -0.00161705
 0.000566492
  0.00273611
  0.00483821
  0.00682106
  0.00863599
   0.0102386
    0.011589
   0.0126539
   0.0134069
   0.0138301
   0.0139125
   0.0136528
   0.0130568
   0.0121395
    0.010923
  0.00943741
  0.00771935
  0.00581153
  0.00376066
  0.00161705
-0.000566492
 -0.00273611
 -0.00483821
 -0.00682106
 -0.00863599
  -0.0102386
   -0.011589
  -0.0126539
  -0.0134069
  -0.0138301
   -0.059854
  -0.0587361
  -0.0561711
  -0.0522238
  -0.0469906
  -0.0406003
  -0.0332098
  -0.0250017
   -0.016178
 -0.00695606
  0.00243714
   0.0117704
   0.0208137
   0.0293447
   0.0371532
   0.0440469
   0.0498556
   0.0544367
   0.0576773
   0.0594986
    0.059854
   0.0587361
   0.0561711
   0.0522238
   0.0469906
   0.0406003
   0.0332098
   0.0250017
    0.016178
  0.00695606
 -0.00243714
  -0.0117704
  -0.0208137
  -0.0293447
  -0.0371532
  -0.0440469
  -0.0498556
  -0.0544367
  -0.0576773
  -0.0594986
  -0.0666909
  -0.0654452
  -0.0625872
  -0.0581889
  -0.0523579
  -0.0452376
  -0.0370031
  -0.0278575
  -0.0180258
 -0.00775055
  0.00271553
   0.0131148
    0.023191
   0.0326966
   0.0413969
    0.049078
   0.0555502
   0.0606546
   0.0642655
   0.0662948
   0.0666909
   0.0654452
   0.0625872
   0.0581889
   0.0523579
   0.0452376
   0.0370031
   0.0278575
   0.0180258
  0.00775055
 -0.00271553
  -0.0131148
   -0.023191
  -0.0326966
  -0.0413969
   -0.049078
  -0.0555502
  -0.0606546
  -0.0642655
  -0.0662948
  -0.0520664
  -0.0510938
  -0.0488626
  -0.0454287
  -0.0408764
  -0.0353175
  -0.0288887
  -0.0217487
   -0.014073
 -0.00605093
  0.00212004
   0.0102388
   0.0181055
   0.0255266
    0.032319
   0.0383157
   0.0433686
   0.0473537
   0.0501729
   0.0517571
   0.0520664
   0.0510938
   0.0488626
   0.0454287
   0.0408764
   0.0353175
   0.0288887
   0.0217487
    0.014073
  0.00605093
 -0.00212004
  -0.0102388
  -0.0181055
  -0.0255266
   -0.032319
  -0.0383157
  -0.0433686
  -0.0473537
  -0.0501729
  -0.0517571
   -0.032607
  -0.0319979
  -0.0306006
  -0.0284501
  -0.0255991
  -0.0221178
  -0.0180918
  -0.0136203
 -0.00881332
 -0.00378944
   0.0013277
  0.00641213
   0.0113387
   0.0159862
     0.02024
   0.0239954
   0.0271599
   0.0296556
   0.0314212
   0.0324132
    0.032607
   0.0319979
   0.0306006
   0.0284501
   0.0255991
   0.0221178
   0.0180918
   0.0136203
  0.00881332
  0.00378944
  -0.0013277
 -0.00641213
  -0.0113387
  -0.0159862
    -0.02024
  -0.0239954
  -0.0271599
  -0.0296556
  -0.0314212
  -0.0324132
  -0.0161797
  -0.0158774
  -0.0151841
   -0.014117
  -0.0127023
  -0.0109749
 -0.00897716
 -0.00675839
 -0.00437318
 -0.00188032
 0.000658806
   0.0031817
   0.0056263
  0.00793238
   0.0100431
   0.0119065
   0.0134768
   0.0147152
   0.0155913
   0.0160835
   0.0161797
   0.0158774
   0.0151841
    0.014117
   0.0127023
   0.0109749
  0.00897716
  0.00675839
  0.00437318
  0.00188032
-0.000658806
  -0.0031817
  -0.0056263
 -0.00793238
  -0.0100431
  -0.0119065
  -0.0134768
  -0.0147152
  -0.0155913
  -0.0160835
 -0.00476161
 -0.00467261
 -0.00446862
 -0.00415453
 -0.00373819
 -0.00322981
 -0.00264192
 -0.00198895
   -0.001287
-0.000553354
 0.000193884
 0.000936344
  0.00165579
  0.00233445
  0.00295562
  0.00350399
  0.00396611
  0.00433057
  0.00458844
  0.00473327
  0.00476161
  0.00467261
  0.00446862
  0.00415453
  0.00373819
  0.00322981
  0.00264192
  0.00198895
    0.001287
 0.000553354
-0.000193884
-0.000936344
 -0.00165579
 -0.00233445
 -0.00295562
 -0.00350399
 -0.00396611
 -0.00433057
 -0.00458844
 -0.00473327
  0.00219617
   0.0021552
  0.00206106
  0.00191626
  0.00172424
  0.00148976
  0.00121856
 0.000917387
 0.000593619
 0.000255251
-8.94239e-05
-0.000431902
-0.000763714
 -0.00107675
 -0.00136326
 -0.00161623
 -0.00182936
 -0.00199745
 -0.00211632
 -0.00218318
 -0.00219617
  -0.0021552
 -0.00206106
 -0.00191626
 -0.00172424
 -0.00148976
 -0.00121856
-0.000917387
-0.000593619
-0.000255251
 8.94239e-05
 0.000431902
 0.000763714
  0.00107675
  0.00136326
  0.00161623
  0.00182936
  0.00199745
  0.00211632
  0.00218318
