-0.0140875
-0.0140875
-0.0140875
-0.0140874
-0.0140874
-0.0140874
-0.0140874
-0.0140874
-0.0140875
-0.0140875
-0.0140875
-0.0140875
-0.0140875
-0.0140874
-0.0140874
-0.0140874
-0.0140874
-0.0140874
-0.0140875
-0.0140875
-0.0140875
-0.0140875
-0.0140875
-0.0140874
-0.0140874
-0.0140874
-0.0140874
-0.0140874
-0.0140875
-0.0140875
-0.0140875
-0.0140875
-0.0140875
-0.0140874
-0.0140874
-0.0140874
-0.0140874
-0.0140874
-0.0140875
-0.0140875
-0.0232313
-0.0232313
-0.0232312
-0.0232312
-0.0232312
-0.0232312
-0.0232312
-0.0232312
-0.0232312
-0.0232313
-0.0232313
-0.0232313
-0.0232312
-0.0232312
-0.0232312
-0.0232312
-0.0232312
-0.0232312
-0.0232312
-0.0232313
-0.0232313
-0.0232313
-0.0232312
-0.0232312
-0.0232312
-0.0232312
-0.0232312
-0.0232312
-0.0232312
-0.0232313
-0.0232313
-0.0232313
-0.0232312
-0.0232312
-0.0232312
-0.0232312
-0.0232312
-0.0232312
-0.0232312
-0.0232313
-0.0328333
-0.0328334
-0.0328331
-0.0328331
-0.0328332
-0.0328332
-0.0328332
-0.0328331
-0.0328331
-0.0328334
-0.0328333
-0.0328334
-0.0328331
-0.0328331
-0.0328332
-0.0328332
-0.0328332
-0.0328331
-0.0328331
-0.0328334
-0.0328333
-0.0328334
-0.0328331
-0.0328331
-0.0328332
-0.0328332
-0.0328332
-0.0328331
-0.0328331
-0.0328334
-0.0328333
-0.0328334
-0.0328331
-0.0328331
-0.0328332
-0.0328332
-0.0328332
-0.0328331
-0.0328331
-0.0328334
 -0.040059
-0.0400591
-0.0400587
-0.0400588
-0.0400588
-0.0400589
-0.0400588
-0.0400588
-0.0400587
-0.0400591
 -0.040059
-0.0400591
-0.0400587
-0.0400588
-0.0400588
-0.0400589
-0.0400588
-0.0400588
-0.0400587
-0.0400591
 -0.040059
-0.0400591
-0.0400587
-0.0400588
-0.0400588
-0.0400589
-0.0400588
-0.0400588
-0.0400587
-0.0400591
 -0.040059
-0.0400591
-0.0400587
-0.0400588
-0.0400588
-0.0400589
-0.0400588
-0.0400588
-0.0400587
-0.0400591
-0.0397712
-0.0397713
-0.0397708
-0.0397709
-0.0397711
-0.0397712
-0.0397711
-0.0397709
-0.0397708
-0.0397713
-0.0397712
-0.0397713
-0.0397708
-0.0397709
-0.0397711
-0.0397712
-0.0397711
-0.0397709
-0.0397708
-0.0397713
-0.0397712
-0.0397713
-0.0397708
-0.0397709
-0.0397711
-0.0397712
-0.0397711
-0.0397709
-0.0397708
-0.0397713
-0.0397712
-0.0397713
-0.0397708
-0.0397709
-0.0397711
-0.0397712
-0.0397711
-0.0397709
-0.0397708
-0.0397713
-0.0254636
-0.0254636
-0.0254632
-0.0254633
-0.0254635
-0.0254637
-0.0254635
-0.0254633
-0.0254632
-0.0254636
-0.0254636
-0.0254636
-0.0254632
-0.0254633
-0.0254635
-0.0254637
-0.0254635
-0.0254633
-0.0254632
-0.0254636
-0.0254636
-0.0254636
-0.0254632
-0.0254633
-0.0254635
-0.0254637
-0.0254635
-0.0254633
-0.0254632
-0.0254636
-0.0254636
-0.0254636
-0.0254632
-0.0254633
-0.0254635
-0.0254637
-0.0254635
-0.0254633
-0.0254632
-0.0254636
 0.0048503
 0.0048505
0.00485064
0.00485061
0.00485024
0.00485005
0.00485024
0.00485061
0.00485064
 0.0048505
 0.0048503
 0.0048505
0.00485064
0.00485061
0.00485024
0.00485005
0.00485024
0.00485061
0.00485064
 0.0048505
 0.0048503
 0.0048505
0.00485064
0.00485061
0.00485024
0.00485005
0.00485024
0.00485061
0.00485064
 0.0048505
 0.0048503
 0.0048505
0.00485064
0.00485061
0.00485024
0.00485005
0.00485024
0.00485061
0.00485064
 0.0048505
 0.0351758
 0.0351762
 0.0351757
 0.0351759
 0.0351756
 0.0351756
 0.0351756
 0.0351759
 0.0351757
 0.0351762
 0.0351758
 0.0351762
 0.0351757
 0.0351759
 0.0351756
 0.0351756
 0.0351756
 0.0351759
 0.0351757
 0.0351762
 0.0351758
 0.0351762
 0.0351757
 0.0351759
 0.0351756
 0.0351756
 0.0351756
 0.0351759
 0.0351757
 0.0351762
 0.0351758
 0.0351762
 0.0351757
 0.0351759
 0.0351756
 0.0351756
 0.0351756
 0.0351759
 0.0351757
 0.0351762
 0.0254551
 0.0254553
 0.0254545
 0.0254547
 0.0254548
  0.025455
 0.0254548
 0.0254547
 0.0254545
 0.0254553
 0.0254551
 0.0254553
 0.0254545
 0.0254547
 0.0254548
  0.025455
 0.0254548
 0.0254547
 0.0254545
 0.0254553
 0.0254551
 0.0254553
 0.0254545
 0.0254547
 0.0254548
  0.025455
 0.0254548
 0.0254547
 0.0254545
 0.0254553
 0.0254551
 0.0254553
 0.0254545
 0.0254547
 0.0254548
  0.025455
 0.0254548
 0.0254547
 0.0254545
 0.0254553
-0.0365458
-0.0365465
-0.0365466
-0.0365467
-0.0365461
-0.0365459
-0.0365461
-0.0365467
-0.0365466
-0.0365465
-0.0365458
-0.0365465
-0.0365466
-0.0365467
-0.0365461
-0.0365459
-0.0365461
-0.0365467
-0.0365466
-0.0365465
-0.0365458
-0.0365465
-0.0365466
-0.0365467
-0.0365461
-0.0365459
-0.0365461
-0.0365467
-0.0365466
-0.0365465
-0.0365458
-0.0365465
-0.0365466
-0.0365467
-0.0365461
-0.0365459
-0.0365461
-0.0365467
-0.0365466
-0.0365465
-0.0529112
-0.0529121
-0.0529116
-0.0529119
-0.0529115
-0.0529115
-0.0529115
-0.0529119
-0.0529116
-0.0529121
-0.0529112
-0.0529121
-0.0529116
-0.0529119
-0.0529115
-0.0529115
-0.0529115
-0.0529119
-0.0529116
-0.0529121
-0.0529112
-0.0529121
-0.0529116
-0.0529119
-0.0529115
-0.0529115
-0.0529115
-0.0529119
-0.0529116
-0.0529121
-0.0529112
-0.0529121
-0.0529116
-0.0529119
-0.0529115
-0.0529115
-0.0529115
-0.0529119
-0.0529116
-0.0529121
 0.0283706
 0.0283713
 0.0283706
 0.0283708
 0.0283706
 0.0283706
 0.0283706
 0.0283708
 0.0283706
 0.0283713
 0.0283706
 0.0283713
 0.0283706
 0.0283708
 0.0283706
 0.0283706
 0.0283706
 0.0283708
 0.0283706
 0.0283713
 0.0283706
 0.0283713
 0.0283706
 0.0283708
 0.0283706
 0.0283706
 0.0283706
 0.0283708
 0.0283706
 0.0283713
 0.0283706
 0.0283713
 0.0283706
 0.0283708
 0.0283706
 0.0283706
 0.0283706
 0.0283708
 0.0283706
 0.0283713
 0.0283706
 0.0283713
 0.0283706
 0.0283708
 0.0283706
 0.0283706
 0.0283706
 0.0283708
 0.0283706
 0.0283713
 0.0283706
 0.0283713
 0.0283706
 0.0283708
 0.0283706
 0.0283706
 0.0283706
 0.0283708
 0.0283706
 0.0283713
 0.0283706
 0.0283713
 0.0283706
 0.0283708
 0.0283706
 0.0283706
 0.0283706
 0.0283708
 0.0283706
 0.0283713
 0.0283706
 0.0283713
 0.0283706
 0.0283708
 0.0283706
 0.0283706
 0.0283706
 0.0283708
 0.0283706
 0.0283713
-0.0529112
-0.0529121
-0.0529116
-0.0529119
-0.0529115
-0.0529115
-0.0529115
-0.0529119
-0.0529116
-0.0529121
-0.0529112
-0.0529121
-0.0529116
-0.0529119
-0.0529115
-0.0529115
-0.0529115
-0.0529119
-0.0529116
-0.0529121
-0.0529112
-0.0529121
-0.0529116
-0.0529119
-0.0529115
-0.0529115
-0.0529115
-0.0529119
-0.0529116
-0.0529121
-0.0529112
-0.0529121
-0.0529116
-0.0529119
-0.0529115
-0.0529115
-0.0529115
-0.0529119
-0.0529116
-0.0529121
-0.0365458
-0.0365465
-0.0365466
-0.0365467
-0.0365461
-0.0365459
-0.0365461
-0.0365467
-0.0365466
-0.0365465
-0.0365458
-0.0365465
-0.0365466
-0.0365467
-0.0365461
-0.0365459
-0.0365461
-0.0365467
-0.0365466
-0.0365465
-0.0365458
-0.0365465
-0.0365466
-0.0365467
-0.0365461
-0.0365459
-0.0365461
-0.0365467
-0.0365466
-0.0365465
-0.0365458
-0.0365465
-0.0365466
-0.0365467
-0.0365461
-0.0365459
-0.0365461
-0.0365467
-0.0365466
-0.0365465
 0.0254551
 0.0254553
 0.0254545
 0.0254547
 0.0254548
  0.025455
 0.0254548
 0.0254547
 0.0254545
 0.0254553
 0.0254551
 0.0254553
 0.0254545
 0.0254547
 0.0254548
  0.025455
 0.0254548
 0.0254547
 0.0254545
 0.0254553
 0.0254551
 0.0254553
 0.0254545
 0.0254547
 0.0254548
  0.025455
 0.0254548
 0.0254547
 0.0254545
 0.0254553
 0.0254551
 0.0254553
 0.0254545
 0.0254547
 0.0254548
  0.025455
 0.0254548
 0.0254547
 0.0254545
 0.0254553
 0.0351758
 0.0351762
 0.0351757
 0.0351759
 0.0351756
 0.0351756
 0.0351756
 0.0351759
 0.0351757
 0.0351762
 0.0351758
 0.0351762
 0.0351757
 0.0351759
 0.0351756
 0.0351756
 0.0351756
 0.0351759
 0.0351757
 0.0351762
 0.0351758
 0.0351762
 0.0351757
 0.0351759
 0.0351756
 0.0351756
 0.0351756
 0.0351759
 0.0351757
 0.0351762
 0.0351758
 0.0351762
 0.0351757
 0.0351759
 0.0351756
 0.0351756
 0.0351756
 0.0351759
 0.0351757
 0.0351762
 0.0048503
 0.0048505
0.00485064
0.00485061
0.00485024
0.00485005
0.00485024
0.00485061
0.00485064
 0.0048505
 0.0048503
 0.0048505
0.00485064
0.00485061
0.00485024
0.00485005
0.00485024
0.00485061
0.00485064
 0.0048505
 0.0048503
 0.0048505
0.00485064
0.00485061
0.00485024
0.00485005
0.00485024
0.00485061
0.00485064
 0.0048505
 0.0048503
 0.0048505
0.00485064
0.00485061
0.00485024
0.00485005
0.00485024
0.00485061
0.00485064
 0.0048505
-0.0254636
-0.0254636
-0.0254632
-0.0254633
-0.0254635
-0.0254637
-0.0254635
-0.0254633
-0.0254632
-0.0254636
-0.0254636
-0.0254636
-0.0254632
-0.0254633
-0.0254635
-0.0254637
-0.0254635
-0.0254633
-0.0254632
-0.0254636
-0.0254636
-0.0254636
-0.0254632
-0.0254633
-0.0254635
-0.0254637
-0.0254635
-0.0254633
-0.0254632
-0.0254636
-0.0254636
-0.0254636
-0.0254632
-0.0254633
-0.0254635
-0.0254637
-0.0254635
-0.0254633
-0.0254632
-0.0254636
-0.0397712
-0.0397713
-0.0397708
-0.0397709
-0.0397711
-0.0397712
-0.0397711
-0.0397709
-0.0397708
-0.0397713
-0.0397712
-0.0397713
-0.0397708
-0.0397709
-0.0397711
-0.0397712
-0.0397711
-0.0397709
-0.0397708
-0.0397713
-0.0397712
-0.0397713
-0.0397708
-0.0397709
-0.0397711
-0.0397712
-0.0397711
-0.0397709
-0.0397708
-0.0397713
-0.0397712
-0.0397713
-0.0397708
-0.0397709
-0.0397711
-0.0397712
-0.0397711
-0.0397709
-0.0397708
-0.0397713
 -0.040059
-0.0400591
-0.0400587
-0.0400588
-0.0400588
-0.0400589
-0.0400588
-0.0400588
-0.0400587
-0.0400591
 -0.040059
-0.0400591
-0.0400587
-0.0400588
-0.0400588
-0.0400589
-0.0400588
-0.0400588
-0.0400587
-0.0400591
 -0.040059
-0.0400591
-0.0400587
-0.0400588
-0.0400588
-0.0400589
-0.0400588
-0.0400588
-0.0400587
-0.0400591
 -0.040059
-0.0400591
-0.0400587
-0.0400588
-0.0400588
-0.0400589
-0.0400588
-0.0400588
-0.0400587
-0.0400591
-0.0328333
-0.0328334
-0.0328331
-0.0328331
-0.0328332
-0.0328332
-0.0328332
-0.0328331
-0.0328331
-0.0328334
-0.0328333
-0.0328334
-0.0328331
-0.0328331
-0.0328332
-0.0328332
-0.0328332
-0.0328331
-0.0328331
-0.0328334
-0.0328333
-0.0328334
-0.0328331
-0.0328331
-0.0328332
-0.0328332
-0.0328332
-0.0328331
-0.0328331
-0.0328334
-0.0328333
-0.0328334
-0.0328331
-0.0328331
-0.0328332
-0.0328332
-0.0328332
-0.0328331
-0.0328331
-0.0328334
-0.0232313
-0.0232313
-0.0232312
-0.0232312
-0.0232312
-0.0232312
-0.0232312
-0.0232312
-0.0232312
-0.0232313
-0.0232313
-0.0232313
-0.0232312
-0.0232312
-0.0232312
-0.0232312
-0.0232312
-0.0232312
-0.0232312
-0.0232313
-0.0232313
-0.0232313
-0.0232312
-0.0232312
-0.0232312
-0.0232312
-0.0232312
-0.0232312
-0.0232312
-0.0232313
-0.0232313
-0.0232313
-0.0232312
-0.0232312
-0.0232312
-0.0232312
-0.0232312
-0.0232312
-0.0232312
-0.0232313
-0.0140875
-0.0140875
-0.0140875
-0.0140874
-0.0140874
-0.0140874
-0.0140874
-0.0140874
-0.0140875
-0.0140875
-0.0140875
-0.0140875
-0.0140875
-0.0140874
-0.0140874
-0.0140874
-0.0140874
-0.0140874
-0.0140875
-0.0140875
-0.0140875
-0.0140875
-0.0140875
-0.0140874
-0.0140874
-0.0140874
-0.0140874
-0.0140874
-0.0140875
-0.0140875
-0.0140875
-0.0140875
-0.0140875
-0.0140874
-0.0140874
-0.0140874
-0.0140874
-0.0140874
-0.0140875
-0.0140875
