  0.00177996
 0.000220754
 -0.00157952
 -0.00165492
 7.68704e-05
  0.00172472
  0.00148912
-0.000372637
 -0.00182749
  -0.0012867
 0.000659181
  0.00188523
  0.00105259
-0.000929483
 -0.00189652
-0.000792503
  0.00117695
  0.00186114
 0.000512922
 -0.00139543
 -0.00177996
-0.000220754
  0.00157952
  0.00165492
-7.68704e-05
 -0.00172472
 -0.00148912
 0.000372637
  0.00182749
   0.0012867
-0.000659181
 -0.00188523
 -0.00105259
 0.000929483
  0.00189652
 0.000792503
 -0.00117695
 -0.00186114
-0.000512922
  0.00139543
  0.00353959
 0.000438929
 -0.00314113
 -0.00329107
 0.000152811
  0.00342977
  0.00296126
-0.000741063
 -0.00363422
 -0.00255879
  0.00131084
  0.00374899
  0.00209318
  -0.0018484
 -0.00377146
 -0.00157597
  0.00234055
  0.00370115
  0.00102007
 -0.00277492
 -0.00353959
-0.000438929
  0.00314113
  0.00329107
-0.000152811
 -0.00342977
 -0.00296126
 0.000741063
  0.00363422
  0.00255879
 -0.00131084
 -0.00374899
 -0.00209318
   0.0018484
  0.00377146
  0.00157597
 -0.00234055
 -0.00370115
 -0.00102007
  0.00277492
  0.00675348
 0.000837426
 -0.00599329
 -0.00627936
 0.000291529
  0.00654394
  0.00565005
 -0.00141395
 -0.00693407
 -0.00488215
  0.00250105
  0.00715301
  0.00399375
 -0.00352675
 -0.00719593
 -0.00300692
  0.00446579
  0.00706181
  0.00194634
 -0.00529447
 -0.00675348
-0.000837426
  0.00599329
  0.00627936
-0.000291529
 -0.00654394
 -0.00565005
  0.00141395
  0.00693407
  0.00488215
 -0.00250105
 -0.00715301
 -0.00399375
  0.00352675
  0.00719593
  0.00300692
 -0.00446579
 -0.00706181
 -0.00194634
  0.00529447
   0.0119815
  0.00148567
  -0.0106328
  -0.0111403
 0.000517204
   0.0116097
   0.0100239
 -0.00250849
  -0.0123019
 -0.00866149
  0.00443716
   0.0126902
  0.00708535
  -0.0062569
  -0.0127665
 -0.00533463
  0.00792288
   0.0125285
  0.00345307
 -0.00939297
  -0.0119815
 -0.00148567
   0.0106328
   0.0111403
-0.000517204
  -0.0116097
  -0.0100239
  0.00250849
   0.0123019
  0.00866149
 -0.00443716
  -0.0126902
 -0.00708535
   0.0062569
   0.0127665
  0.00533463
 -0.00792288
  -0.0125285
 -0.00345307
  0.00939297
   0.0186415
  0.00231149
  -0.0165431
  -0.0173325
 0.000804716
   0.0180629
   0.0155958
 -0.00390275
  -0.0191399
  -0.0134759
  0.00690359
    0.019744
   0.0110238
 -0.00973478
  -0.0198629
 -0.00829985
   0.0123269
   0.0194923
  0.00537249
   -0.014614
  -0.0186415
 -0.00231149
   0.0165431
   0.0173325
-0.000804716
  -0.0180629
  -0.0155958
  0.00390275
   0.0191399
   0.0134759
 -0.00690359
   -0.019744
  -0.0110238
  0.00973478
   0.0198629
  0.00829985
  -0.0123269
  -0.0194923
 -0.00537249
    0.014614
   0.0221312
  0.00274412
  -0.0196401
  -0.0205766
 0.000955361
   0.0214437
   0.0185155
 -0.00463316
  -0.0227229
  -0.0159981
  0.00819596
   0.0234394
   0.0130874
  -0.0115569
  -0.0235814
 -0.00985334
   0.0146346
   0.0231407
  0.00637826
  -0.0173492
  -0.0221312
 -0.00274412
   0.0196401
   0.0205766
-0.000955361
  -0.0214437
  -0.0185155
  0.00463316
   0.0227229
   0.0159981
 -0.00819596
  -0.0234394
  -0.0130874
   0.0115569
   0.0235814
  0.00985334
  -0.0146346
  -0.0231407
 -0.00637826
   0.0173492
  0.00997151
  0.00123595
  -0.0088494
  -0.0092691
 0.000430299
  0.00965953
   0.0083426
 -0.00208708
  -0.0102383
 -0.00720663
   0.0036928
   0.0105585
  0.00589671
 -0.00520603
  -0.0106253
 -0.00443853
  0.00659418
   0.0104242
  0.00287403
 -0.00781501
 -0.00997151
 -0.00123595
   0.0088494
   0.0092691
-0.000430299
 -0.00965953
  -0.0083426
  0.00208708
   0.0102383
  0.00720663
  -0.0036928
  -0.0105585
 -0.00589671
  0.00520603
   0.0106253
  0.00443853
 -0.00659418
  -0.0104242
 -0.00287403
  0.00781501
  -0.0333988
  -0.0041428
    0.029638
   0.0310581
 -0.00144243
  -0.0323681
  -0.0279419
  0.00699311
   0.0342907
   0.0241476
  -0.0123688
  -0.0353802
  -0.0197503
    0.017444
   0.0355862
   0.0148731
  -0.0220843
  -0.0349284
 -0.00962472
    0.026188
   0.0333988
   0.0041428
   -0.029638
  -0.0310581
  0.00144243
   0.0323681
   0.0279419
 -0.00699311
  -0.0342907
  -0.0241476
   0.0123688
   0.0353802
   0.0197503
   -0.017444
  -0.0355862
  -0.0148731
   0.0220843
   0.0349284
  0.00962472
   -0.026188
   -0.091926
  -0.0114008
   0.0815756
   0.0854744
 -0.00396965
  -0.0890794
  -0.0769071
   0.0192455
   0.0943812
   0.0664562
  -0.0340434
  -0.0973687
  -0.0543602
   0.0480075
   0.0979479
   0.0409317
  -0.0607853
   -0.096126
  -0.0264914
   0.0720709
    0.091926
   0.0114008
  -0.0815756
  -0.0854744
  0.00396965
   0.0890794
   0.0769071
  -0.0192455
  -0.0943812
  -0.0664562
   0.0340434
   0.0973687
   0.0543602
  -0.0480075
  -0.0979479
  -0.0409317
   0.0607853
    0.096126
   0.0264914
  -0.0720709
  -0.0795922
 -0.00986965
   0.0706305
   0.0739948
 -0.00343703
  -0.0771158
  -0.0665888
   0.0166606
    0.081718
   0.0575309
  -0.0294758
  -0.0842918
  -0.0470667
   0.0415601
   0.0848067
   0.0354345
    -0.05263
  -0.0832159
   -0.022937
   0.0623916
   0.0795922
  0.00986965
  -0.0706305
  -0.0739948
  0.00343703
   0.0771158
   0.0665888
  -0.0166606
   -0.081718
  -0.0575309
   0.0294758
   0.0842918
   0.0470667
  -0.0415601
  -0.0848067
  -0.0354345
     0.05263
   0.0832159
    0.022937
  -0.0623916
   0.0374053
  0.00464194
   -0.033194
   -0.034804
  0.00161507
   0.0362716
   0.0312938
 -0.00783673
  -0.0384043
  -0.0270601
   0.0138525
    0.039647
   0.0221192
  -0.0195477
  -0.0398555
  -0.0166667
    0.024734
    0.039141
     0.01078
  -0.0293459
  -0.0374053
 -0.00464194
    0.033194
    0.034804
 -0.00161507
  -0.0362716
  -0.0312938
  0.00783673
   0.0384043
   0.0270601
  -0.0138525
   -0.039647
  -0.0221192
   0.0195477
   0.0398555
   0.0166667
   -0.024734
   -0.039141
    -0.01078
   0.0293459
   0.0595037
  0.00738138
  -0.0528041
  -0.0553417
  0.00256937
   0.0576757
    0.049782
  -0.0124609
  -0.0610929
  -0.0430282
   0.0220363
   0.0630428
   0.0351871
  -0.0310831
  -0.0634019
  -0.0265018
   0.0393466
   0.0622382
   0.0171483
  -0.0466632
  -0.0595037
 -0.00738138
   0.0528041
   0.0553417
 -0.00256937
  -0.0576757
   -0.049782
   0.0124609
   0.0610929
   0.0430282
  -0.0220363
  -0.0630428
  -0.0351871
   0.0310831
   0.0634019
   0.0265018
  -0.0393466
  -0.0622382
  -0.0171483
   0.0466632
  -0.0595037
 -0.00738138
   0.0528041
   0.0553417
 -0.00256937
  -0.0576757
   -0.049782
   0.0124609
   0.0610929
   0.0430282
  -0.0220363
  -0.0630428
  -0.0351871
   0.0310831
   0.0634019
   0.0265018
  -0.0393466
  -0.0622382
  -0.0171483
   0.0466632
   0.0595037
  0.00738138
  -0.0528041
  -0.0553417
  0.00256937
   0.0576757
    0.049782
  -0.0124609
  -0.0610929
  -0.0430282
   0.0220363
   0.0630428
   0.0351871
  -0.0310831
  -0.0634019
  -0.0265018
   0.0393466
   0.0622382
   0.0171483
  -0.0466632
  -0.0374053
 -0.00464194
    0.033194
    0.034804
 -0.00161507
  -0.0362716
  -0.0312938
  0.00783673
   0.0384043
   0.0270601
  -0.0138525
   -0.039647
  -0.0221192
   0.0195477
   0.0398555
   0.0166667
   -0.024734
   -0.039141
    -0.01078
   0.0293459
   0.0374053
  0.00464194
   -0.033194
   -0.034804
  0.00161507
   0.0362716
   0.0312938
 -0.00783673
  -0.0384043
  -0.0270601
   0.0138525
    0.039647
   0.0221192
  -0.0195477
  -0.0398555
  -0.0166667
    0.024734
    0.039141
     0.01078
  -0.0293459
   0.0795922
  0.00986965
  -0.0706305
  -0.0739948
  0.00343703
   0.0771158
   0.0665888
  -0.0166606
   -0.081718
  -0.0575309
   0.0294758
   0.0842918
   0.0470667
  -0.0415601
  -0.0848067
  -0.0354345
     0.05263
   0.0832159
    0.022937
  -0.0623916
  -0.0795922
 -0.00986965
   0.0706305
   0.0739948
 -0.00343703
  -0.0771158
  -0.0665888
   0.0166606
    0.081718
   0.0575309
  -0.0294758
  -0.0842918
  -0.0470667
   0.0415601
   0.0848067
   0.0354345
    -0.05263
  -0.0832159
   -0.022937
   0.0623916
    0.091926
   0.0114008
  -0.0815756
  -0.0854744
  0.00396965
   0.0890794
   0.0769071
  -0.0192455
  -0.0943812
  -0.0664562
   0.0340434
   0.0973687
   0.0543602
  -0.0480075
  -0.0979479
  -0.0409317
   0.0607853
    0.096126
   0.0264914
  -0.0720709
   -0.091926
  -0.0114008
   0.0815756
   0.0854744
 -0.00396965
  -0.0890794
  -0.0769071
   0.0192455
   0.0943812
   0.0664562
  -0.0340434
  -0.0973687
  -0.0543602
   0.0480075
   0.0979479
   0.0409317
  -0.0607853
   -0.096126
  -0.0264914
   0.0720709
   0.0333988
   0.0041428
   -0.029638
  -0.0310581
  0.00144243
   0.0323681
   0.0279419
 -0.00699311
  -0.0342907
  -0.0241476
   0.0123688
   0.0353802
   0.0197503
   -0.017444
  -0.0355862
  -0.0148731
   0.0220843
   0.0349284
  0.00962472
   -0.026188
  -0.0333988
  -0.0041428
    0.029638
   0.0310581
 -0.00144243
  -0.0323681
  -0.0279419
  0.00699311
   0.0342907
   0.0241476
  -0.0123688
  -0.0353802
  -0.0197503
    0.017444
   0.0355862
   0.0148731
  -0.0220843
  -0.0349284
 -0.00962472
    0.026188
 -0.00997151
 -0.00123595
   0.0088494
   0.0092691
-0.000430299
 -0.00965953
  -0.0083426
  0.00208708
   0.0102383
  0.00720663
  -0.0036928
  -0.0105585
 -0.00589671
  0.00520603
   0.0106253
  0.00443853
 -0.00659418
  -0.0104242
 -0.00287403
  0.00781501
  0.00997151
  0.00123595
  -0.0088494
  -0.0092691
 0.000430299
  0.00965953
   0.0083426
 -0.00208708
  -0.0102383
 -0.00720663
   0.0036928
   0.0105585
  0.00589671
 -0.00520603
  -0.0106253
 -0.00443853
  0.00659418
   0.0104242
  0.00287403
 -0.00781501
  -0.0221312
 -0.00274412
   0.0196401
   0.0205766
-0.000955361
  -0.0214437
  -0.0185155
  0.00463316
   0.0227229
   0.0159981
 -0.00819596
  -0.0234394
  -0.0130874
   0.0115569
   0.0235814
  0.00985334
  -0.0146346
  -0.0231407
 -0.00637826
   0.0173492
   0.0221312
  0.00274412
  -0.0196401
  -0.0205766
 0.000955361
   0.0214437
   0.0185155
 -0.00463316
  -0.0227229
  -0.0159981
  0.00819596
   0.0234394
   0.0130874
  -0.0115569
  -0.0235814
 -0.00985334
   0.0146346
   0.0231407
  0.00637826
  -0.0173492
  -0.0186415
 -0.00231149
   0.0165431
   0.0173325
-0.000804716
  -0.0180629
  -0.0155958
  0.00390275
   0.0191399
   0.0134759
 -0.00690359
   -0.019744
  -0.0110238
  0.00973478
   0.0198629
  0.00829985
  -0.0123269
  -0.0194923
 -0.00537249
    0.014614
   0.0186415
  0.00231149
  -0.0165431
  -0.0173325
 0.000804716
   0.0180629
   0.0155958
 -0.00390275
  -0.0191399
  -0.0134759
  0.00690359
    0.019744
   0.0110238
 -0.00973478
  -0.0198629
 -0.00829985
   0.0123269
   0.0194923
  0.00537249
   -0.014614
  -0.0119815
 -0.00148567
   0.0106328
   0.0111403
-0.000517204
  -0.0116097
  -0.0100239
  0.00250849
   0.0123019
  0.00866149
 -0.00443716
  -0.0126902
 -0.00708535
   0.0062569
   0.0127665
  0.00533463
 -0.00792288
  -0.0125285
 -0.00345307
  0.00939297
   0.0119815
  0.00148567
  -0.0106328
  -0.0111403
 0.000517204
   0.0116097
   0.0100239
 -0.00250849
  -0.0123019
 -0.00866149
  0.00443716
   0.0126902
  0.00708535
  -0.0062569
  -0.0127665
 -0.00533463
  0.00792288
   0.0125285
  0.00345307
 -0.00939297
 -0.00675348
-0.000837426
  0.00599329
  0.00627936
-0.000291529
 -0.00654394
 -0.00565005
  0.00141395
  0.00693407
  0.00488215
 -0.00250105
 -0.00715301
 -0.00399375
  0.00352675
  0.00719593
  0.00300692
 -0.00446579
 -0.00706181
 -0.00194634
  0.00529447
  0.00675348
 0.000837426
 -0.00599329
 -0.00627936
 0.000291529
  0.00654394
  0.00565005
 -0.00141395
 -0.00693407
 -0.00488215
  0.00250105
  0.00715301
  0.00399375
 -0.00352675
 -0.00719593
 -0.00300692
  0.00446579
  0.00706181
  0.00194634
 -0.00529447
 -0.00353959
-0.000438929
  0.00314113
  0.00329107
-0.000152811
 -0.00342977
 -0.00296126
 0.000741063
  0.00363422
  0.00255879
 -0.00131084
 -0.00374899
 -0.00209318
   0.0018484
  0.00377146
  0.00157597
 -0.00234055
 -0.00370115
 -0.00102007
  0.00277492
  0.00353959
 0.000438929
 -0.00314113
 -0.00329107
 0.000152811
  0.00342977
  0.00296126
-0.000741063
 -0.00363422
 -0.00255879
  0.00131084
  0.00374899
  0.00209318
  -0.0018484
 -0.00377146
 -0.00157597
  0.00234055
  0.00370115
  0.00102007
 -0.00277492
 -0.00177996
-0.000220754
  0.00157952
  0.00165492
-7.68704e-05
 -0.00172472
 -0.00148912
 0.000372637
  0.00182749
   0.0012867
-0.000659181
 -0.00188523
 -0.00105259
 0.000929483
  0.00189652
 0.000792503
 -0.00117695
 -0.00186114
-0.000512922
  0.00139543
  0.00177996
 0.000220754
 -0.00157952
 -0.00165492
 7.68704e-05
  0.00172472
  0.00148912
-0.000372637
 -0.00182749
  -0.0012867
 0.000659181
  0.00188523
  0.00105259
-0.000929483
 -0.00189652
-0.000792503
  0.00117695
  0.00186114
 0.000512922
 -0.00139543
