-3.14159	1.28701e-19
-3.13531	-3.90197e-06
-3.12903	-7.80452e-06
-3.12274	-1.17082e-05
-3.11646	-1.56136e-05
-3.11018	-1.95214e-05
-3.10389	-2.34319e-05
-3.09761	-2.73459e-05
-3.09133	-3.12639e-05
-3.08504	-3.51864e-05
-3.07876	-3.9114e-05
-3.07248	-4.30472e-05
-3.06619	-4.69865e-05
-3.05991	-5.09325e-05
-3.05363	-5.48857e-05
-3.04734	-5.88465e-05
-3.04106	-6.28155e-05
-3.03478	-6.67932e-05
-3.0285	-7.07799e-05
-3.02221	-7.47761e-05
-3.01593	-7.87824e-05
-3.00965	-8.2799e-05
-3.00336	-8.68265e-05
-2.99708	-9.08651e-05
-2.9908	-9.49152e-05
-2.98451	-9.89773e-05
-2.97823	-0.000103052
-2.97195	-0.000107138
-2.96566	-0.000111238
-2.95938	-0.000115351
-2.9531	-0.000119477
-2.94681	-0.000123617
-2.94053	-0.00012777
-2.93425	-0.000131938
-2.92796	-0.000136119
-2.92168	-0.000140315
-2.9154	-0.000144525
-2.90911	-0.00014875
-2.90283	-0.000152989
-2.89655	-0.000157243
-2.89027	-0.000161511
-2.88398	-0.000165794
-2.8777	-0.000170092
-2.87142	-0.000174404
-2.86513	-0.00017873
-2.85885	-0.000183071
-2.85257	-0.000187426
-2.84628	-0.000191795
-2.84	-0.000196177
-2.83372	-0.000200573
-2.82743	-0.000204983
-2.82115	-0.000209405
-2.81487	-0.00021384
-2.80858	-0.000218288
-2.8023	-0.000222748
-2.79602	-0.000227219
-2.78973	-0.000231702
-2.78345	-0.000236195
-2.77717	-0.000240699
-2.77088	-0.000245213
-2.7646	-0.000249736
-2.75832	-0.000254268
-2.75204	-0.000258809
-2.74575	-0.000263357
-2.73947	-0.000267913
-2.73319	-0.000272475
-2.7269	-0.000277044
-2.72062	-0.000281617
-2.71434	-0.000286196
-2.70805	-0.000290778
-2.70177	-0.000295363
-2.69549	-0.000299952
-2.6892	-0.000304542
-2.68292	-0.000309133
-2.67664	-0.000313724
-2.67035	-0.000318315
-2.66407	-0.000322905
-2.65779	-0.000327492
-2.6515	-0.000332077
-2.64522	-0.000336658
-2.63894	-0.000341235
-2.63265	-0.000345806
-2.62637	-0.000350372
-2.62009	-0.00035493
-2.61381	-0.00035948
-2.60752	-0.000364021
-2.60124	-0.000368553
-2.59496	-0.000373075
-2.58867	-0.000377585
-2.58239	-0.000382083
-2.57611	-0.000386568
-2.56982	-0.000391039
-2.56354	-0.000395495
-2.55726	-0.000399935
-2.55097	-0.000404359
-2.54469	-0.000408766
-2.53841	-0.000413154
-2.53212	-0.000417524
-2.52584	-0.000421874
-2.51956	-0.000426203
-2.51327	-0.000430511
-2.50699	-0.000434796
-2.50071	-0.000439059
-2.49442	-0.000443298
-2.48814	-0.000447512
-2.48186	-0.000451701
-2.47558	-0.000455864
-2.46929	-0.000460001
-2.46301	-0.00046411
-2.45673	-0.000468191
-2.45044	-0.000472244
-2.44416	-0.000476267
-2.43788	-0.00048026
-2.43159	-0.000484223
-2.42531	-0.000488154
-2.41903	-0.000492054
-2.41274	-0.000495922
-2.40646	-0.000499756
-2.40018	-0.000503558
-2.39389	-0.000507326
-2.38761	-0.000511059
-2.38133	-0.000514758
-2.37504	-0.000518422
-2.36876	-0.00052205
-2.36248	-0.000525642
-2.35619	-0.000529198
-2.34991	-0.000532718
-2.34363	-0.0005362
-2.33734	-0.000539646
-2.33106	-0.000543053
-2.32478	-0.000546423
-2.3185	-0.000549755
-2.31221	-0.000553049
-2.30593	-0.000556305
-2.29965	-0.000559522
-2.29336	-0.0005627
-2.28708	-0.000565839
-2.2808	-0.000568939
-2.27451	-0.000572
-2.26823	-0.000575022
-2.26195	-0.000578005
-2.25566	-0.000580948
-2.24938	-0.000583852
-2.2431	-0.000586717
-2.23681	-0.000589543
-2.23053	-0.000592329
-2.22425	-0.000595076
-2.21796	-0.000597784
-2.21168	-0.000600453
-2.2054	-0.000603082
-2.19911	-0.000605673
-2.19283	-0.000608225
-2.18655	-0.000610738
-2.18027	-0.000613213
-2.17398	-0.00061565
-2.1677	-0.000618048
-2.16142	-0.000620408
-2.15513	-0.00062273
-2.14885	-0.000625015
-2.14257	-0.000627262
-2.13628	-0.000629473
-2.13	-0.000631646
-2.12372	-0.000633782
-2.11743	-0.000635882
-2.11115	-0.000637946
-2.10487	-0.000639974
-2.09858	-0.000641966
-2.0923	-0.000643923
-2.08602	-0.000645845
-2.07973	-0.000647732
-2.07345	-0.000649584
-2.06717	-0.000651402
-2.06088	-0.000653187
-2.0546	-0.000654937
-2.04832	-0.000656655
-2.04204	-0.000658339
-2.03575	-0.000659991
-2.02947	-0.000661611
-2.02319	-0.000663198
-2.0169	-0.000664754
-2.01062	-0.000666279
-2.00434	-0.000667773
-1.99805	-0.000669236
-1.99177	-0.000670668
-1.98549	-0.000672071
-1.9792	-0.000673444
-1.97292	-0.000674788
-1.96664	-0.000676103
-1.96035	-0.000677389
-1.95407	-0.000678647
-1.94779	-0.000679877
-1.9415	-0.00068108
-1.93522	-0.000682255
-1.92894	-0.000683403
-1.92265	-0.000684524
-1.91637	-0.000685619
-1.91009	-0.000686688
-1.90381	-0.000687732
-1.89752	-0.00068875
-1.89124	-0.000689743
-1.88496	-0.000690711
-1.87867	-0.000691655
-1.87239	-0.000692574
-1.86611	-0.00069347
-1.85982	-0.000694342
-1.85354	-0.000695191
-1.84726	-0.000696017
-1.84097	-0.00069682
-1.83469	-0.000697601
-1.82841	-0.000698359
-1.82212	-0.000699096
-1.81584	-0.000699811
-1.80956	-0.000700504
-1.80327	-0.000701177
-1.79699	-0.000701828
-1.79071	-0.000702459
-1.78442	-0.000703069
-1.77814	-0.000703659
-1.77186	-0.000704229
-1.76558	-0.000704779
-1.75929	-0.00070531
-1.75301	-0.000705821
-1.74673	-0.000706313
-1.74044	-0.000706786
-1.73416	-0.000707241
-1.72788	-0.000707676
-1.72159	-0.000708093
-1.71531	-0.000708492
-1.70903	-0.000708873
-1.70274	-0.000709236
-1.69646	-0.000709581
-1.69018	-0.000709908
-1.68389	-0.000710217
-1.67761	-0.000710509
-1.67133	-0.000710784
-1.66504	-0.000711042
-1.65876	-0.000711282
-1.65248	-0.000711506
-1.64619	-0.000711712
-1.63991	-0.000711902
-1.63363	-0.000712075
-1.62734	-0.000712231
-1.62106	-0.000712371
-1.61478	-0.000712494
-1.6085	-0.0007126
-1.60221	-0.00071269
-1.59593	-0.000712764
-1.58965	-0.000712821
-1.58336	-0.000712862
-1.57708	-0.000712887
-1.5708	-0.000712895
-1.56451	-0.000712887
-1.55823	-0.000712862
-1.55195	-0.000712821
-1.54566	-0.000712764
-1.53938	-0.00071269
-1.5331	-0.0007126
-1.52681	-0.000712494
-1.52053	-0.000712371
-1.51425	-0.000712231
-1.50796	-0.000712075
-1.50168	-0.000711902
-1.4954	-0.000711712
-1.48911	-0.000711506
-1.48283	-0.000711282
-1.47655	-0.000711042
-1.47027	-0.000710784
-1.46398	-0.000710509
-1.4577	-0.000710217
-1.45142	-0.000709908
-1.44513	-0.000709581
-1.43885	-0.000709236
-1.43257	-0.000708873
-1.42628	-0.000708492
-1.42	-0.000708093
-1.41372	-0.000707676
-1.40743	-0.000707241
-1.40115	-0.000706786
-1.39487	-0.000706313
-1.38858	-0.000705821
-1.3823	-0.00070531
-1.37602	-0.000704779
-1.36973	-0.000704229
-1.36345	-0.000703659
-1.35717	-0.000703069
-1.35088	-0.000702459
-1.3446	-0.000701828
-1.33832	-0.000701177
-1.33204	-0.000700504
-1.32575	-0.000699811
-1.31947	-0.000699096
-1.31319	-0.000698359
-1.3069	-0.000697601
-1.30062	-0.00069682
-1.29434	-0.000696017
-1.28805	-0.000695191
-1.28177	-0.000694342
-1.27549	-0.00069347
-1.2692	-0.000692574
-1.26292	-0.000691655
-1.25664	-0.000690711
-1.25035	-0.000689743
-1.24407	-0.00068875
-1.23779	-0.000687732
-1.2315	-0.000686688
-1.22522	-0.000685619
-1.21894	-0.000684524
-1.21265	-0.000683403
-1.20637	-0.000682255
-1.20009	-0.00068108
-1.19381	-0.000679877
-1.18752	-0.000678647
-1.18124	-0.000677389
-1.17496	-0.000676103
-1.16867	-0.000674788
-1.16239	-0.000673444
-1.15611	-0.000672071
-1.14982	-0.000670668
-1.14354	-0.000669236
-1.13726	-0.000667773
-1.13097	-0.000666279
-1.12469	-0.000664754
-1.11841	-0.000663198
-1.11212	-0.000661611
-1.10584	-0.000659991
-1.09956	-0.000658339
-1.09327	-0.000656655
-1.08699	-0.000654937
-1.08071	-0.000653187
-1.07442	-0.000651402
-1.06814	-0.000649584
-1.06186	-0.000647732
-1.05558	-0.000645845
-1.04929	-0.000643923
-1.04301	-0.000641966
-1.03673	-0.000639974
-1.03044	-0.000637946
-1.02416	-0.000635882
-1.01788	-0.000633782
-1.01159	-0.000631646
-1.00531	-0.000629473
-0.999026	-0.000627262
-0.992743	-0.000625015
-0.98646	-0.00062273
-0.980177	-0.000620408
-0.973894	-0.000618048
-0.967611	-0.00061565
-0.961327	-0.000613213
-0.955044	-0.000610738
-0.948761	-0.000608225
-0.942478	-0.000605673
-0.936195	-0.000603082
-0.929911	-0.000600453
-0.923628	-0.000597784
-0.917345	-0.000595076
-0.911062	-0.000592329
-0.904779	-0.000589543
-0.898495	-0.000586717
-0.892212	-0.000583852
-0.885929	-0.000580948
-0.879646	-0.000578005
-0.873363	-0.000575022
-0.86708	-0.000572
-0.860796	-0.000568939
-0.854513	-0.000565839
-0.84823	-0.0005627
-0.841947	-0.000559522
-0.835664	-0.000556305
-0.82938	-0.000553049
-0.823097	-0.000549755
-0.816814	-0.000546423
-0.810531	-0.000543053
-0.804248	-0.000539646
-0.797965	-0.0005362
-0.791681	-0.000532718
-0.785398	-0.000529198
-0.779115	-0.000525642
-0.772832	-0.00052205
-0.766549	-0.000518422
-0.760265	-0.000514758
-0.753982	-0.000511059
-0.747699	-0.000507326
-0.741416	-0.000503558
-0.735133	-0.000499756
-0.728849	-0.000495922
-0.722566	-0.000492054
-0.716283	-0.000488154
-0.71	-0.000484223
-0.703717	-0.00048026
-0.697434	-0.000476267
-0.69115	-0.000472244
-0.684867	-0.000468191
-0.678584	-0.00046411
-0.672301	-0.000460001
-0.666018	-0.000455864
-0.659734	-0.000451701
-0.653451	-0.000447512
-0.647168	-0.000443298
-0.640885	-0.000439059
-0.634602	-0.000434796
-0.628319	-0.000430511
-0.622035	-0.000426203
-0.615752	-0.000421874
-0.609469	-0.000417524
-0.603186	-0.000413154
-0.596903	-0.000408766
-0.590619	-0.000404359
-0.584336	-0.000399935
-0.578053	-0.000395495
-0.57177	-0.000391039
-0.565487	-0.000386568
-0.559203	-0.000382083
-0.55292	-0.000377585
-0.546637	-0.000373075
-0.540354	-0.000368553
-0.534071	-0.000364021
-0.527788	-0.00035948
-0.521504	-0.00035493
-0.515221	-0.000350372
-0.508938	-0.000345806
-0.502655	-0.000341235
-0.496372	-0.000336658
-0.490088	-0.000332077
-0.483805	-0.000327492
-0.477522	-0.000322905
-0.471239	-0.000318315
-0.464956	-0.000313724
-0.458673	-0.000309133
-0.452389	-0.000304542
-0.446106	-0.000299952
-0.439823	-0.000295363
-0.43354	-0.000290778
-0.427257	-0.000286196
-0.420973	-0.000281617
-0.41469	-0.000277044
-0.408407	-0.000272475
-0.402124	-0.000267913
-0.395841	-0.000263357
-0.389557	-0.000258809
-0.383274	-0.000254268
-0.376991	-0.000249736
-0.370708	-0.000245213
-0.364425	-0.000240699
-0.358142	-0.000236195
-0.351858	-0.000231702
-0.345575	-0.000227219
-0.339292	-0.000222748
-0.333009	-0.000218288
-0.326726	-0.00021384
-0.320442	-0.000209405
-0.314159	-0.000204983
-0.307876	-0.000200573
-0.301593	-0.000196177
-0.29531	-0.000191795
-0.289027	-0.000187426
-0.282743	-0.000183071
-0.27646	-0.00017873
-0.270177	-0.000174404
-0.263894	-0.000170092
-0.257611	-0.000165794
-0.251327	-0.000161511
-0.245044	-0.000157243
-0.238761	-0.000152989
-0.232478	-0.00014875
-0.226195	-0.000144525
-0.219911	-0.000140315
-0.213628	-0.000136119
-0.207345	-0.000131938
-0.201062	-0.00012777
-0.194779	-0.000123617
-0.188496	-0.000119477
-0.182212	-0.000115351
-0.175929	-0.000111238
-0.169646	-0.000107138
-0.163363	-0.000103052
-0.15708	-9.89773e-05
-0.150796	-9.49152e-05
-0.144513	-9.08651e-05
-0.13823	-8.68265e-05
-0.131947	-8.2799e-05
-0.125664	-7.87824e-05
-0.119381	-7.47761e-05
-0.113097	-7.07799e-05
-0.106814	-6.67932e-05
-0.100531	-6.28155e-05
-0.0942478	-5.88465e-05
-0.0879646	-5.48857e-05
-0.0816814	-5.09325e-05
-0.0753982	-4.69865e-05
-0.069115	-4.30472e-05
-0.0628319	-3.9114e-05
-0.0565487	-3.51864e-05
-0.0502655	-3.12639e-05
-0.0439823	-2.73459e-05
-0.0376991	-2.34319e-05
-0.0314159	-1.95214e-05
-0.0251327	-1.56136e-05
-0.0188496	-1.17082e-05
-0.0125664	-7.80452e-06
-0.00628319	-3.90197e-06
0	-4.06576e-20
0.00628319	3.90197e-06
0.0125664	7.80452e-06
0.0188496	1.17082e-05
0.0251327	1.56136e-05
0.0314159	1.95214e-05
0.0376991	2.34319e-05
0.0439823	2.73459e-05
0.0502655	3.12639e-05
0.0565487	3.51864e-05
0.0628319	3.9114e-05
0.069115	4.30472e-05
0.0753982	4.69865e-05
0.0816814	5.09325e-05
0.0879646	5.48857e-05
0.0942478	5.88465e-05
0.100531	6.28155e-05
0.106814	6.67932e-05
0.113097	7.07799e-05
0.119381	7.47761e-05
0.125664	7.87824e-05
0.131947	8.2799e-05
0.13823	8.68265e-05
0.144513	9.08651e-05
0.150796	9.49152e-05
0.15708	9.89773e-05
0.163363	0.000103052
0.169646	0.000107138
0.175929	0.000111238
0.182212	0.000115351
0.188496	0.000119477
0.194779	0.000123617
0.201062	0.00012777
0.207345	0.000131938
0.213628	0.000136119
0.219911	0.000140315
0.226195	0.000144525
0.232478	0.00014875
0.238761	0.000152989
0.245044	0.000157243
0.251327	0.000161511
0.257611	0.000165794
0.263894	0.000170092
0.270177	0.000174404
0.27646	0.00017873
0.282743	0.000183071
0.289027	0.000187426
0.29531	0.000191795
0.301593	0.000196177
0.307876	0.000200573
0.314159	0.000204983
0.320442	0.000209405
0.326726	0.00021384
0.333009	0.000218288
0.339292	0.000222748
0.345575	0.000227219
0.351858	0.000231702
0.358142	0.000236195
0.364425	0.000240699
0.370708	0.000245213
0.376991	0.000249736
0.383274	0.000254268
0.389557	0.000258809
0.395841	0.000263357
0.402124	0.000267913
0.408407	0.000272475
0.41469	0.000277044
0.420973	0.000281617
0.427257	0.000286196
0.43354	0.000290778
0.439823	0.000295363
0.446106	0.000299952
0.452389	0.000304542
0.458673	0.000309133
0.464956	0.000313724
0.471239	0.000318315
0.477522	0.000322905
0.483805	0.000327492
0.490088	0.000332077
0.496372	0.000336658
0.502655	0.000341235
0.508938	0.000345806
0.515221	0.000350372
0.521504	0.00035493
0.527788	0.00035948
0.534071	0.000364021
0.540354	0.000368553
0.546637	0.000373075
0.55292	0.000377585
0.559203	0.000382083
0.565487	0.000386568
0.57177	0.000391039
0.578053	0.000395495
0.584336	0.000399935
0.590619	0.000404359
0.596903	0.000408766
0.603186	0.000413154
0.609469	0.000417524
0.615752	0.000421874
0.622035	0.000426203
0.628319	0.000430511
0.634602	0.000434796
0.640885	0.000439059
0.647168	0.000443298
0.653451	0.000447512
0.659734	0.000451701
0.666018	0.000455864
0.672301	0.000460001
0.678584	0.00046411
0.684867	0.000468191
0.69115	0.000472244
0.697434	0.000476267
0.703717	0.00048026
0.71	0.000484223
0.716283	0.000488154
0.722566	0.000492054
0.728849	0.000495922
0.735133	0.000499756
0.741416	0.000503558
0.747699	0.000507326
0.753982	0.000511059
0.760265	0.000514758
0.766549	0.000518422
0.772832	0.00052205
0.779115	0.000525642
0.785398	0.000529198
0.791681	0.000532718
0.797965	0.0005362
0.804248	0.000539646
0.810531	0.000543053
0.816814	0.000546423
0.823097	0.000549755
0.82938	0.000553049
0.835664	0.000556305
0.841947	0.000559522
0.84823	0.0005627
0.854513	0.000565839
0.860796	0.000568939
0.86708	0.000572
0.873363	0.000575022
0.879646	0.000578005
0.885929	0.000580948
0.892212	0.000583852
0.898495	0.000586717
0.904779	0.000589543
0.911062	0.000592329
0.917345	0.000595076
0.923628	0.000597784
0.929911	0.000600453
0.936195	0.000603082
0.942478	0.000605673
0.948761	0.000608225
0.955044	0.000610738
0.961327	0.000613213
0.967611	0.00061565
0.973894	0.000618048
0.980177	0.000620408
0.98646	0.00062273
0.992743	0.000625015
0.999026	0.000627262
1.00531	0.000629473
1.01159	0.000631646
1.01788	0.000633782
1.02416	0.000635882
1.03044	0.000637946
1.03673	0.000639974
1.04301	0.000641966
1.04929	0.000643923
1.05558	0.000645845
1.06186	0.000647732
1.06814	0.000649584
1.07442	0.000651402
1.08071	0.000653187
1.08699	0.000654937
1.09327	0.000656655
1.09956	0.000658339
1.10584	0.000659991
1.11212	0.000661611
1.11841	0.000663198
1.12469	0.000664754
1.13097	0.000666279
1.13726	0.000667773
1.14354	0.000669236
1.14982	0.000670668
1.15611	0.000672071
1.16239	0.000673444
1.16867	0.000674788
1.17496	0.000676103
1.18124	0.000677389
1.18752	0.000678647
1.19381	0.000679877
1.20009	0.00068108
1.20637	0.000682255
1.21265	0.000683403
1.21894	0.000684524
1.22522	0.000685619
1.2315	0.000686688
1.23779	0.000687732
1.24407	0.00068875
1.25035	0.000689743
1.25664	0.000690711
1.26292	0.000691655
1.2692	0.000692574
1.27549	0.00069347
1.28177	0.000694342
1.28805	0.000695191
1.29434	0.000696017
1.30062	0.00069682
1.3069	0.000697601
1.31319	0.000698359
1.31947	0.000699096
1.32575	0.000699811
1.33204	0.000700504
1.33832	0.000701177
1.3446	0.000701828
1.35088	0.000702459
1.35717	0.000703069
1.36345	0.000703659
1.36973	0.000704229
1.37602	0.000704779
1.3823	0.00070531
1.38858	0.000705821
1.39487	0.000706313
1.40115	0.000706786
1.40743	0.000707241
1.41372	0.000707676
1.42	0.000708093
1.42628	0.000708492
1.43257	0.000708873
1.43885	0.000709236
1.44513	0.000709581
1.45142	0.000709908
1.4577	0.000710217
1.46398	0.000710509
1.47027	0.000710784
1.47655	0.000711042
1.48283	0.000711282
1.48911	0.000711506
1.4954	0.000711712
1.50168	0.000711902
1.50796	0.000712075
1.51425	0.000712231
1.52053	0.000712371
1.52681	0.000712494
1.5331	0.0007126
1.53938	0.00071269
1.54566	0.000712764
1.55195	0.000712821
1.55823	0.000712862
1.56451	0.000712887
1.5708	0.000712895
1.57708	0.000712887
1.58336	0.000712862
1.58965	0.000712821
1.59593	0.000712764
1.60221	0.00071269
1.6085	0.0007126
1.61478	0.000712494
1.62106	0.000712371
1.62734	0.000712231
1.63363	0.000712075
1.63991	0.000711902
1.64619	0.000711712
1.65248	0.000711506
1.65876	0.000711282
1.66504	0.000711042
1.67133	0.000710784
1.67761	0.000710509
1.68389	0.000710217
1.69018	0.000709908
1.69646	0.000709581
1.70274	0.000709236
1.70903	0.000708873
1.71531	0.000708492
1.72159	0.000708093
1.72788	0.000707676
1.73416	0.000707241
1.74044	0.000706786
1.74673	0.000706313
1.75301	0.000705821
1.75929	0.00070531
1.76558	0.000704779
1.77186	0.000704229
1.77814	0.000703659
1.78442	0.000703069
1.79071	0.000702459
1.79699	0.000701828
1.80327	0.000701177
1.80956	0.000700504
1.81584	0.000699811
1.82212	0.000699096
1.82841	0.000698359
1.83469	0.000697601
1.84097	0.00069682
1.84726	0.000696017
1.85354	0.000695191
1.85982	0.000694342
1.86611	0.00069347
1.87239	0.000692574
1.87867	0.000691655
1.88496	0.000690711
1.89124	0.000689743
1.89752	0.00068875
1.90381	0.000687732
1.91009	0.000686688
1.91637	0.000685619
1.92265	0.000684524
1.92894	0.000683403
1.93522	0.000682255
1.9415	0.00068108
1.94779	0.000679877
1.95407	0.000678647
1.96035	0.000677389
1.96664	0.000676103
1.97292	0.000674788
1.9792	0.000673444
1.98549	0.000672071
1.99177	0.000670668
1.99805	0.000669236
2.00434	0.000667773
2.01062	0.000666279
2.0169	0.000664754
2.02319	0.000663198
2.02947	0.000661611
2.03575	0.000659991
2.04204	0.000658339
2.04832	0.000656655
2.0546	0.000654937
2.06088	0.000653187
2.06717	0.000651402
2.07345	0.000649584
2.07973	0.000647732
2.08602	0.000645845
2.0923	0.000643923
2.09858	0.000641966
2.10487	0.000639974
2.11115	0.000637946
2.11743	0.000635882
2.12372	0.000633782
2.13	0.000631646
2.13628	0.000629473
2.14257	0.000627262
2.14885	0.000625015
2.15513	0.00062273
2.16142	0.000620408
2.1677	0.000618048
2.17398	0.00061565
2.18027	0.000613213
2.18655	0.000610738
2.19283	0.000608225
2.19911	0.000605673
2.2054	0.000603082
2.21168	0.000600453
2.21796	0.000597784
2.22425	0.000595076
2.23053	0.000592329
2.23681	0.000589543
2.2431	0.000586717
2.24938	0.000583852
2.25566	0.000580948
2.26195	0.000578005
2.26823	0.000575022
2.27451	0.000572
2.2808	0.000568939
2.28708	0.000565839
2.29336	0.0005627
2.29965	0.000559522
2.30593	0.000556305
2.31221	0.000553049
2.3185	0.000549755
2.32478	0.000546423
2.33106	0.000543053
2.33734	0.000539646
2.34363	0.0005362
2.34991	0.000532718
2.35619	0.000529198
2.36248	0.000525642
2.36876	0.00052205
2.37504	0.000518422
2.38133	0.000514758
2.38761	0.000511059
2.39389	0.000507326
2.40018	0.000503558
2.40646	0.000499756
2.41274	0.000495922
2.41903	0.000492054
2.42531	0.000488154
2.43159	0.000484223
2.43788	0.00048026
2.44416	0.000476267
2.45044	0.000472244
2.45673	0.000468191
2.46301	0.00046411
2.46929	0.000460001
2.47558	0.000455864
2.48186	0.000451701
2.48814	0.000447512
2.49442	0.000443298
2.50071	0.000439059
2.50699	0.000434796
2.51327	0.000430511
2.51956	0.000426203
2.52584	0.000421874
2.53212	0.000417524
2.53841	0.000413154
2.54469	0.000408766
2.55097	0.000404359
2.55726	0.000399935
2.56354	0.000395495
2.56982	0.000391039
2.57611	0.000386568
2.58239	0.000382083
2.58867	0.000377585
2.59496	0.000373075
2.60124	0.000368553
2.60752	0.000364021
2.61381	0.00035948
2.62009	0.00035493
2.62637	0.000350372
2.63265	0.000345806
2.63894	0.000341235
2.64522	0.000336658
2.6515	0.000332077
2.65779	0.000327492
2.66407	0.000322905
2.67035	0.000318315
2.67664	0.000313724
2.68292	0.000309133
2.6892	0.000304542
2.69549	0.000299952
2.70177	0.000295363
2.70805	0.000290778
2.71434	0.000286196
2.72062	0.000281617
2.7269	0.000277044
2.73319	0.000272475
2.73947	0.000267913
2.74575	0.000263357
2.75204	0.000258809
2.75832	0.000254268
2.7646	0.000249736
2.77088	0.000245213
2.77717	0.000240699
2.78345	0.000236195
2.78973	0.000231702
2.79602	0.000227219
2.8023	0.000222748
2.80858	0.000218288
2.81487	0.00021384
2.82115	0.000209405
2.82743	0.000204983
2.83372	0.000200573
2.84	0.000196177
2.84628	0.000191795
2.85257	0.000187426
2.85885	0.000183071
2.86513	0.00017873
2.87142	0.000174404
2.8777	0.000170092
2.88398	0.000165794
2.89027	0.000161511
2.89655	0.000157243
2.90283	0.000152989
2.90911	0.00014875
2.9154	0.000144525
2.92168	0.000140315
2.92796	0.000136119
2.93425	0.000131938
2.94053	0.00012777
2.94681	0.000123617
2.9531	0.000119477
2.95938	0.000115351
2.96566	0.000111238
2.97195	0.000107138
2.97823	0.000103052
2.98451	9.89773e-05
2.9908	9.49152e-05
2.99708	9.08651e-05
3.00336	8.68265e-05
3.00965	8.2799e-05
3.01593	7.87824e-05
3.02221	7.47761e-05
3.0285	7.07799e-05
3.03478	6.67932e-05
3.04106	6.28155e-05
3.04734	5.88465e-05
3.05363	5.48857e-05
3.05991	5.09325e-05
3.06619	4.69865e-05
3.07248	4.30472e-05
3.07876	3.9114e-05
3.08504	3.51864e-05
3.09133	3.12639e-05
3.09761	2.73459e-05
3.10389	2.34319e-05
3.11018	1.95214e-05
3.11646	1.56136e-05
3.12274	1.17082e-05
3.12903	7.80452e-06
3.13531	3.90197e-06
