23.3	
23.502	-0.138008	-0.183689	-0.183689	0.13729	0.13729	0.230752	
23.704	-0.139004	-0.185697	-0.185697	0.138467	0.138467	0.233411	
23.9061	-0.139995	-0.187716	-0.187716	0.139643	0.139643	0.23609	
24.1081	-0.140981	-0.189745	-0.189745	0.140817	0.140817	0.238789	
24.3101	-0.141964	-0.191786	-0.191786	0.14199	0.14199	0.241509	
24.5121	-0.142942	-0.193837	-0.193837	0.14316	0.14316	0.244251	
24.7141	-0.143915	-0.195899	-0.195899	0.144328	0.144328	0.247014	
24.9162	-0.144884	-0.197972	-0.197972	0.145494	0.145494	0.249798	
25.1182	-0.145848	-0.200056	-0.200056	0.146658	0.146658	0.252605	
25.3202	-0.146809	-0.202151	-0.202151	0.14782	0.14782	0.255435	
25.5222	-0.147764	-0.204257	-0.204257	0.148978	0.148978	0.258287	
25.7242	-0.148715	-0.206375	-0.206375	0.150135	0.150135	0.261163	
25.9263	-0.149662	-0.208504	-0.208504	0.151288	0.151288	0.264062	
26.1283	-0.150604	-0.210644	-0.210644	0.152439	0.152439	0.266986	
26.3303	-0.151542	-0.212796	-0.212796	0.153587	0.153587	0.269933	
26.5323	-0.152475	-0.214959	-0.214959	0.154731	0.154731	0.272906	
26.7343	-0.153403	-0.217134	-0.217134	0.155872	0.155872	0.275903	
26.9364	-0.154328	-0.219321	-0.219321	0.15701	0.15701	0.278926	
27.1384	-0.155247	-0.22152	-0.22152	0.158145	0.158145	0.281976	
27.3404	-0.156162	-0.22373	-0.22373	0.159275	0.159275	0.285051	
27.5424	-0.157073	-0.225952	-0.225952	0.160402	0.160402	0.288154	
27.7444	-0.157979	-0.228186	-0.228186	0.161525	0.161525	0.291283	
27.9465	-0.15888	-0.230432	-0.230432	0.162644	0.162644	0.29444	
28.1485	-0.159777	-0.23269	-0.23269	0.163758	0.163758	0.297626	
28.3505	-0.160669	-0.23496	-0.23496	0.164868	0.164868	0.30084	
28.5525	-0.161557	-0.237242	-0.237242	0.165973	0.165973	0.304083	
28.7545	-0.16244	-0.239537	-0.239537	0.167073	0.167073	0.307355	
28.9566	-0.163319	-0.241844	-0.241844	0.168169	0.168169	0.310658	
29.1586	-0.164193	-0.244163	-0.244163	0.169259	0.169259	0.313991	
29.3606	-0.165063	-0.246494	-0.246494	0.170343	0.170343	0.317354	
29.5626	-0.165928	-0.248838	-0.248838	0.171422	0.171422	0.32075	
29.7646	-0.166788	-0.251194	-0.251194	0.172496	0.172496	0.324177	
29.9667	-0.167644	-0.253563	-0.253563	0.173563	0.173563	0.327637	
30.1687	-0.168495	-0.255944	-0.255944	0.174624	0.174624	0.331129	
30.3707	-0.169342	-0.258338	-0.258338	0.175678	0.175678	0.334656	
30.5727	-0.170184	-0.260745	-0.260745	0.176726	0.176726	0.338216	
30.7747	-0.171021	-0.263164	-0.263164	0.177767	0.177767	0.341811	
30.9768	-0.171854	-0.265596	-0.265596	0.1788	0.1788	0.345441	
31.1788	-0.172682	-0.268041	-0.268041	0.179826	0.179826	0.349107	
31.3808	-0.173506	-0.270498	-0.270498	0.180845	0.180845	0.352809	
31.5828	-0.174325	-0.272969	-0.272969	0.181855	0.181855	0.356549	
31.7848	-0.17514	-0.275452	-0.275452	0.182857	0.182857	0.360326	
31.9869	-0.17595	-0.277948	-0.277948	0.183851	0.183851	0.364141	
32.1889	-0.176756	-0.280457	-0.280457	0.184836	0.184836	0.367995	
32.3909	-0.177557	-0.282979	-0.282979	0.185812	0.185812	0.371888	
32.5929	-0.178353	-0.285514	-0.285514	0.186778	0.186778	0.375822	
32.7949	-0.179145	-0.288062	-0.288062	0.187735	0.187735	0.379796	
32.997	-0.179932	-0.290623	-0.290623	0.188682	0.188682	0.383812	
33.199	-0.180715	-0.293197	-0.293197	0.189618	0.189618	0.387871	
33.401	-0.181493	-0.295784	-0.295784	0.190544	0.190544	0.391972	
33.603	-0.182267	-0.298385	-0.298385	0.191458	0.191458	0.396116	
33.8051	-0.183036	-0.300998	-0.300998	0.192362	0.192362	0.400306	
34.0071	-0.1838	-0.303625	-0.303625	0.193253	0.193253	0.40454	
34.2091	-0.18456	-0.306264	-0.306264	0.194132	0.194132	0.40882	
34.4111	-0.185316	-0.308917	-0.308917	0.194999	0.194999	0.413147	
34.6131	-0.186067	-0.311583	-0.311583	0.195853	0.195853	0.417522	
34.8152	-0.186813	-0.314262	-0.314262	0.196694	0.196694	0.421944	
35.0172	-0.187555	-0.316955	-0.316955	0.197521	0.197521	0.426416	
35.2192	-0.188293	-0.31966	-0.31966	0.198334	0.198334	0.430938	
35.4212	-0.189026	-0.322379	-0.322379	0.199133	0.199133	0.435511	
35.6232	-0.189754	-0.325111	-0.325111	0.199916	0.199916	0.440136	
35.8253	-0.190478	-0.327856	-0.327856	0.200684	0.200684	0.444813	
36.0273	-0.191198	-0.330614	-0.330614	0.201436	0.201436	0.449544	
36.2293	-0.191913	-0.333385	-0.333385	0.202172	0.202172	0.454329	
36.4313	-0.192623	-0.33617	-0.33617	0.20289	0.20289	0.45917	
36.6333	-0.19333	-0.338967	-0.338967	0.203591	0.203591	0.464067	
36.8354	-0.194031	-0.341778	-0.341778	0.204275	0.204275	0.469022	
37.0374	-0.194729	-0.344602	-0.344602	0.20494	0.20494	0.474036	
37.2394	-0.195421	-0.347439	-0.347439	0.205586	0.205586	0.479109	
37.4414	-0.19611	-0.350289	-0.350289	0.206212	0.206212	0.484242	
37.6434	-0.196794	-0.353152	-0.353152	0.206818	0.206818	0.489437	
37.8455	-0.197473	-0.356028	-0.356028	0.207404	0.207404	0.494696	
38.0475	-0.198149	-0.358917	-0.358917	0.207968	0.207968	0.500018	
38.2495	-0.198819	-0.361819	-0.361819	0.20851	0.20851	0.505405	
38.4515	-0.199486	-0.364734	-0.364734	0.209029	0.209029	0.510859	
38.6535	-0.200148	-0.367661	-0.367661	0.209526	0.209526	0.51638	
38.8556	-0.200806	-0.370602	-0.370602	0.209998	0.209998	0.52197	
39.0576	-0.201459	-0.373555	-0.373555	0.210446	0.210446	0.52763	
39.2596	-0.202108	-0.376521	-0.376521	0.210868	0.210868	0.533361	
39.4616	-0.202752	-0.3795	-0.3795	0.211265	0.211265	0.539165	
39.6636	-0.203393	-0.382491	-0.382491	0.211635	0.211635	0.545043	
39.8657	-0.204029	-0.385495	-0.385495	0.211977	0.211977	0.550997	
40.0677	-0.20466	-0.388511	-0.388511	0.212291	0.212291	0.557028	
40.2697	-0.205288	-0.39154	-0.39154	0.212576	0.212576	0.563136	
40.4717	-0.205911	-0.394581	-0.394581	0.21283	0.21283	0.569325	
40.6737	-0.20653	-0.397635	-0.397635	0.213055	0.213055	0.575595	
40.8758	-0.207144	-0.4007	-0.4007	0.213247	0.213247	0.581948	
41.0778	-0.207754	-0.403778	-0.403778	0.213407	0.213407	0.588385	
41.2798	-0.20836	-0.406868	-0.406868	0.213534	0.213534	0.594909	
41.4818	-0.208962	-0.40997	-0.40997	0.213626	0.213626	0.60152	
41.6838	-0.20956	-0.413084	-0.413084	0.213683	0.213683	0.608221	
41.8859	-0.210153	-0.41621	-0.41621	0.213704	0.213704	0.615013	
42.0879	-0.210742	-0.419347	-0.419347	0.213688	0.213688	0.621898	
42.2899	-0.211327	-0.422496	-0.422496	0.213634	0.213634	0.628878	
42.4919	-0.211908	-0.425656	-0.425656	0.21354	0.21354	0.635954	
42.6939	-0.212484	-0.428828	-0.428828	0.213406	0.213406	0.64313	
42.896	-0.213057	-0.432012	-0.432012	0.21323	0.21323	0.650406	
43.098	-0.213625	-0.435206	-0.435206	0.213012	0.213012	0.657784	
43.3	-0.214189	-0.438412	-0.438412	0.21275	0.21275	0.665268	
