23.3	0.491735	0.594141	0.594141	0.458732	0.458732	0.402524	
23.502	0.491456	0.59377	0.59377	0.45901	0.45901	0.40299	
23.704	0.491175	0.593395	0.593395	0.45929	0.45929	0.403462	
23.9061	0.490893	0.593015	0.593015	0.459572	0.459572	0.403939	
24.1081	0.490608	0.592632	0.592632	0.459856	0.459856	0.404421	
24.3101	0.490321	0.592245	0.592245	0.460143	0.460143	0.404909	
24.5121	0.490032	0.591853	0.591853	0.460432	0.460432	0.405403	
24.7141	0.489742	0.591457	0.591457	0.460724	0.460724	0.405902	
24.9162	0.489449	0.591057	0.591057	0.461018	0.461018	0.406406	
25.1182	0.489154	0.590653	0.590653	0.461314	0.461314	0.406917	
25.3202	0.488858	0.590245	0.590245	0.461613	0.461613	0.407433	
25.5222	0.488559	0.589832	0.589832	0.461914	0.461914	0.407954	
25.7242	0.488259	0.589415	0.589415	0.462217	0.462217	0.408482	
25.9263	0.487956	0.588994	0.588994	0.462522	0.462522	0.409015	
26.1283	0.487652	0.588569	0.588569	0.46283	0.46283	0.409555	
26.3303	0.487346	0.588139	0.588139	0.463141	0.463141	0.4101	
26.5323	0.487038	0.587704	0.587704	0.463453	0.463453	0.410651	
26.7343	0.486728	0.587266	0.587266	0.463768	0.463768	0.411209	
26.9364	0.486416	0.586823	0.586823	0.464085	0.464085	0.411772	
27.1384	0.486103	0.586375	0.586375	0.464405	0.464405	0.412342	
27.3404	0.485787	0.585923	0.585923	0.464727	0.464727	0.412918	
27.5424	0.48547	0.585467	0.585467	0.465051	0.465051	0.4135	
27.7444	0.485151	0.585006	0.585006	0.465377	0.465377	0.414088	
27.9465	0.48483	0.58454	0.58454	0.465706	0.465706	0.414683	
28.1485	0.484507	0.58407	0.58407	0.466036	0.466036	0.415284	
28.3505	0.484182	0.583595	0.583595	0.466369	0.466369	0.415892	
28.5525	0.483856	0.583116	0.583116	0.466705	0.466705	0.416507	
28.7545	0.483528	0.582632	0.582632	0.467042	0.467042	0.417127	
28.9566	0.483198	0.582144	0.582144	0.467382	0.467382	0.417755	
29.1586	0.482866	0.58165	0.58165	0.467724	0.467724	0.418389	
29.3606	0.482533	0.581152	0.581152	0.468068	0.468068	0.41903	
29.5626	0.482197	0.58065	0.58065	0.468414	0.468414	0.419678	
29.7646	0.48186	0.580142	0.580142	0.468763	0.468763	0.420333	
29.9667	0.481522	0.57963	0.57963	0.469113	0.469113	0.420995	
30.1687	0.481181	0.579113	0.579113	0.469466	0.469466	0.421664	
30.3707	0.480839	0.578591	0.578591	0.469821	0.469821	0.42234	
30.5727	0.480496	0.578064	0.578064	0.470178	0.470178	0.423024	
30.7747	0.48015	0.577533	0.577533	0.470537	0.470537	0.423714	
30.9768	0.479803	0.576996	0.576996	0.470899	0.470899	0.424412	
31.1788	0.479454	0.576455	0.576455	0.471262	0.471262	0.425117	
31.3808	0.479103	0.575908	0.575908	0.471627	0.471627	0.42583	
31.5828	0.478751	0.575357	0.575357	0.471995	0.471995	0.42655	
31.7848	0.478397	0.5748	0.5748	0.472364	0.472364	0.427278	
31.9869	0.478042	0.574239	0.574239	0.472735	0.472735	0.428014	
32.1889	0.477685	0.573672	0.573672	0.473109	0.473109	0.428757	
32.3909	0.477326	0.5731	0.5731	0.473484	0.473484	0.429509	
32.5929	0.476966	0.572524	0.572524	0.473861	0.473861	0.430268	
32.7949	0.476604	0.571942	0.571942	0.474241	0.474241	0.431035	
32.997	0.476241	0.571355	0.571355	0.474622	0.474622	0.43181	
33.199	0.475875	0.570762	0.570762	0.475005	0.475005	0.432594	
33.401	0.475509	0.570165	0.570165	0.47539	0.47539	0.433386	
33.603	0.475141	0.569562	0.569562	0.475777	0.475777	0.434186	
33.8051	0.474771	0.568954	0.568954	0.476165	0.476165	0.434995	
34.0071	0.474399	0.568341	0.568341	0.476556	0.476556	0.435812	
34.2091	0.474027	0.567722	0.567722	0.476948	0.476948	0.436638	
34.4111	0.473652	0.567098	0.567098	0.477342	0.477342	0.437473	
34.6131	0.473276	0.566468	0.566468	0.477738	0.477738	0.438316	
34.8152	0.472899	0.565833	0.565833	0.478135	0.478135	0.439168	
35.0172	0.47252	0.565193	0.565193	0.478534	0.478534	0.44003	
35.2192	0.47214	0.564547	0.564547	0.478935	0.478935	0.4409	
35.4212	0.471758	0.563896	0.563896	0.479337	0.479337	0.44178	
35.6232	0.471374	0.563239	0.563239	0.479741	0.479741	0.442669	
35.8253	0.47099	0.562577	0.562577	0.480146	0.480146	0.443568	
36.0273	0.470603	0.561909	0.561909	0.480553	0.480553	0.444476	
36.2293	0.470216	0.561235	0.561235	0.480962	0.480962	0.445394	
36.4313	0.469827	0.560556	0.560556	0.481371	0.481371	0.446322	
36.6333	0.469436	0.559872	0.559872	0.481783	0.481783	0.447259	
36.8354	0.469044	0.559181	0.559181	0.482195	0.482195	0.448207	
37.0374	0.468651	0.558485	0.558485	0.482609	0.482609	0.449164	
37.2394	0.468256	0.557783	0.557783	0.483025	0.483025	0.450132	
37.4414	0.46786	0.557075	0.557075	0.483441	0.483441	0.451111	
37.6434	0.467462	0.556362	0.556362	0.483859	0.483859	0.452099	
37.8455	0.467063	0.555643	0.555643	0.484278	0.484278	0.453099	
38.0475	0.466663	0.554918	0.554918	0.484698	0.484698	0.454109	
38.2495	0.466261	0.554187	0.554187	0.48512	0.48512	0.45513	
38.4515	0.465858	0.55345	0.55345	0.485542	0.485542	0.456162	
38.6535	0.465454	0.552707	0.552707	0.485965	0.485965	0.457205	
38.8556	0.465048	0.551958	0.551958	0.486389	0.486389	0.45826	
39.0576	0.464641	0.551204	0.551204	0.486814	0.486814	0.459325	
39.2596	0.464233	0.550443	0.550443	0.48724	0.48724	0.460403	
39.4616	0.463823	0.549676	0.549676	0.487667	0.487667	0.461492	
39.6636	0.463412	0.548904	0.548904	0.488095	0.488095	0.462593	
39.8657	0.463	0.548125	0.548125	0.488523	0.488523	0.463706	
40.0677	0.462587	0.54734	0.54734	0.488952	0.488952	0.464832	
40.2697	0.462172	0.546549	0.546549	0.489381	0.489381	0.465969	
40.4717	0.461756	0.545752	0.545752	0.489811	0.489811	0.46712	
40.6737	0.461339	0.544949	0.544949	0.490242	0.490242	0.468282	
40.8758	0.46092	0.544139	0.544139	0.490673	0.490673	0.469458	
41.0778	0.460501	0.543323	0.543323	0.491104	0.491104	0.470647	
41.2798	0.46008	0.542501	0.542501	0.491535	0.491535	0.471849	
41.4818	0.459658	0.541673	0.541673	0.491967	0.491967	0.473064	
41.6838	0.459234	0.540839	0.540839	0.492398	0.492398	0.474292	
41.8859	0.45881	0.539998	0.539998	0.49283	0.49283	0.475535	
42.0879	0.458384	0.539151	0.539151	0.493262	0.493262	0.476791	
42.2899	0.457957	0.538297	0.538297	0.493693	0.493693	0.478062	
42.4919	0.457529	0.537437	0.537437	0.494125	0.494125	0.479346	
42.6939	0.4571	0.536571	0.536571	0.494556	0.494556	0.480646	
42.896	0.456669	0.535698	0.535698	0.494987	0.494987	0.48196	
43.098	0.456238	0.534819	0.534819	0.495417	0.495417	0.483289	
43.3	0.455805	0.533933	0.533933	0.495847	0.495847	0.484632	
