0.07	0.941449
0.07	0.924347
0.07	0.907244
0.07	0.890142
0.07	0.87304
0.07	0.855937
0.07	0.838835
0.07	0.821733
0.07	0.804631
0.07	0.787528
0.07	0.770426
0.07	0.753324
0.07	0.736222
0.0708807	0.72
0.087983	0.72
0.105085	0.72
0.122188	0.72
0.13929	0.72
0.148	0.728392
0.148	0.745494
0.148	0.762597
0.148	0.779699
0.148	0.796801
0.148	0.813903
0.148	0.831006
0.148	0.848108
0.148	0.86521
0.148	0.882313
0.148	0.899415
0.148	0.916517
0.148	0.933619
0.148	0.950722
0.154481	0.964383
0.168647	0.973964
0.182814	0.983546
0.19698	0.993127
0.211147	1.00271
0.225313	1.01229
0.23948	1.02187
0.253646	1.03145
0.267813	1.04103
0.281979	1.05061
0.296145	1.0602
0.310312	1.06978
0.324478	1.07936
0.338645	1.08894
0.352811	1.09852
0.36946	1.1
0.386562	1.1
0.403665	1.1
0.420767	1.1
0.437869	1.1
0.454971	1.1
0.472074	1.1
0.489176	1.1
0.506278	1.1
0.523381	1.1
0.540483	1.1
0.557585	1.1
0.574687	1.1
0.59179	1.1
0.608892	1.1
0.625994	1.1
0.643096	1.1
0.660199	1.1
0.677301	1.1
0.694403	1.1
0.711506	1.1
0.728608	1.1
0.74571	1.1
0.762812	1.1
0.779915	1.1
0.797017	1.1
0.814119	1.1
0.831221	1.1
0.848324	1.1
0.865426	1.1
0.882528	1.1
0.899631	1.1
0.916733	1.1
0.933835	1.1
0.950937	1.1
0.96804	1.1
0.985142	1.1
1.00224	1.1
1.01935	1.1
1.03645	1.1
1.05355	1.1
1.07065	1.1
1.08776	1.1
1.10486	1.1
1.12196	1.1
1.13906	1.1
1.15616	1.1
1.17327	1.1
1.19037	1.1
1.20747	1.1
1.22457	1.1
1.24168	1.1
1.25878	1.1
1.27588	1.1
1.29298	1.1
1.31009	1.1
1.32719	1.1
1.34429	1.1
1.36139	1.1
1.37849	1.1
1.3956	1.1
1.4127	1.1
1.4298	1.1
1.4469	1.1
1.45	1.08599
1.45	1.06889
1.45	1.05179
1.45	1.03469
1.45	1.01759
1.45	1.00048
1.45	0.983381
1.45	0.966278
1.45	0.949176
1.45	0.932074
1.45	0.914972
1.45	0.897869
1.45	0.880767
1.45	0.863665
1.45	0.846563
1.45	0.82946
1.45	0.812358
1.45	0.795256
1.45	0.778153
1.45	0.761051
1.45	0.743949
1.45	0.726847
1.45	0.709744
1.45	0.692642
1.45	0.67554
1.45	0.658438
1.45	0.641335
1.45	0.624233
1.45	0.607131
1.45	0.590028
1.45	0.572926
1.45	0.555824
1.45	0.538722
1.45	0.521619
1.45	0.504517
1.45	0.487415
1.45	0.470313
1.45	0.45321
1.45	0.436108
1.45	0.419006
1.45	0.401903
1.45	0.384801
1.45	0.367699
1.45	0.350597
1.45	0.333494
1.45	0.316392
1.45	0.29929
1.45	0.282188
1.45	0.265085
1.45	0.247983
1.45	0.230881
1.45	0.213778
1.45	0.196676
1.45	0.179574
1.45	0.162472
1.45	0.145369
1.45	0.128267
1.45	0.111165
1.45	0.0940625
1.45	0.0769602
1.45	0.059858
1.45	0.0427557
1.45	0.0256534
1.45	0.00855114
1.45	-0.00855114
1.45	-0.0256534
1.45	-0.0427557
1.45	-0.059858
1.45	-0.0769602
1.45	-0.0940625
1.45	-0.111165
1.45	-0.128267
1.45	-0.145369
1.45	-0.162472
1.45	-0.179574
1.45	-0.196676
1.45	-0.213778
1.45	-0.230881
1.45	-0.247983
1.45	-0.265085
1.45	-0.282188
1.45	-0.29929
1.45	-0.316392
1.45	-0.333494
1.45	-0.350597
1.45	-0.367699
1.45	-0.384801
1.45	-0.401903
1.45	-0.419006
1.45	-0.436108
1.45	-0.45321
1.45	-0.470313
1.45	-0.487415
1.45	-0.504517
1.45	-0.521619
1.45	-0.538722
1.45	-0.555824
1.45	-0.572926
1.45	-0.590028
1.45	-0.607131
1.45	-0.624233
1.45	-0.641335
1.45	-0.658438
1.45	-0.67554
1.45	-0.692642
1.45	-0.709744
1.45	-0.726847
1.45	-0.743949
1.45	-0.761051
1.45	-0.778153
1.45	-0.795256
1.45	-0.812358
1.45	-0.82946
1.45	-0.846563
1.45	-0.863665
1.45	-0.880767
1.45	-0.897869
1.45	-0.914972
1.45	-0.932074
1.45	-0.949176
1.45	-0.966278
1.45	-0.983381
1.45	-1.00048
1.45	-1.01759
1.45	-1.03469
1.45	-1.05179
1.45	-1.06889
1.45	-1.08599
1.4469	-1.1
1.4298	-1.1
1.4127	-1.1
1.3956	-1.1
1.37849	-1.1
1.36139	-1.1
1.34429	-1.1
1.32719	-1.1
1.31009	-1.1
1.29298	-1.1
1.27588	-1.1
1.25878	-1.1
1.24168	-1.1
1.22457	-1.1
1.20747	-1.1
1.19037	-1.1
1.17327	-1.1
1.15616	-1.1
1.13906	-1.1
1.12196	-1.1
1.10486	-1.1
1.08776	-1.1
1.07065	-1.1
1.05355	-1.1
1.03645	-1.1
1.01935	-1.1
1.00224	-1.1
0.985142	-1.1
0.96804	-1.1
0.950937	-1.1
0.933835	-1.1
0.916733	-1.1
0.899631	-1.1
0.882528	-1.1
0.865426	-1.1
0.848324	-1.1
0.831221	-1.1
0.814119	-1.1
0.797017	-1.1
0.779915	-1.1
0.762812	-1.1
0.74571	-1.1
0.728608	-1.1
0.711506	-1.1
0.694403	-1.1
0.677301	-1.1
0.660199	-1.1
0.643096	-1.1
0.625994	-1.1
0.608892	-1.1
0.59179	-1.1
0.574687	-1.1
0.557585	-1.1
0.540483	-1.1
0.523381	-1.1
0.506278	-1.1
0.489176	-1.1
0.472074	-1.1
0.454971	-1.1
0.437869	-1.1
0.420767	-1.1
0.403665	-1.1
0.386562	-1.1
0.36946	-1.1
0.352811	-1.09852
0.338645	-1.08894
0.324478	-1.07936
0.310312	-1.06978
0.296145	-1.0602
0.281979	-1.05061
0.267813	-1.04103
0.253646	-1.03145
0.23948	-1.02187
0.225313	-1.01229
0.211147	-1.00271
0.19698	-0.993127
0.182814	-0.983546
0.168647	-0.973964
0.154481	-0.964383
0.148	-0.950722
0.148	-0.933619
0.148	-0.916517
0.148	-0.899415
0.148	-0.882313
0.148	-0.86521
0.148	-0.848108
0.148	-0.831006
0.148	-0.813903
0.148	-0.796801
0.148	-0.779699
0.148	-0.762597
0.148	-0.745494
0.148	-0.728392
0.13929	-0.72
0.122188	-0.72
0.105085	-0.72
0.087983	-0.72
0.0708807	-0.72
0.07	-0.736222
0.07	-0.753324
0.07	-0.770426
0.07	-0.787528
0.07	-0.804631
0.07	-0.821733
0.07	-0.838835
0.07	-0.855937
0.07	-0.87304
0.07	-0.890142
0.07	-0.907244
0.07	-0.924347
0.07	-0.941449
0.801853	0.517449
0.801853	0.526573
0.801853	0.542384
0.801853	0.563894
0.801853	0.589751
0.801853	0.618331
0.801853	0.647837
0.801853	0.676417
0.801853	0.702274
0.801853	0.723784
0.801853	0.739595
0.801853	0.748719
0.809295	0.517449
0.809295	0.526573
0.809295	0.542384
0.809295	0.563894
0.809295	0.589751
0.809295	0.618331
0.809295	0.647837
0.809295	0.676417
0.809295	0.702274
0.809295	0.723784
0.809295	0.739595
0.809295	0.748719
0.820889	0.517449
0.820889	0.526573
0.820889	0.542384
0.820889	0.563894
0.820889	0.589751
0.820889	0.618331
0.820889	0.647837
0.820889	0.676417
0.820889	0.702274
0.820889	0.723784
0.820889	0.739595
0.820889	0.748719
0.833983	0.517449
0.833983	0.526573
0.833983	0.542384
0.833983	0.563894
0.833983	0.589751
0.833983	0.618331
0.833983	0.647837
0.833983	0.676417
0.833983	0.702274
0.833983	0.723784
0.833983	0.739595
0.833983	0.748719
0.845577	0.517449
0.845577	0.526573
0.845577	0.542384
0.845577	0.563894
0.845577	0.589751
0.845577	0.618331
0.845577	0.647837
0.845577	0.676417
0.845577	0.702274
0.845577	0.723784
0.845577	0.739595
0.845577	0.748719
0.853019	0.517449
0.853019	0.526573
0.853019	0.542384
0.853019	0.563894
0.853019	0.589751
0.853019	0.618331
0.853019	0.647837
0.853019	0.676417
0.853019	0.702274
0.853019	0.723784
0.853019	0.739595
0.853019	0.748719
0.801853	-0.517449
0.801853	-0.526573
0.801853	-0.542384
0.801853	-0.563894
0.801853	-0.589751
0.801853	-0.618331
0.801853	-0.647837
0.801853	-0.676417
0.801853	-0.702274
0.801853	-0.723784
0.801853	-0.739595
0.801853	-0.748719
0.809295	-0.517449
0.809295	-0.526573
0.809295	-0.542384
0.809295	-0.563894
0.809295	-0.589751
0.809295	-0.618331
0.809295	-0.647837
0.809295	-0.676417
0.809295	-0.702274
0.809295	-0.723784
0.809295	-0.739595
0.809295	-0.748719
0.820889	-0.517449
0.820889	-0.526573
0.820889	-0.542384
0.820889	-0.563894
0.820889	-0.589751
0.820889	-0.618331
0.820889	-0.647837
0.820889	-0.676417
0.820889	-0.702274
0.820889	-0.723784
0.820889	-0.739595
0.820889	-0.748719
0.833983	-0.517449
0.833983	-0.526573
0.833983	-0.542384
0.833983	-0.563894
0.833983	-0.589751
0.833983	-0.618331
0.833983	-0.647837
0.833983	-0.676417
0.833983	-0.702274
0.833983	-0.723784
0.833983	-0.739595
0.833983	-0.748719
0.845577	-0.517449
0.845577	-0.526573
0.845577	-0.542384
0.845577	-0.563894
0.845577	-0.589751
0.845577	-0.618331
0.845577	-0.647837
0.845577	-0.676417
0.845577	-0.702274
0.845577	-0.723784
0.845577	-0.739595
0.845577	-0.748719
0.853019	-0.517449
0.853019	-0.526573
0.853019	-0.542384
0.853019	-0.563894
0.853019	-0.589751
0.853019	-0.618331
0.853019	-0.647837
0.853019	-0.676417
0.853019	-0.702274
0.853019	-0.723784
0.853019	-0.739595
0.853019	-0.748719
0.801958	0.180159
0.801958	0.185671
0.801958	0.195074
0.801958	0.207533
0.801958	0.221943
0.801958	0.237023
0.801958	0.251433
0.801958	0.263893
0.801958	0.273295
0.801958	0.278808
0.808987	0.180159
0.808987	0.185671
0.808987	0.195074
0.808987	0.207533
0.808987	0.221943
0.808987	0.237023
0.808987	0.251433
0.808987	0.263893
0.808987	0.273295
0.808987	0.278808
0.819937	0.180159
0.819937	0.185671
0.819937	0.195074
0.819937	0.207533
0.819937	0.221943
0.819937	0.237023
0.819937	0.251433
0.819937	0.263893
0.819937	0.273295
0.819937	0.278808
0.832302	0.180159
0.832302	0.185671
0.832302	0.195074
0.832302	0.207533
0.832302	0.221943
0.832302	0.237023
0.832302	0.251433
0.832302	0.263893
0.832302	0.273295
0.832302	0.278808
0.843252	0.180159
0.843252	0.185671
0.843252	0.195074
0.843252	0.207533
0.843252	0.221943
0.843252	0.237023
0.843252	0.251433
0.843252	0.263893
0.843252	0.273295
0.843252	0.278808
0.850281	0.180159
0.850281	0.185671
0.850281	0.195074
0.850281	0.207533
0.850281	0.221943
0.850281	0.237023
0.850281	0.251433
0.850281	0.263893
0.850281	0.273295
0.850281	0.278808
0.801958	-0.180159
0.801958	-0.185671
0.801958	-0.195074
0.801958	-0.207533
0.801958	-0.221943
0.801958	-0.237023
0.801958	-0.251433
0.801958	-0.263893
0.801958	-0.273295
0.801958	-0.278808
0.808987	-0.180159
0.808987	-0.185671
0.808987	-0.195074
0.808987	-0.207533
0.808987	-0.221943
0.808987	-0.237023
0.808987	-0.251433
0.808987	-0.263893
0.808987	-0.273295
0.808987	-0.278808
0.819937	-0.180159
0.819937	-0.185671
0.819937	-0.195074
0.819937	-0.207533
0.819937	-0.221943
0.819937	-0.237023
0.819937	-0.251433
0.819937	-0.263893
0.819937	-0.273295
0.819937	-0.278808
0.832302	-0.180159
0.832302	-0.185671
0.832302	-0.195074
0.832302	-0.207533
0.832302	-0.221943
0.832302	-0.237023
0.832302	-0.251433
0.832302	-0.263893
0.832302	-0.273295
0.832302	-0.278808
0.843252	-0.180159
0.843252	-0.185671
0.843252	-0.195074
0.843252	-0.207533
0.843252	-0.221943
0.843252	-0.237023
0.843252	-0.251433
0.843252	-0.263893
0.843252	-0.273295
0.843252	-0.278808
0.850281	-0.180159
0.850281	-0.185671
0.850281	-0.195074
0.850281	-0.207533
0.850281	-0.221943
0.850281	-0.237023
0.850281	-0.251433
0.850281	-0.263893
0.850281	-0.273295
0.850281	-0.278808
0.801223	-0.063264
0.801223	-0.0561937
0.801223	-0.0441338
0.801223	-0.0281529
0.801223	-0.00967073
0.801223	0.00967073
0.801223	0.0281529
0.801223	0.0441338
0.801223	0.0561937
0.801223	0.063264
0.805357	-0.063264
0.805357	-0.0561937
0.805357	-0.0441338
0.805357	-0.0281529
0.805357	-0.00967073
0.805357	0.00967073
0.805357	0.0281529
0.805357	0.0441338
0.805357	0.0561937
0.805357	0.063264
0.811798	-0.063264
0.811798	-0.0561937
0.811798	-0.0441338
0.811798	-0.0281529
0.811798	-0.00967073
0.811798	0.00967073
0.811798	0.0281529
0.811798	0.0441338
0.811798	0.0561937
0.811798	0.063264
0.819072	-0.063264
0.819072	-0.0561937
0.819072	-0.0441338
0.819072	-0.0281529
0.819072	-0.00967073
0.819072	0.00967073
0.819072	0.0281529
0.819072	0.0441338
0.819072	0.0561937
0.819072	0.063264
0.825514	-0.063264
0.825514	-0.0561937
0.825514	-0.0441338
0.825514	-0.0281529
0.825514	-0.00967073
0.825514	0.00967073
0.825514	0.0281529
0.825514	0.0441338
0.825514	0.0561937
0.825514	0.063264
0.829648	-0.063264
0.829648	-0.0561937
0.829648	-0.0441338
0.829648	-0.0281529
0.829648	-0.00967073
0.829648	0.00967073
0.829648	0.0281529
0.829648	0.0441338
0.829648	0.0561937
0.829648	0.063264
