-1.75744e-19
4.91823e-20
-2.43108e-20
-6.59839e-21
-2.8352e-21
-1.80335e-20
-4.55527e-20
4.54169e-20
1.3802e-19
-1.22496e-20
-3.7499e-22
-5.68954e-22
-3.94632e-20
-2.18492e-21
6.00759e-21
-5.45008e-20
-7.78578e-21
1.11058e-20
2.5174e-20
1.72424e-20
-7.29631e-21
-5.34456e-21
1.30645e-20
1.4013e-20
-1.95719e-20
-1.96412e-20
3.46687e-20
-5.12156e-21
-3.7554e-21
7.92235e-21
-1.74225e-20
-9.66527e-22
1.23621e-20
-3.48757e-21
9.80367e-21
5.37965e-21
-9.72125e-21
-4.85146e-21
8.16437e-21
-1.18391e-20
5.546e-21
3.3255e-21
8.50352e-21
1.10096e-20
-1.44624e-20
1.48379e-20
-9.70429e-21
1.84963e-20
4.60147e-21
-3.7308e-21
8.84484e-21
-1.21726e-20
-5.62936e-21
2.17965e-20
7.21438e-23
2.66565e-21
-3.50558e-21
-1.1409e-20
5.80597e-22
-9.32299e-21
9.00809e-23
-4.56696e-21
-4.96329e-21
-4.73968e-21
2.1696e-20
-3.56406e-21
1.19516e-22
-1.67179e-20
-2.09707e-20
8.31666e-22
3.88972e-21
-2.24784e-20
-1.31245e-20
-1.75245e-20
-2.05328e-20
1.48617e-20
-2.14902e-21
-1.32638e-21
8.40181e-21
8.20299e-21
-1.25846e-20
-9.34282e-21
-1.48914e-20
4.10288e-21
1.32275e-20
9.85135e-21
-1.01409e-20
1.57173e-20
8.12035e-21
-1.61995e-20
-4.63631e-21
-8.53776e-21
7.26639e-22
-7.35955e-21
-1.28407e-21
-4.64627e-21
-1.53831e-20
4.34109e-21
9.39534e-21
-1.13766e-20
2.49763e-20
8.35321e-21
-1.00593e-20
-8.79425e-22
2.61718e-20
-1.01636e-20
-1.4076e-20
-6.92684e-21
1.27227e-20
-2.00322e-20
-1.17559e-20
-2.84367e-20
1.36247e-20
-1.29234e-20
-4.27002e-21
2.38022e-21
6.55092e-21
5.99088e-21
-7.18971e-21
4.75013e-21
-2.8627e-21
7.27838e-21
-9.91142e-21
8.72415e-21
-1.59173e-20
-5.4946e-21
-3.41663e-21
1.36168e-20
4.415e-21
-2.35517e-20
