31.8	-5	3.94188e-06
31.9034	-5	3.94856e-06
32.0069	-5	3.95528e-06
32.1103	-5	3.96205e-06
32.2138	-5	3.96887e-06
32.3172	-5	3.97573e-06
32.4207	-5	3.98266e-06
32.5241	-5	3.98965e-06
32.6276	-5	3.99671e-06
32.731	-5	4.00385e-06
32.8345	-5	4.01109e-06
32.9379	-5	4.01842e-06
33.0414	-5	4.02586e-06
33.1448	-5	4.03343e-06
33.2483	-5	4.04114e-06
33.3517	-5	4.04899e-06
33.4552	-5	4.05701e-06
33.5586	-5	4.0652e-06
33.6621	-5	4.0736e-06
33.7655	-5	4.0822e-06
33.869	-5	4.09104e-06
33.9724	-5	4.10012e-06
34.0759	-5	4.10947e-06
34.1793	-5	4.11911e-06
34.2828	-5	4.12906e-06
34.3862	-5	4.13933e-06
34.4897	-5	4.14996e-06
34.5931	-5	4.16096e-06
34.6966	-5	4.17236e-06
34.8	-5	4.18418e-06
31.8	-4.89899	3.94767e-06
31.9034	-4.89899	3.95405e-06
32.0069	-4.89899	3.96049e-06
32.1103	-4.89899	3.96699e-06
32.2138	-4.89899	3.97354e-06
32.3172	-4.89899	3.98015e-06
32.4207	-4.89899	3.98683e-06
32.5241	-4.89899	3.99358e-06
32.6276	-4.89899	4.00042e-06
32.731	-4.89899	4.00733e-06
32.8345	-4.89899	4.01435e-06
32.9379	-4.89899	4.02147e-06
33.0414	-4.89899	4.0287e-06
33.1448	-4.89899	4.03607e-06
33.2483	-4.89899	4.04357e-06
33.3517	-4.89899	4.05122e-06
33.4552	-4.89899	4.05903e-06
33.5586	-4.89899	4.06702e-06
33.6621	-4.89899	4.07521e-06
33.7655	-4.89899	4.08361e-06
33.869	-4.89899	4.09223e-06
33.9724	-4.89899	4.10109e-06
34.0759	-4.89899	4.11022e-06
34.1793	-4.89899	4.11962e-06
34.2828	-4.89899	4.12932e-06
34.3862	-4.89899	4.13934e-06
34.4897	-4.89899	4.1497e-06
34.5931	-4.89899	4.16042e-06
34.6966	-4.89899	4.17152e-06
34.8	-4.89899	4.18302e-06
31.8	-4.79798	3.95338e-06
31.9034	-4.79798	3.95948e-06
32.0069	-4.79798	3.96563e-06
32.1103	-4.79798	3.97185e-06
32.2138	-4.79798	3.97813e-06
32.3172	-4.79798	3.98449e-06
32.4207	-4.79798	3.99091e-06
32.5241	-4.79798	3.99742e-06
32.6276	-4.79798	4.00402e-06
32.731	-4.79798	4.0107e-06
32.8345	-4.79798	4.01749e-06
32.9379	-4.79798	4.02439e-06
33.0414	-4.79798	4.0314e-06
33.1448	-4.79798	4.03855e-06
33.2483	-4.79798	4.04583e-06
33.3517	-4.79798	4.05326e-06
33.4552	-4.79798	4.06086e-06
33.5586	-4.79798	4.06864e-06
33.6621	-4.79798	4.0766e-06
33.7655	-4.79798	4.08477e-06
33.869	-4.79798	4.09316e-06
33.9724	-4.79798	4.10179e-06
34.0759	-4.79798	4.11067e-06
34.1793	-4.79798	4.11982e-06
34.2828	-4.79798	4.12926e-06
34.3862	-4.79798	4.139e-06
34.4897	-4.79798	4.14907e-06
34.5931	-4.79798	4.15948e-06
34.6966	-4.79798	4.17026e-06
34.8	-4.79798	4.18142e-06
31.8	-4.69697	3.95902e-06
31.9034	-4.69697	3.96482e-06
32.0069	-4.69697	3.97069e-06
32.1103	-4.69697	3.97663e-06
32.2138	-4.69697	3.98264e-06
32.3172	-4.69697	3.98873e-06
32.4207	-4.69697	3.9949e-06
32.5241	-4.69697	4.00116e-06
32.6276	-4.69697	4.00751e-06
32.731	-4.69697	4.01396e-06
32.8345	-4.69697	4.02051e-06
32.9379	-4.69697	4.02717e-06
33.0414	-4.69697	4.03396e-06
33.1448	-4.69697	4.04087e-06
33.2483	-4.69697	4.04793e-06
33.3517	-4.69697	4.05513e-06
33.4552	-4.69697	4.0625e-06
33.5586	-4.69697	4.07004e-06
33.6621	-4.69697	4.07777e-06
33.7655	-4.69697	4.0857e-06
33.869	-4.69697	4.09385e-06
33.9724	-4.69697	4.10222e-06
34.0759	-4.69697	4.11084e-06
34.1793	-4.69697	4.11972e-06
34.2828	-4.69697	4.12888e-06
34.3862	-4.69697	4.13833e-06
34.4897	-4.69697	4.14808e-06
34.5931	-4.69697	4.15817e-06
34.6966	-4.69697	4.16861e-06
34.8	-4.69697	4.1794e-06
31.8	-4.59596	3.96458e-06
31.9034	-4.59596	3.97008e-06
32.0069	-4.59596	3.97566e-06
32.1103	-4.59596	3.98132e-06
32.2138	-4.59596	3.98706e-06
32.3172	-4.59596	3.99288e-06
32.4207	-4.59596	3.99879e-06
32.5241	-4.59596	4.00479e-06
32.6276	-4.59596	4.01089e-06
32.731	-4.59596	4.01709e-06
32.8345	-4.59596	4.0234e-06
32.9379	-4.59596	4.02982e-06
33.0414	-4.59596	4.03636e-06
33.1448	-4.59596	4.04304e-06
33.2483	-4.59596	4.04986e-06
33.3517	-4.59596	4.05682e-06
33.4552	-4.59596	4.06395e-06
33.5586	-4.59596	4.07125e-06
33.6621	-4.59596	4.07873e-06
33.7655	-4.59596	4.08641e-06
33.869	-4.59596	4.09429e-06
33.9724	-4.59596	4.1024e-06
34.0759	-4.59596	4.11074e-06
34.1793	-4.59596	4.11933e-06
34.2828	-4.59596	4.12819e-06
34.3862	-4.59596	4.13732e-06
34.4897	-4.59596	4.14676e-06
34.5931	-4.59596	4.1565e-06
34.6966	-4.59596	4.16657e-06
34.8	-4.59596	4.17699e-06
31.8	-4.49495	3.97005e-06
31.9034	-4.49495	3.97525e-06
32.0069	-4.49495	3.98054e-06
32.1103	-4.49495	3.98592e-06
32.2138	-4.49495	3.99138e-06
32.3172	-4.49495	3.99693e-06
32.4207	-4.49495	4.00257e-06
32.5241	-4.49495	4.00831e-06
32.6276	-4.49495	4.01416e-06
32.731	-4.49495	4.0201e-06
32.8345	-4.49495	4.02616e-06
32.9379	-4.49495	4.03233e-06
33.0414	-4.49495	4.03863e-06
33.1448	-4.49495	4.04506e-06
33.2483	-4.49495	4.05163e-06
33.3517	-4.49495	4.05834e-06
33.4552	-4.49495	4.06522e-06
33.5586	-4.49495	4.07226e-06
33.6621	-4.49495	4.07948e-06
33.7655	-4.49495	4.08689e-06
33.869	-4.49495	4.0945e-06
33.9724	-4.49495	4.10233e-06
34.0759	-4.49495	4.11038e-06
34.1793	-4.49495	4.11866e-06
34.2828	-4.49495	4.12721e-06
34.3862	-4.49495	4.13601e-06
34.4897	-4.49495	4.1451e-06
34.5931	-4.49495	4.15448e-06
34.6966	-4.49495	4.16418e-06
34.8	-4.49495	4.1742e-06
31.8	-4.39394	3.97542e-06
31.9034	-4.39394	3.98032e-06
32.0069	-4.39394	3.98532e-06
32.1103	-4.39394	3.99041e-06
32.2138	-4.39394	3.99559e-06
32.3172	-4.39394	4.00087e-06
32.4207	-4.39394	4.00625e-06
32.5241	-4.39394	4.01172e-06
32.6276	-4.39394	4.0173e-06
32.731	-4.39394	4.02299e-06
32.8345	-4.39394	4.02879e-06
32.9379	-4.39394	4.03471e-06
33.0414	-4.39394	4.04075e-06
33.1448	-4.39394	4.04692e-06
33.2483	-4.39394	4.05323e-06
33.3517	-4.39394	4.05969e-06
33.4552	-4.39394	4.0663e-06
33.5586	-4.39394	4.07308e-06
33.6621	-4.39394	4.08003e-06
33.7655	-4.39394	4.08716e-06
33.869	-4.39394	4.09448e-06
33.9724	-4.39394	4.10201e-06
34.0759	-4.39394	4.10976e-06
34.1793	-4.39394	4.11773e-06
34.2828	-4.39394	4.12594e-06
34.3862	-4.39394	4.13441e-06
34.4897	-4.39394	4.14314e-06
34.5931	-4.39394	4.15215e-06
34.6966	-4.39394	4.16145e-06
34.8	-4.39394	4.17105e-06
31.8	-4.29293	3.98068e-06
31.9034	-4.29293	3.98529e-06
32.0069	-4.29293	3.99e-06
32.1103	-4.29293	3.9948e-06
32.2138	-4.29293	3.99971e-06
32.3172	-4.29293	4.00471e-06
32.4207	-4.29293	4.00981e-06
32.5241	-4.29293	4.01502e-06
32.6276	-4.29293	4.02033e-06
32.731	-4.29293	4.02575e-06
32.8345	-4.29293	4.03129e-06
32.9379	-4.29293	4.03695e-06
33.0414	-4.29293	4.04273e-06
33.1448	-4.29293	4.04864e-06
33.2483	-4.29293	4.05468e-06
33.3517	-4.29293	4.06087e-06
33.4552	-4.29293	4.06721e-06
33.5586	-4.29293	4.07371e-06
33.6621	-4.29293	4.08038e-06
33.7655	-4.29293	4.08722e-06
33.869	-4.29293	4.09425e-06
33.9724	-4.29293	4.10147e-06
34.0759	-4.29293	4.1089e-06
34.1793	-4.29293	4.11655e-06
34.2828	-4.29293	4.12442e-06
34.3862	-4.29293	4.13253e-06
34.4897	-4.29293	4.14089e-06
34.5931	-4.29293	4.14951e-06
34.6966	-4.29293	4.1584e-06
34.8	-4.29293	4.16758e-06
31.8	-4.19192	3.98584e-06
31.9034	-4.19192	3.99015e-06
32.0069	-4.19192	3.99457e-06
32.1103	-4.19192	3.99909e-06
32.2138	-4.19192	4.00371e-06
32.3172	-4.19192	4.00843e-06
32.4207	-4.19192	4.01326e-06
32.5241	-4.19192	4.01819e-06
32.6276	-4.19192	4.02324e-06
32.731	-4.19192	4.02839e-06
32.8345	-4.19192	4.03366e-06
32.9379	-4.19192	4.03905e-06
33.0414	-4.19192	4.04456e-06
33.1448	-4.19192	4.0502e-06
33.2483	-4.19192	4.05598e-06
33.3517	-4.19192	4.06189e-06
33.4552	-4.19192	4.06795e-06
33.5586	-4.19192	4.07417e-06
33.6621	-4.19192	4.08054e-06
33.7655	-4.19192	4.08709e-06
33.869	-4.19192	4.09381e-06
33.9724	-4.19192	4.10072e-06
34.0759	-4.19192	4.10782e-06
34.1793	-4.19192	4.11513e-06
34.2828	-4.19192	4.12264e-06
34.3862	-4.19192	4.13039e-06
34.4897	-4.19192	4.13836e-06
34.5931	-4.19192	4.14658e-06
34.6966	-4.19192	4.15505e-06
34.8	-4.19192	4.16379e-06
31.8	-4.09091	3.99089e-06
31.9034	-4.09091	3.9949e-06
32.0069	-4.09091	3.99903e-06
32.1103	-4.09091	4.00326e-06
32.2138	-4.09091	4.00759e-06
32.3172	-4.09091	4.01204e-06
32.4207	-4.09091	4.01659e-06
32.5241	-4.09091	4.02125e-06
32.6276	-4.09091	4.02602e-06
32.731	-4.09091	4.03091e-06
32.8345	-4.09091	4.0359e-06
32.9379	-4.09091	4.04102e-06
33.0414	-4.09091	4.04626e-06
33.1448	-4.09091	4.05162e-06
33.2483	-4.09091	4.05712e-06
33.3517	-4.09091	4.06275e-06
33.4552	-4.09091	4.06853e-06
33.5586	-4.09091	4.07445e-06
33.6621	-4.09091	4.08053e-06
33.7655	-4.09091	4.08677e-06
33.869	-4.09091	4.09317e-06
33.9724	-4.09091	4.09976e-06
34.0759	-4.09091	4.10652e-06
34.1793	-4.09091	4.11348e-06
34.2828	-4.09091	4.12063e-06
34.3862	-4.09091	4.128e-06
34.4897	-4.09091	4.13558e-06
34.5931	-4.09091	4.14339e-06
34.6966	-4.09091	4.15143e-06
34.8	-4.09091	4.15972e-06
31.8	-3.9899	3.99581e-06
31.9034	-3.9899	3.99954e-06
32.0069	-3.9899	4.00337e-06
32.1103	-3.9899	4.00731e-06
32.2138	-3.9899	4.01137e-06
32.3172	-3.9899	4.01553e-06
32.4207	-3.9899	4.01981e-06
32.5241	-3.9899	4.02419e-06
32.6276	-3.9899	4.02869e-06
32.731	-3.9899	4.03329e-06
32.8345	-3.9899	4.03802e-06
32.9379	-3.9899	4.04286e-06
33.0414	-3.9899	4.04782e-06
33.1448	-3.9899	4.05291e-06
33.2483	-3.9899	4.05812e-06
33.3517	-3.9899	4.06346e-06
33.4552	-3.9899	4.06895e-06
33.5586	-3.9899	4.07457e-06
33.6621	-3.9899	4.08034e-06
33.7655	-3.9899	4.08627e-06
33.869	-3.9899	4.09235e-06
33.9724	-3.9899	4.0986e-06
34.0759	-3.9899	4.10502e-06
34.1793	-3.9899	4.11162e-06
34.2828	-3.9899	4.11841e-06
34.3862	-3.9899	4.12538e-06
34.4897	-3.9899	4.13256e-06
34.5931	-3.9899	4.13995e-06
34.6966	-3.9899	4.14755e-06
34.8	-3.9899	4.15538e-06
31.8	-3.88889	4.00062e-06
31.9034	-3.88889	4.00405e-06
32.0069	-3.88889	4.00759e-06
32.1103	-3.88889	4.01125e-06
32.2138	-3.88889	4.01502e-06
32.3172	-3.88889	4.01891e-06
32.4207	-3.88889	4.0229e-06
32.5241	-3.88889	4.02701e-06
32.6276	-3.88889	4.03123e-06
32.731	-3.88889	4.03556e-06
32.8345	-3.88889	4.04e-06
32.9379	-3.88889	4.04457e-06
33.0414	-3.88889	4.04925e-06
33.1448	-3.88889	4.05405e-06
33.2483	-3.88889	4.05897e-06
33.3517	-3.88889	4.06403e-06
33.4552	-3.88889	4.06921e-06
33.5586	-3.88889	4.07453e-06
33.6621	-3.88889	4.07999e-06
33.7655	-3.88889	4.0856e-06
33.869	-3.88889	4.09135e-06
33.9724	-3.88889	4.09726e-06
34.0759	-3.88889	4.10333e-06
34.1793	-3.88889	4.10957e-06
34.2828	-3.88889	4.11597e-06
34.3862	-3.88889	4.12256e-06
34.4897	-3.88889	4.12933e-06
34.5931	-3.88889	4.13628e-06
34.6966	-3.88889	4.14344e-06
34.8	-3.88889	4.1508e-06
31.8	-3.78788	4.00531e-06
31.9034	-3.78788	4.00844e-06
32.0069	-3.78788	4.0117e-06
32.1103	-3.78788	4.01507e-06
32.2138	-3.78788	4.01856e-06
32.3172	-3.78788	4.02216e-06
32.4207	-3.78788	4.02588e-06
32.5241	-3.78788	4.02971e-06
32.6276	-3.78788	4.03365e-06
32.731	-3.78788	4.0377e-06
32.8345	-3.78788	4.04187e-06
32.9379	-3.78788	4.04615e-06
33.0414	-3.78788	4.05055e-06
33.1448	-3.78788	4.05506e-06
33.2483	-3.78788	4.05969e-06
33.3517	-3.78788	4.06445e-06
33.4552	-3.78788	4.06933e-06
33.5586	-3.78788	4.07435e-06
33.6621	-3.78788	4.07949e-06
33.7655	-3.78788	4.08477e-06
33.869	-3.78788	4.09019e-06
33.9724	-3.78788	4.09575e-06
34.0759	-3.78788	4.10146e-06
34.1793	-3.78788	4.10733e-06
34.2828	-3.78788	4.11335e-06
34.3862	-3.78788	4.11954e-06
34.4897	-3.78788	4.12589e-06
34.5931	-3.78788	4.13241e-06
34.6966	-3.78788	4.13911e-06
34.8	-3.78788	4.146e-06
31.8	-3.68687	4.00986e-06
31.9034	-3.68687	4.01271e-06
32.0069	-3.68687	4.01568e-06
32.1103	-3.68687	4.01877e-06
32.2138	-3.68687	4.02198e-06
32.3172	-3.68687	4.0253e-06
32.4207	-3.68687	4.02874e-06
32.5241	-3.68687	4.03229e-06
32.6276	-3.68687	4.03595e-06
32.731	-3.68687	4.03972e-06
32.8345	-3.68687	4.04361e-06
32.9379	-3.68687	4.04761e-06
33.0414	-3.68687	4.05172e-06
33.1448	-3.68687	4.05594e-06
33.2483	-3.68687	4.06028e-06
33.3517	-3.68687	4.06474e-06
33.4552	-3.68687	4.06932e-06
33.5586	-3.68687	4.07402e-06
33.6621	-3.68687	4.07884e-06
33.7655	-3.68687	4.08379e-06
33.869	-3.68687	4.08887e-06
33.9724	-3.68687	4.09409e-06
34.0759	-3.68687	4.09944e-06
34.1793	-3.68687	4.10493e-06
34.2828	-3.68687	4.11056e-06
34.3862	-3.68687	4.11634e-06
34.4897	-3.68687	4.12227e-06
34.5931	-3.68687	4.12835e-06
34.6966	-3.68687	4.13459e-06
34.8	-3.68687	4.141e-06
31.8	-3.58586	4.01429e-06
31.9034	-3.58586	4.01686e-06
32.0069	-3.58586	4.01954e-06
32.1103	-3.58586	4.02235e-06
32.2138	-3.58586	4.02528e-06
32.3172	-3.58586	4.02832e-06
32.4207	-3.58586	4.03148e-06
32.5241	-3.58586	4.03475e-06
32.6276	-3.58586	4.03813e-06
32.731	-3.58586	4.04163e-06
32.8345	-3.58586	4.04523e-06
32.9379	-3.58586	4.04895e-06
33.0414	-3.58586	4.05277e-06
33.1448	-3.58586	4.0567e-06
33.2483	-3.58586	4.06075e-06
33.3517	-3.58586	4.0649e-06
33.4552	-3.58586	4.06917e-06
33.5586	-3.58586	4.07356e-06
33.6621	-3.58586	4.07806e-06
33.7655	-3.58586	4.08267e-06
33.869	-3.58586	4.08741e-06
33.9724	-3.58586	4.09227e-06
34.0759	-3.58586	4.09726e-06
34.1793	-3.58586	4.10237e-06
34.2828	-3.58586	4.10761e-06
34.3862	-3.58586	4.11298e-06
34.4897	-3.58586	4.11849e-06
34.5931	-3.58586	4.12413e-06
34.6966	-3.58586	4.12991e-06
34.8	-3.58586	4.13582e-06
31.8	-3.48485	4.01859e-06
31.9034	-3.48485	4.02087e-06
32.0069	-3.48485	4.02328e-06
32.1103	-3.48485	4.02581e-06
32.2138	-3.48485	4.02846e-06
32.3172	-3.48485	4.03122e-06
32.4207	-3.48485	4.0341e-06
32.5241	-3.48485	4.0371e-06
32.6276	-3.48485	4.0402e-06
32.731	-3.48485	4.04342e-06
32.8345	-3.48485	4.04674e-06
32.9379	-3.48485	4.05017e-06
33.0414	-3.48485	4.0537e-06
33.1448	-3.48485	4.05734e-06
33.2483	-3.48485	4.06109e-06
33.3517	-3.48485	4.06494e-06
33.4552	-3.48485	4.0689e-06
33.5586	-3.48485	4.07297e-06
33.6621	-3.48485	4.07715e-06
33.7655	-3.48485	4.08143e-06
33.869	-3.48485	4.08582e-06
33.9724	-3.48485	4.09033e-06
34.0759	-3.48485	4.09495e-06
34.1793	-3.48485	4.09968e-06
34.2828	-3.48485	4.10452e-06
34.3862	-3.48485	4.10948e-06
34.4897	-3.48485	4.11456e-06
34.5931	-3.48485	4.11975e-06
34.6966	-3.48485	4.12507e-06
34.8	-3.48485	4.1305e-06
31.8	-3.38384	4.02276e-06
31.9034	-3.38384	4.02476e-06
32.0069	-3.38384	4.02689e-06
32.1103	-3.38384	4.02914e-06
32.2138	-3.38384	4.03151e-06
32.3172	-3.38384	4.03401e-06
32.4207	-3.38384	4.03661e-06
32.5241	-3.38384	4.03933e-06
32.6276	-3.38384	4.04216e-06
32.731	-3.38384	4.04509e-06
32.8345	-3.38384	4.04813e-06
32.9379	-3.38384	4.05128e-06
33.0414	-3.38384	4.05452e-06
33.1448	-3.38384	4.05787e-06
33.2483	-3.38384	4.06132e-06
33.3517	-3.38384	4.06487e-06
33.4552	-3.38384	4.06852e-06
33.5586	-3.38384	4.07227e-06
33.6621	-3.38384	4.07612e-06
33.7655	-3.38384	4.08007e-06
33.869	-3.38384	4.08412e-06
33.9724	-3.38384	4.08826e-06
34.0759	-3.38384	4.09251e-06
34.1793	-3.38384	4.09686e-06
34.2828	-3.38384	4.10131e-06
34.3862	-3.38384	4.10585e-06
34.4897	-3.38384	4.1105e-06
34.5931	-3.38384	4.11525e-06
34.6966	-3.38384	4.1201e-06
34.8	-3.38384	4.12504e-06
31.8	-3.28283	4.02679e-06
31.9034	-3.28283	4.02852e-06
32.0069	-3.28283	4.03037e-06
32.1103	-3.28283	4.03235e-06
32.2138	-3.28283	4.03445e-06
32.3172	-3.28283	4.03667e-06
32.4207	-3.28283	4.03901e-06
32.5241	-3.28283	4.04145e-06
32.6276	-3.28283	4.044e-06
32.731	-3.28283	4.04666e-06
32.8345	-3.28283	4.04942e-06
32.9379	-3.28283	4.05228e-06
33.0414	-3.28283	4.05524e-06
33.1448	-3.28283	4.0583e-06
33.2483	-3.28283	4.06145e-06
33.3517	-3.28283	4.0647e-06
33.4552	-3.28283	4.06804e-06
33.5586	-3.28283	4.07147e-06
33.6621	-3.28283	4.07499e-06
33.7655	-3.28283	4.0786e-06
33.869	-3.28283	4.0823e-06
33.9724	-3.28283	4.08609e-06
34.0759	-3.28283	4.08997e-06
34.1793	-3.28283	4.09393e-06
34.2828	-3.28283	4.09798e-06
34.3862	-3.28283	4.10212e-06
34.4897	-3.28283	4.10634e-06
34.5931	-3.28283	4.11064e-06
34.6966	-3.28283	4.11502e-06
34.8	-3.28283	4.11948e-06
31.8	-3.18182	4.03069e-06
31.9034	-3.18182	4.03215e-06
32.0069	-3.18182	4.03373e-06
32.1103	-3.18182	4.03544e-06
32.2138	-3.18182	4.03727e-06
32.3172	-3.18182	4.03922e-06
32.4207	-3.18182	4.04129e-06
32.5241	-3.18182	4.04346e-06
32.6276	-3.18182	4.04574e-06
32.731	-3.18182	4.04812e-06
32.8345	-3.18182	4.0506e-06
32.9379	-3.18182	4.05318e-06
33.0414	-3.18182	4.05585e-06
33.1448	-3.18182	4.05862e-06
33.2483	-3.18182	4.06148e-06
33.3517	-3.18182	4.06442e-06
33.4552	-3.18182	4.06745e-06
33.5586	-3.18182	4.07056e-06
33.6621	-3.18182	4.07376e-06
33.7655	-3.18182	4.07704e-06
33.869	-3.18182	4.08039e-06
33.9724	-3.18182	4.08382e-06
34.0759	-3.18182	4.08733e-06
34.1793	-3.18182	4.09091e-06
34.2828	-3.18182	4.09457e-06
34.3862	-3.18182	4.09829e-06
34.4897	-3.18182	4.10208e-06
34.5931	-3.18182	4.10593e-06
34.6966	-3.18182	4.10985e-06
34.8	-3.18182	4.11383e-06
31.8	-3.08081	4.03446e-06
31.9034	-3.08081	4.03565e-06
32.0069	-3.08081	4.03696e-06
32.1103	-3.08081	4.03841e-06
32.2138	-3.08081	4.03998e-06
32.3172	-3.08081	4.04166e-06
32.4207	-3.08081	4.04346e-06
32.5241	-3.08081	4.04536e-06
32.6276	-3.08081	4.04737e-06
32.731	-3.08081	4.04948e-06
32.8345	-3.08081	4.05168e-06
32.9379	-3.08081	4.05398e-06
33.0414	-3.08081	4.05637e-06
33.1448	-3.08081	4.05885e-06
33.2483	-3.08081	4.06141e-06
33.3517	-3.08081	4.06405e-06
33.4552	-3.08081	4.06678e-06
33.5586	-3.08081	4.06957e-06
33.6621	-3.08081	4.07245e-06
33.7655	-3.08081	4.07539e-06
33.869	-3.08081	4.0784e-06
33.9724	-3.08081	4.08148e-06
34.0759	-3.08081	4.08462e-06
34.1793	-3.08081	4.08782e-06
34.2828	-3.08081	4.09107e-06
34.3862	-3.08081	4.09439e-06
34.4897	-3.08081	4.09775e-06
34.5931	-3.08081	4.10116e-06
34.6966	-3.08081	4.10462e-06
34.8	-3.08081	4.10811e-06
31.8	-2.9798	4.03809e-06
31.9034	-2.9798	4.03902e-06
32.0069	-2.9798	4.04007e-06
32.1103	-2.9798	4.04126e-06
32.2138	-2.9798	4.04256e-06
32.3172	-2.9798	4.04398e-06
32.4207	-2.9798	4.04552e-06
32.5241	-2.9798	4.04716e-06
32.6276	-2.9798	4.0489e-06
32.731	-2.9798	4.05074e-06
32.8345	-2.9798	4.05267e-06
32.9379	-2.9798	4.05469e-06
33.0414	-2.9798	4.0568e-06
33.1448	-2.9798	4.05899e-06
33.2483	-2.9798	4.06126e-06
33.3517	-2.9798	4.0636e-06
33.4552	-2.9798	4.06602e-06
33.5586	-2.9798	4.06851e-06
33.6621	-2.9798	4.07105e-06
33.7655	-2.9798	4.07367e-06
33.869	-2.9798	4.07633e-06
33.9724	-2.9798	4.07906e-06
34.0759	-2.9798	4.08183e-06
34.1793	-2.9798	4.08466e-06
34.2828	-2.9798	4.08752e-06
34.3862	-2.9798	4.09043e-06
34.4897	-2.9798	4.09337e-06
34.5931	-2.9798	4.09634e-06
34.6966	-2.9798	4.09934e-06
34.8	-2.9798	4.10235e-06
31.8	-2.87879	4.04159e-06
31.9034	-2.87879	4.04226e-06
32.0069	-2.87879	4.04306e-06
32.1103	-2.87879	4.04398e-06
32.2138	-2.87879	4.04503e-06
32.3172	-2.87879	4.0462e-06
32.4207	-2.87879	4.04747e-06
32.5241	-2.87879	4.04885e-06
32.6276	-2.87879	4.05033e-06
32.731	-2.87879	4.0519e-06
32.8345	-2.87879	4.05356e-06
32.9379	-2.87879	4.05531e-06
33.0414	-2.87879	4.05714e-06
33.1448	-2.87879	4.05905e-06
33.2483	-2.87879	4.06103e-06
33.3517	-2.87879	4.06308e-06
33.4552	-2.87879	4.06519e-06
33.5586	-2.87879	4.06737e-06
33.6621	-2.87879	4.0696e-06
33.7655	-2.87879	4.07188e-06
33.869	-2.87879	4.07421e-06
33.9724	-2.87879	4.07658e-06
34.0759	-2.87879	4.079e-06
34.1793	-2.87879	4.08144e-06
34.2828	-2.87879	4.08392e-06
34.3862	-2.87879	4.08642e-06
34.4897	-2.87879	4.08894e-06
34.5931	-2.87879	4.09148e-06
34.6966	-2.87879	4.09402e-06
34.8	-2.87879	4.09657e-06
31.8	-2.77778	4.04495e-06
31.9034	-2.77778	4.04537e-06
32.0069	-2.77778	4.04592e-06
32.1103	-2.77778	4.04659e-06
32.2138	-2.77778	4.04739e-06
32.3172	-2.77778	4.0483e-06
32.4207	-2.77778	4.04932e-06
32.5241	-2.77778	4.05044e-06
32.6276	-2.77778	4.05166e-06
32.731	-2.77778	4.05297e-06
32.8345	-2.77778	4.05437e-06
32.9379	-2.77778	4.05585e-06
33.0414	-2.77778	4.05741e-06
33.1448	-2.77778	4.05904e-06
33.2483	-2.77778	4.06073e-06
33.3517	-2.77778	4.06249e-06
33.4552	-2.77778	4.0643e-06
33.5586	-2.77778	4.06617e-06
33.6621	-2.77778	4.06808e-06
33.7655	-2.77778	4.07004e-06
33.869	-2.77778	4.07204e-06
33.9724	-2.77778	4.07406e-06
34.0759	-2.77778	4.07612e-06
34.1793	-2.77778	4.0782e-06
34.2828	-2.77778	4.08029e-06
34.3862	-2.77778	4.08239e-06
34.4897	-2.77778	4.0845e-06
34.5931	-2.77778	4.08661e-06
34.6966	-2.77778	4.0887e-06
34.8	-2.77778	4.09078e-06
31.8	-2.67677	4.04818e-06
31.9034	-2.67677	4.04835e-06
32.0069	-2.67677	4.04866e-06
32.1103	-2.67677	4.04909e-06
32.2138	-2.67677	4.04964e-06
32.3172	-2.67677	4.0503e-06
32.4207	-2.67677	4.05107e-06
32.5241	-2.67677	4.05194e-06
32.6276	-2.67677	4.05291e-06
32.731	-2.67677	4.05396e-06
32.8345	-2.67677	4.0551e-06
32.9379	-2.67677	4.05631e-06
33.0414	-2.67677	4.0576e-06
33.1448	-2.67677	4.05895e-06
33.2483	-2.67677	4.06037e-06
33.3517	-2.67677	4.06184e-06
33.4552	-2.67677	4.06336e-06
33.5586	-2.67677	4.06492e-06
33.6621	-2.67677	4.06652e-06
33.7655	-2.67677	4.06816e-06
33.869	-2.67677	4.06983e-06
33.9724	-2.67677	4.07151e-06
34.0759	-2.67677	4.07322e-06
34.1793	-2.67677	4.07493e-06
34.2828	-2.67677	4.07664e-06
34.3862	-2.67677	4.07835e-06
34.4897	-2.67677	4.08005e-06
34.5931	-2.67677	4.08174e-06
34.6966	-2.67677	4.08339e-06
34.8	-2.67677	4.08501e-06
31.8	-2.57576	4.05127e-06
31.9034	-2.57576	4.05121e-06
32.0069	-2.57576	4.05127e-06
32.1103	-2.57576	4.05146e-06
32.2138	-2.57576	4.05177e-06
32.3172	-2.57576	4.0522e-06
32.4207	-2.57576	4.05272e-06
32.5241	-2.57576	4.05335e-06
32.6276	-2.57576	4.05406e-06
32.731	-2.57576	4.05486e-06
32.8345	-2.57576	4.05574e-06
32.9379	-2.57576	4.0567e-06
33.0414	-2.57576	4.05772e-06
33.1448	-2.57576	4.0588e-06
33.2483	-2.57576	4.05994e-06
33.3517	-2.57576	4.06113e-06
33.4552	-2.57576	4.06236e-06
33.5586	-2.57576	4.06363e-06
33.6621	-2.57576	4.06493e-06
33.7655	-2.57576	4.06625e-06
33.869	-2.57576	4.06759e-06
33.9724	-2.57576	4.06894e-06
34.0759	-2.57576	4.0703e-06
34.1793	-2.57576	4.07165e-06
34.2828	-2.57576	4.073e-06
34.3862	-2.57576	4.07432e-06
34.4897	-2.57576	4.07562e-06
34.5931	-2.57576	4.07689e-06
34.6966	-2.57576	4.07811e-06
34.8	-2.57576	4.07928e-06
31.8	-2.47475	4.05424e-06
31.9034	-2.47475	4.05394e-06
32.0069	-2.47475	4.05377e-06
32.1103	-2.47475	4.05373e-06
32.2138	-2.47475	4.0538e-06
32.3172	-2.47475	4.05399e-06
32.4207	-2.47475	4.05428e-06
32.5241	-2.47475	4.05466e-06
32.6276	-2.47475	4.05513e-06
32.731	-2.47475	4.05569e-06
32.8345	-2.47475	4.05632e-06
32.9379	-2.47475	4.05702e-06
33.0414	-2.47475	4.05778e-06
33.1448	-2.47475	4.0586e-06
33.2483	-2.47475	4.05947e-06
33.3517	-2.47475	4.06038e-06
33.4552	-2.47475	4.06133e-06
33.5586	-2.47475	4.06231e-06
33.6621	-2.47475	4.0633e-06
33.7655	-2.47475	4.06432e-06
33.869	-2.47475	4.06534e-06
33.9724	-2.47475	4.06636e-06
34.0759	-2.47475	4.06738e-06
34.1793	-2.47475	4.06838e-06
34.2828	-2.47475	4.06936e-06
34.3862	-2.47475	4.07031e-06
34.4897	-2.47475	4.07121e-06
34.5931	-2.47475	4.07207e-06
34.6966	-2.47475	4.07287e-06
34.8	-2.47475	4.0736e-06
31.8	-2.37374	4.05707e-06
31.9034	-2.37374	4.05654e-06
32.0069	-2.37374	4.05615e-06
32.1103	-2.37374	4.05588e-06
32.2138	-2.37374	4.05573e-06
32.3172	-2.37374	4.05568e-06
32.4207	-2.37374	4.05574e-06
32.5241	-2.37374	4.05589e-06
32.6276	-2.37374	4.05612e-06
32.731	-2.37374	4.05644e-06
32.8345	-2.37374	4.05683e-06
32.9379	-2.37374	4.05728e-06
33.0414	-2.37374	4.05779e-06
33.1448	-2.37374	4.05835e-06
33.2483	-2.37374	4.05895e-06
33.3517	-2.37374	4.0596e-06
33.4552	-2.37374	4.06027e-06
33.5586	-2.37374	4.06096e-06
33.6621	-2.37374	4.06166e-06
33.7655	-2.37374	4.06238e-06
33.869	-2.37374	4.06309e-06
33.9724	-2.37374	4.06379e-06
34.0759	-2.37374	4.06447e-06
34.1793	-2.37374	4.06513e-06
34.2828	-2.37374	4.06575e-06
34.3862	-2.37374	4.06633e-06
34.4897	-2.37374	4.06685e-06
34.5931	-2.37374	4.06731e-06
34.6966	-2.37374	4.0677e-06
34.8	-2.37374	4.068e-06
31.8	-2.27273	4.05977e-06
31.9034	-2.27273	4.05903e-06
32.0069	-2.27273	4.05841e-06
32.1103	-2.27273	4.05792e-06
32.2138	-2.27273	4.05755e-06
32.3172	-2.27273	4.05728e-06
32.4207	-2.27273	4.05711e-06
32.5241	-2.27273	4.05703e-06
32.6276	-2.27273	4.05704e-06
32.731	-2.27273	4.05712e-06
32.8345	-2.27273	4.05727e-06
32.9379	-2.27273	4.05748e-06
33.0414	-2.27273	4.05774e-06
33.1448	-2.27273	4.05805e-06
33.2483	-2.27273	4.0584e-06
33.3517	-2.27273	4.05878e-06
33.4552	-2.27273	4.05918e-06
33.5586	-2.27273	4.05959e-06
33.6621	-2.27273	4.06001e-06
33.7655	-2.27273	4.06043e-06
33.869	-2.27273	4.06084e-06
33.9724	-2.27273	4.06123e-06
34.0759	-2.27273	4.06159e-06
34.1793	-2.27273	4.06191e-06
34.2828	-2.27273	4.06218e-06
34.3862	-2.27273	4.0624e-06
34.4897	-2.27273	4.06255e-06
34.5931	-2.27273	4.06262e-06
34.6966	-2.27273	4.0626e-06
34.8	-2.27273	4.06248e-06
31.8	-2.17172	4.06234e-06
31.9034	-2.17172	4.06139e-06
32.0069	-2.17172	4.06056e-06
32.1103	-2.17172	4.05986e-06
32.2138	-2.17172	4.05927e-06
32.3172	-2.17172	4.05879e-06
32.4207	-2.17172	4.0584e-06
32.5241	-2.17172	4.0581e-06
32.6276	-2.17172	4.05788e-06
32.731	-2.17172	4.05774e-06
32.8345	-2.17172	4.05766e-06
32.9379	-2.17172	4.05763e-06
33.0414	-2.17172	4.05766e-06
33.1448	-2.17172	4.05772e-06
33.2483	-2.17172	4.05782e-06
33.3517	-2.17172	4.05794e-06
33.4552	-2.17172	4.05808e-06
33.5586	-2.17172	4.05822e-06
33.6621	-2.17172	4.05836e-06
33.7655	-2.17172	4.0585e-06
33.869	-2.17172	4.05861e-06
33.9724	-2.17172	4.05869e-06
34.0759	-2.17172	4.05874e-06
34.1793	-2.17172	4.05873e-06
34.2828	-2.17172	4.05867e-06
34.3862	-2.17172	4.05854e-06
34.4897	-2.17172	4.05833e-06
34.5931	-2.17172	4.05802e-06
34.6966	-2.17172	4.05761e-06
34.8	-2.17172	4.05708e-06
31.8	-2.07071	4.06478e-06
31.9034	-2.07071	4.06362e-06
32.0069	-2.07071	4.0626e-06
32.1103	-2.07071	4.06169e-06
32.2138	-2.07071	4.06089e-06
32.3172	-2.07071	4.0602e-06
32.4207	-2.07071	4.0596e-06
32.5241	-2.07071	4.05909e-06
32.6276	-2.07071	4.05866e-06
32.731	-2.07071	4.05829e-06
32.8345	-2.07071	4.05799e-06
32.9379	-2.07071	4.05774e-06
33.0414	-2.07071	4.05753e-06
33.1448	-2.07071	4.05736e-06
33.2483	-2.07071	4.05721e-06
33.3517	-2.07071	4.05709e-06
33.4552	-2.07071	4.05697e-06
33.5586	-2.07071	4.05685e-06
33.6621	-2.07071	4.05673e-06
33.7655	-2.07071	4.05658e-06
33.869	-2.07071	4.05641e-06
33.9724	-2.07071	4.0562e-06
34.0759	-2.07071	4.05593e-06
34.1793	-2.07071	4.05561e-06
34.2828	-2.07071	4.05522e-06
34.3862	-2.07071	4.05475e-06
34.4897	-2.07071	4.05419e-06
34.5931	-2.07071	4.05352e-06
34.6966	-2.07071	4.05273e-06
34.8	-2.07071	4.0518e-06
31.8	-1.9697	4.06709e-06
31.9034	-1.9697	4.06574e-06
32.0069	-1.9697	4.06452e-06
32.1103	-1.9697	4.06341e-06
32.2138	-1.9697	4.06242e-06
32.3172	-1.9697	4.06153e-06
32.4207	-1.9697	4.06072e-06
32.5241	-1.9697	4.06001e-06
32.6276	-1.9697	4.05936e-06
32.731	-1.9697	4.05879e-06
32.8345	-1.9697	4.05827e-06
32.9379	-1.9697	4.0578e-06
33.0414	-1.9697	4.05737e-06
33.1448	-1.9697	4.05697e-06
33.2483	-1.9697	4.05659e-06
33.3517	-1.9697	4.05622e-06
33.4552	-1.9697	4.05586e-06
33.5586	-1.9697	4.05549e-06
33.6621	-1.9697	4.0551e-06
33.7655	-1.9697	4.05469e-06
33.869	-1.9697	4.05424e-06
33.9724	-1.9697	4.05374e-06
34.0759	-1.9697	4.05319e-06
34.1793	-1.9697	4.05256e-06
34.2828	-1.9697	4.05186e-06
34.3862	-1.9697	4.05106e-06
34.4897	-1.9697	4.05015e-06
34.5931	-1.9697	4.04913e-06
34.6966	-1.9697	4.04797e-06
34.8	-1.9697	4.04667e-06
31.8	-1.86869	4.06928e-06
31.9034	-1.86869	4.06774e-06
32.0069	-1.86869	4.06633e-06
32.1103	-1.86869	4.06504e-06
32.2138	-1.86869	4.06385e-06
32.3172	-1.86869	4.06277e-06
32.4207	-1.86869	4.06177e-06
32.5241	-1.86869	4.06085e-06
32.6276	-1.86869	4.06001e-06
32.731	-1.86869	4.05923e-06
32.8345	-1.86869	4.05851e-06
32.9379	-1.86869	4.05783e-06
33.0414	-1.86869	4.05718e-06
33.1448	-1.86869	4.05656e-06
33.2483	-1.86869	4.05596e-06
33.3517	-1.86869	4.05536e-06
33.4552	-1.86869	4.05476e-06
33.5586	-1.86869	4.05415e-06
33.6621	-1.86869	4.05351e-06
33.7655	-1.86869	4.05284e-06
33.869	-1.86869	4.05212e-06
33.9724	-1.86869	4.05135e-06
34.0759	-1.86869	4.05051e-06
34.1793	-1.86869	4.04959e-06
34.2828	-1.86869	4.04858e-06
34.3862	-1.86869	4.04746e-06
34.4897	-1.86869	4.04623e-06
34.5931	-1.86869	4.04487e-06
34.6966	-1.86869	4.04336e-06
34.8	-1.86869	4.04169e-06
31.8	-1.76768	4.07135e-06
31.9034	-1.76768	4.06963e-06
32.0069	-1.76768	4.06804e-06
32.1103	-1.76768	4.06656e-06
32.2138	-1.76768	4.06519e-06
32.3172	-1.76768	4.06392e-06
32.4207	-1.76768	4.06274e-06
32.5241	-1.76768	4.06164e-06
32.6276	-1.76768	4.0606e-06
32.731	-1.76768	4.05963e-06
32.8345	-1.76768	4.0587e-06
32.9379	-1.76768	4.05782e-06
33.0414	-1.76768	4.05697e-06
33.1448	-1.76768	4.05614e-06
33.2483	-1.76768	4.05532e-06
33.3517	-1.76768	4.0545e-06
33.4552	-1.76768	4.05367e-06
33.5586	-1.76768	4.05283e-06
33.6621	-1.76768	4.05195e-06
33.7655	-1.76768	4.05103e-06
33.869	-1.76768	4.05006e-06
33.9724	-1.76768	4.04902e-06
34.0759	-1.76768	4.04791e-06
34.1793	-1.76768	4.04671e-06
34.2828	-1.76768	4.04541e-06
34.3862	-1.76768	4.04399e-06
34.4897	-1.76768	4.04244e-06
34.5931	-1.76768	4.04075e-06
34.6966	-1.76768	4.0389e-06
34.8	-1.76768	4.03688e-06
31.8	-1.66667	4.07329e-06
31.9034	-1.66667	4.0714e-06
32.0069	-1.66667	4.06964e-06
32.1103	-1.66667	4.06799e-06
32.2138	-1.66667	4.06645e-06
32.3172	-1.66667	4.065e-06
32.4207	-1.66667	4.06364e-06
32.5241	-1.66667	4.06235e-06
32.6276	-1.66667	4.06114e-06
32.731	-1.66667	4.05998e-06
32.8345	-1.66667	4.05886e-06
32.9379	-1.66667	4.05779e-06
33.0414	-1.66667	4.05674e-06
33.1448	-1.66667	4.05571e-06
33.2483	-1.66667	4.05468e-06
33.3517	-1.66667	4.05365e-06
33.4552	-1.66667	4.05261e-06
33.5586	-1.66667	4.05154e-06
33.6621	-1.66667	4.05043e-06
33.7655	-1.66667	4.04928e-06
33.869	-1.66667	4.04806e-06
33.9724	-1.66667	4.04677e-06
34.0759	-1.66667	4.0454e-06
34.1793	-1.66667	4.04393e-06
34.2828	-1.66667	4.04235e-06
34.3862	-1.66667	4.04064e-06
34.4897	-1.66667	4.03879e-06
34.5931	-1.66667	4.03679e-06
34.6966	-1.66667	4.03462e-06
34.8	-1.66667	4.03226e-06
31.8	-1.56566	4.0751e-06
31.9034	-1.56566	4.07306e-06
32.0069	-1.56566	4.07113e-06
32.1103	-1.56566	4.06932e-06
32.2138	-1.56566	4.06761e-06
32.3172	-1.56566	4.066e-06
32.4207	-1.56566	4.06447e-06
32.5241	-1.56566	4.06301e-06
32.6276	-1.56566	4.06162e-06
32.731	-1.56566	4.06029e-06
32.8345	-1.56566	4.05899e-06
32.9379	-1.56566	4.05773e-06
33.0414	-1.56566	4.0565e-06
33.1448	-1.56566	4.05527e-06
33.2483	-1.56566	4.05405e-06
33.3517	-1.56566	4.05282e-06
33.4552	-1.56566	4.05157e-06
33.5586	-1.56566	4.05029e-06
33.6621	-1.56566	4.04896e-06
33.7655	-1.56566	4.04758e-06
33.869	-1.56566	4.04613e-06
33.9724	-1.56566	4.04461e-06
34.0759	-1.56566	4.04299e-06
34.1793	-1.56566	4.04126e-06
34.2828	-1.56566	4.03941e-06
34.3862	-1.56566	4.03743e-06
34.4897	-1.56566	4.03529e-06
34.5931	-1.56566	4.033e-06
34.6966	-1.56566	4.03052e-06
34.8	-1.56566	4.02784e-06
31.8	-1.46465	4.0768e-06
31.9034	-1.46465	4.0746e-06
32.0069	-1.46465	4.07252e-06
32.1103	-1.46465	4.07056e-06
32.2138	-1.46465	4.06869e-06
32.3172	-1.46465	4.06692e-06
32.4207	-1.46465	4.06523e-06
32.5241	-1.46465	4.06361e-06
32.6276	-1.46465	4.06206e-06
32.731	-1.46465	4.06056e-06
32.8345	-1.46465	4.05909e-06
32.9379	-1.46465	4.05766e-06
33.0414	-1.46465	4.05625e-06
33.1448	-1.46465	4.05484e-06
33.2483	-1.46465	4.05343e-06
33.3517	-1.46465	4.05201e-06
33.4552	-1.46465	4.05057e-06
33.5586	-1.46465	4.04908e-06
33.6621	-1.46465	4.04755e-06
33.7655	-1.46465	4.04596e-06
33.869	-1.46465	4.04429e-06
33.9724	-1.46465	4.04253e-06
34.0759	-1.46465	4.04068e-06
34.1793	-1.46465	4.03871e-06
34.2828	-1.46465	4.03661e-06
34.3862	-1.46465	4.03436e-06
34.4897	-1.46465	4.03196e-06
34.5931	-1.46465	4.02938e-06
34.6966	-1.46465	4.02661e-06
34.8	-1.46465	4.02363e-06
31.8	-1.36364	4.07838e-06
31.9034	-1.36364	4.07603e-06
32.0069	-1.36364	4.07381e-06
32.1103	-1.36364	4.0717e-06
32.2138	-1.36364	4.06969e-06
32.3172	-1.36364	4.06777e-06
32.4207	-1.36364	4.06593e-06
32.5241	-1.36364	4.06416e-06
32.6276	-1.36364	4.06245e-06
32.731	-1.36364	4.06079e-06
32.8345	-1.36364	4.05917e-06
32.9379	-1.36364	4.05757e-06
33.0414	-1.36364	4.05599e-06
33.1448	-1.36364	4.05442e-06
33.2483	-1.36364	4.05283e-06
33.3517	-1.36364	4.05123e-06
33.4552	-1.36364	4.0496e-06
33.5586	-1.36364	4.04793e-06
33.6621	-1.36364	4.0462e-06
33.7655	-1.36364	4.04441e-06
33.869	-1.36364	4.04253e-06
33.9724	-1.36364	4.04056e-06
34.0759	-1.36364	4.03848e-06
34.1793	-1.36364	4.03628e-06
34.2828	-1.36364	4.03395e-06
34.3862	-1.36364	4.03146e-06
34.4897	-1.36364	4.0288e-06
34.5931	-1.36364	4.02596e-06
34.6966	-1.36364	4.02291e-06
34.8	-1.36364	4.01965e-06
31.8	-1.26263	4.07984e-06
31.9034	-1.26263	4.07736e-06
32.0069	-1.26263	4.075e-06
32.1103	-1.26263	4.07276e-06
32.2138	-1.26263	4.07061e-06
32.3172	-1.26263	4.06855e-06
32.4207	-1.26263	4.06657e-06
32.5241	-1.26263	4.06466e-06
32.6276	-1.26263	4.0628e-06
32.731	-1.26263	4.061e-06
32.8345	-1.26263	4.05922e-06
32.9379	-1.26263	4.05747e-06
33.0414	-1.26263	4.05574e-06
33.1448	-1.26263	4.054e-06
33.2483	-1.26263	4.05225e-06
33.3517	-1.26263	4.05049e-06
33.4552	-1.26263	4.04868e-06
33.5586	-1.26263	4.04683e-06
33.6621	-1.26263	4.04492e-06
33.7655	-1.26263	4.04294e-06
33.869	-1.26263	4.04087e-06
33.9724	-1.26263	4.0387e-06
34.0759	-1.26263	4.03641e-06
34.1793	-1.26263	4.034e-06
34.2828	-1.26263	4.03144e-06
34.3862	-1.26263	4.02872e-06
34.4897	-1.26263	4.02583e-06
34.5931	-1.26263	4.02274e-06
34.6966	-1.26263	4.01944e-06
34.8	-1.26263	4.01591e-06
31.8	-1.16162	4.08118e-06
31.9034	-1.16162	4.07858e-06
32.0069	-1.16162	4.0761e-06
32.1103	-1.16162	4.07372e-06
32.2138	-1.16162	4.07145e-06
32.3172	-1.16162	4.06926e-06
32.4207	-1.16162	4.06715e-06
32.5241	-1.16162	4.06511e-06
32.6276	-1.16162	4.06312e-06
32.731	-1.16162	4.06117e-06
32.8345	-1.16162	4.05926e-06
32.9379	-1.16162	4.05737e-06
33.0414	-1.16162	4.05549e-06
33.1448	-1.16162	4.0536e-06
33.2483	-1.16162	4.0517e-06
33.3517	-1.16162	4.04978e-06
33.4552	-1.16162	4.04781e-06
33.5586	-1.16162	4.0458e-06
33.6621	-1.16162	4.04372e-06
33.7655	-1.16162	4.04156e-06
33.869	-1.16162	4.03931e-06
33.9724	-1.16162	4.03695e-06
34.0759	-1.16162	4.03447e-06
34.1793	-1.16162	4.03186e-06
34.2828	-1.16162	4.02909e-06
34.3862	-1.16162	4.02616e-06
34.4897	-1.16162	4.02304e-06
34.5931	-1.16162	4.01972e-06
34.6966	-1.16162	4.01618e-06
34.8	-1.16162	4.01241e-06
31.8	-1.06061	4.0824e-06
31.9034	-1.06061	4.07969e-06
32.0069	-1.06061	4.07709e-06
32.1103	-1.06061	4.0746e-06
32.2138	-1.06061	4.07221e-06
32.3172	-1.06061	4.06991e-06
32.4207	-1.06061	4.06767e-06
32.5241	-1.06061	4.06551e-06
32.6276	-1.06061	4.06339e-06
32.731	-1.06061	4.06132e-06
32.8345	-1.06061	4.05928e-06
32.9379	-1.06061	4.05726e-06
33.0414	-1.06061	4.05524e-06
33.1448	-1.06061	4.05322e-06
33.2483	-1.06061	4.05118e-06
33.3517	-1.06061	4.04911e-06
33.4552	-1.06061	4.047e-06
33.5586	-1.06061	4.04483e-06
33.6621	-1.06061	4.04259e-06
33.7655	-1.06061	4.04027e-06
33.869	-1.06061	4.03786e-06
33.9724	-1.06061	4.03533e-06
34.0759	-1.06061	4.03267e-06
34.1793	-1.06061	4.02987e-06
34.2828	-1.06061	4.02692e-06
34.3862	-1.06061	4.02379e-06
34.4897	-1.06061	4.02046e-06
34.5931	-1.06061	4.01693e-06
34.6966	-1.06061	4.01317e-06
34.8	-1.06061	4.00916e-06
31.8	-0.959596	4.08351e-06
31.9034	-0.959596	4.08069e-06
32.0069	-0.959596	4.07799e-06
32.1103	-0.959596	4.0754e-06
32.2138	-0.959596	4.0729e-06
32.3172	-0.959596	4.07048e-06
32.4207	-0.959596	4.06814e-06
32.5241	-0.959596	4.06587e-06
32.6276	-0.959596	4.06364e-06
32.731	-0.959596	4.06145e-06
32.8345	-0.959596	4.05929e-06
32.9379	-0.959596	4.05715e-06
33.0414	-0.959596	4.05501e-06
33.1448	-0.959596	4.05286e-06
33.2483	-0.959596	4.05069e-06
33.3517	-0.959596	4.04849e-06
33.4552	-0.959596	4.04624e-06
33.5586	-0.959596	4.04394e-06
33.6621	-0.959596	4.04156e-06
33.7655	-0.959596	4.03909e-06
33.869	-0.959596	4.03652e-06
33.9724	-0.959596	4.03383e-06
34.0759	-0.959596	4.03101e-06
34.1793	-0.959596	4.02804e-06
34.2828	-0.959596	4.02491e-06
34.3862	-0.959596	4.0216e-06
34.4897	-0.959596	4.01809e-06
34.5931	-0.959596	4.01436e-06
34.6966	-0.959596	4.0104e-06
34.8	-0.959596	4.00619e-06
31.8	-0.858586	4.08451e-06
31.9034	-0.858586	4.0816e-06
32.0069	-0.858586	4.0788e-06
32.1103	-0.858586	4.07611e-06
32.2138	-0.858586	4.07351e-06
32.3172	-0.858586	4.071e-06
32.4207	-0.858586	4.06856e-06
32.5241	-0.858586	4.06618e-06
32.6276	-0.858586	4.06385e-06
32.731	-0.858586	4.06156e-06
32.8345	-0.858586	4.05929e-06
32.9379	-0.858586	4.05704e-06
33.0414	-0.858586	4.05479e-06
33.1448	-0.858586	4.05253e-06
33.2483	-0.858586	4.05025e-06
33.3517	-0.858586	4.04792e-06
33.4552	-0.858586	4.04555e-06
33.5586	-0.858586	4.04312e-06
33.6621	-0.858586	4.04061e-06
33.7655	-0.858586	4.03801e-06
33.869	-0.858586	4.0353e-06
33.9724	-0.858586	4.03247e-06
34.0759	-0.858586	4.0295e-06
34.1793	-0.858586	4.02638e-06
34.2828	-0.858586	4.02309e-06
34.3862	-0.858586	4.01962e-06
34.4897	-0.858586	4.01594e-06
34.5931	-0.858586	4.01203e-06
34.6966	-0.858586	4.00789e-06
34.8	-0.858586	4.00348e-06
31.8	-0.757576	4.08539e-06
31.9034	-0.757576	4.0824e-06
32.0069	-0.757576	4.07951e-06
32.1103	-0.757576	4.07674e-06
32.2138	-0.757576	4.07405e-06
32.3172	-0.757576	4.07146e-06
32.4207	-0.757576	4.06893e-06
32.5241	-0.757576	4.06646e-06
32.6276	-0.757576	4.06404e-06
32.731	-0.757576	4.06165e-06
32.8345	-0.757576	4.05929e-06
32.9379	-0.757576	4.05694e-06
33.0414	-0.757576	4.05459e-06
33.1448	-0.757576	4.05223e-06
33.2483	-0.757576	4.04984e-06
33.3517	-0.757576	4.04741e-06
33.4552	-0.757576	4.04493e-06
33.5586	-0.757576	4.04238e-06
33.6621	-0.757576	4.03976e-06
33.7655	-0.757576	4.03703e-06
33.869	-0.757576	4.0342e-06
33.9724	-0.757576	4.03124e-06
34.0759	-0.757576	4.02814e-06
34.1793	-0.757576	4.02489e-06
34.2828	-0.757576	4.02146e-06
34.3862	-0.757576	4.01784e-06
34.4897	-0.757576	4.014e-06
34.5931	-0.757576	4.00994e-06
34.6966	-0.757576	4.00564e-06
34.8	-0.757576	4.00106e-06
31.8	-0.656566	4.08616e-06
31.9034	-0.656566	4.08309e-06
32.0069	-0.656566	4.08014e-06
32.1103	-0.656566	4.07728e-06
32.2138	-0.656566	4.07453e-06
32.3172	-0.656566	4.07185e-06
32.4207	-0.656566	4.06924e-06
32.5241	-0.656566	4.06669e-06
32.6276	-0.656566	4.06419e-06
32.731	-0.656566	4.06173e-06
32.8345	-0.656566	4.05928e-06
32.9379	-0.656566	4.05685e-06
33.0414	-0.656566	4.05441e-06
33.1448	-0.656566	4.05196e-06
33.2483	-0.656566	4.04948e-06
33.3517	-0.656566	4.04695e-06
33.4552	-0.656566	4.04438e-06
33.5586	-0.656566	4.04173e-06
33.6621	-0.656566	4.039e-06
33.7655	-0.656566	4.03617e-06
33.869	-0.656566	4.03323e-06
33.9724	-0.656566	4.03016e-06
34.0759	-0.656566	4.02695e-06
34.1793	-0.656566	4.02357e-06
34.2828	-0.656566	4.02002e-06
34.3862	-0.656566	4.01627e-06
34.4897	-0.656566	4.0123e-06
34.5931	-0.656566	4.0081e-06
34.6966	-0.656566	4.00365e-06
34.8	-0.656566	3.99893e-06
31.8	-0.555556	4.08682e-06
31.9034	-0.555556	4.08369e-06
32.0069	-0.555556	4.08067e-06
32.1103	-0.555556	4.07775e-06
32.2138	-0.555556	4.07493e-06
32.3172	-0.555556	4.07219e-06
32.4207	-0.555556	4.06951e-06
32.5241	-0.555556	4.0669e-06
32.6276	-0.555556	4.06432e-06
32.731	-0.555556	4.06179e-06
32.8345	-0.555556	4.05927e-06
32.9379	-0.555556	4.05676e-06
33.0414	-0.555556	4.05425e-06
33.1448	-0.555556	4.05172e-06
33.2483	-0.555556	4.04916e-06
33.3517	-0.555556	4.04656e-06
33.4552	-0.555556	4.0439e-06
33.5586	-0.555556	4.04117e-06
33.6621	-0.555556	4.03835e-06
33.7655	-0.555556	4.03543e-06
33.869	-0.555556	4.03239e-06
33.9724	-0.555556	4.02923e-06
34.0759	-0.555556	4.02591e-06
34.1793	-0.555556	4.02243e-06
34.2828	-0.555556	4.01877e-06
34.3862	-0.555556	4.01491e-06
34.4897	-0.555556	4.01083e-06
34.5931	-0.555556	4.00651e-06
34.6966	-0.555556	4.00194e-06
34.8	-0.555556	3.99709e-06
31.8	-0.454545	4.08737e-06
31.9034	-0.454545	4.08418e-06
32.0069	-0.454545	4.08111e-06
32.1103	-0.454545	4.07814e-06
32.2138	-0.454545	4.07526e-06
32.3172	-0.454545	4.07246e-06
32.4207	-0.454545	4.06973e-06
32.5241	-0.454545	4.06706e-06
32.6276	-0.454545	4.06443e-06
32.731	-0.454545	4.06183e-06
32.8345	-0.454545	4.05926e-06
32.9379	-0.454545	4.05669e-06
33.0414	-0.454545	4.05411e-06
33.1448	-0.454545	4.05152e-06
33.2483	-0.454545	4.04889e-06
33.3517	-0.454545	4.04622e-06
33.4552	-0.454545	4.04349e-06
33.5586	-0.454545	4.04069e-06
33.6621	-0.454545	4.0378e-06
33.7655	-0.454545	4.03481e-06
33.869	-0.454545	4.03169e-06
33.9724	-0.454545	4.02844e-06
34.0759	-0.454545	4.02505e-06
34.1793	-0.454545	4.02148e-06
34.2828	-0.454545	4.01773e-06
34.3862	-0.454545	4.01378e-06
34.4897	-0.454545	4.0096e-06
34.5931	-0.454545	4.00518e-06
34.6966	-0.454545	4.00051e-06
34.8	-0.454545	3.99555e-06
31.8	-0.353535	4.08781e-06
31.9034	-0.353535	4.08458e-06
32.0069	-0.353535	4.08146e-06
32.1103	-0.353535	4.07845e-06
32.2138	-0.353535	4.07553e-06
32.3172	-0.353535	4.07269e-06
32.4207	-0.353535	4.06991e-06
32.5241	-0.353535	4.06719e-06
32.6276	-0.353535	4.06452e-06
32.731	-0.353535	4.06187e-06
32.8345	-0.353535	4.05925e-06
32.9379	-0.353535	4.05663e-06
33.0414	-0.353535	4.054e-06
33.1448	-0.353535	4.05136e-06
33.2483	-0.353535	4.04868e-06
33.3517	-0.353535	4.04595e-06
33.4552	-0.353535	4.04317e-06
33.5586	-0.353535	4.04031e-06
33.6621	-0.353535	4.03736e-06
33.7655	-0.353535	4.0343e-06
33.869	-0.353535	4.03113e-06
33.9724	-0.353535	4.02781e-06
34.0759	-0.353535	4.02435e-06
34.1793	-0.353535	4.02071e-06
34.2828	-0.353535	4.01689e-06
34.3862	-0.353535	4.01286e-06
34.4897	-0.353535	4.00861e-06
34.5931	-0.353535	4.00411e-06
34.6966	-0.353535	3.99935e-06
34.8	-0.353535	3.99431e-06
31.8	-0.252525	4.08814e-06
31.9034	-0.252525	4.08488e-06
32.0069	-0.252525	4.08173e-06
32.1103	-0.252525	4.07868e-06
32.2138	-0.252525	4.07573e-06
32.3172	-0.252525	4.07285e-06
32.4207	-0.252525	4.07004e-06
32.5241	-0.252525	4.06729e-06
32.6276	-0.252525	4.06458e-06
32.731	-0.252525	4.0619e-06
32.8345	-0.252525	4.05924e-06
32.9379	-0.252525	4.05658e-06
33.0414	-0.252525	4.05392e-06
33.1448	-0.252525	4.05123e-06
33.2483	-0.252525	4.04852e-06
33.3517	-0.252525	4.04575e-06
33.4552	-0.252525	4.04292e-06
33.5586	-0.252525	4.04002e-06
33.6621	-0.252525	4.03703e-06
33.7655	-0.252525	4.03392e-06
33.869	-0.252525	4.0307e-06
33.9724	-0.252525	4.02734e-06
34.0759	-0.252525	4.02382e-06
34.1793	-0.252525	4.02014e-06
34.2828	-0.252525	4.01626e-06
34.3862	-0.252525	4.01218e-06
34.4897	-0.252525	4.00787e-06
34.5931	-0.252525	4.00331e-06
34.6966	-0.252525	3.99849e-06
34.8	-0.252525	3.99338e-06
31.8	-0.151515	4.08836e-06
31.9034	-0.151515	4.08507e-06
32.0069	-0.151515	4.0819e-06
32.1103	-0.151515	4.07884e-06
32.2138	-0.151515	4.07586e-06
32.3172	-0.151515	4.07296e-06
32.4207	-0.151515	4.07013e-06
32.5241	-0.151515	4.06735e-06
32.6276	-0.151515	4.06462e-06
32.731	-0.151515	4.06192e-06
32.8345	-0.151515	4.05923e-06
32.9379	-0.151515	4.05655e-06
33.0414	-0.151515	4.05386e-06
33.1448	-0.151515	4.05115e-06
33.2483	-0.151515	4.04841e-06
33.3517	-0.151515	4.04561e-06
33.4552	-0.151515	4.04276e-06
33.5586	-0.151515	4.03983e-06
33.6621	-0.151515	4.0368e-06
33.7655	-0.151515	4.03367e-06
33.869	-0.151515	4.03042e-06
33.9724	-0.151515	4.02702e-06
34.0759	-0.151515	4.02347e-06
34.1793	-0.151515	4.01975e-06
34.2828	-0.151515	4.01584e-06
34.3862	-0.151515	4.01172e-06
34.4897	-0.151515	4.00737e-06
34.5931	-0.151515	4.00277e-06
34.6966	-0.151515	3.99791e-06
34.8	-0.151515	3.99276e-06
31.8	-0.0505051	4.08847e-06
31.9034	-0.0505051	4.08517e-06
32.0069	-0.0505051	4.08199e-06
32.1103	-0.0505051	4.07891e-06
32.2138	-0.0505051	4.07592e-06
32.3172	-0.0505051	4.07302e-06
32.4207	-0.0505051	4.07017e-06
32.5241	-0.0505051	4.06739e-06
32.6276	-0.0505051	4.06464e-06
32.731	-0.0505051	4.06192e-06
32.8345	-0.0505051	4.05923e-06
32.9379	-0.0505051	4.05653e-06
33.0414	-0.0505051	4.05383e-06
33.1448	-0.0505051	4.05111e-06
33.2483	-0.0505051	4.04835e-06
33.3517	-0.0505051	4.04555e-06
33.4552	-0.0505051	4.04268e-06
33.5586	-0.0505051	4.03973e-06
33.6621	-0.0505051	4.03669e-06
33.7655	-0.0505051	4.03354e-06
33.869	-0.0505051	4.03027e-06
33.9724	-0.0505051	4.02686e-06
34.0759	-0.0505051	4.0233e-06
34.1793	-0.0505051	4.01956e-06
34.2828	-0.0505051	4.01563e-06
34.3862	-0.0505051	4.01149e-06
34.4897	-0.0505051	4.00712e-06
34.5931	-0.0505051	4.0025e-06
34.6966	-0.0505051	3.99762e-06
34.8	-0.0505051	3.99245e-06
31.8	0.0505051	4.08847e-06
31.9034	0.0505051	4.08517e-06
32.0069	0.0505051	4.08199e-06
32.1103	0.0505051	4.07891e-06
32.2138	0.0505051	4.07592e-06
32.3172	0.0505051	4.07302e-06
32.4207	0.0505051	4.07017e-06
32.5241	0.0505051	4.06739e-06
32.6276	0.0505051	4.06464e-06
32.731	0.0505051	4.06192e-06
32.8345	0.0505051	4.05923e-06
32.9379	0.0505051	4.05653e-06
33.0414	0.0505051	4.05383e-06
33.1448	0.0505051	4.05111e-06
33.2483	0.0505051	4.04835e-06
33.3517	0.0505051	4.04555e-06
33.4552	0.0505051	4.04268e-06
33.5586	0.0505051	4.03973e-06
33.6621	0.0505051	4.03669e-06
33.7655	0.0505051	4.03354e-06
33.869	0.0505051	4.03027e-06
33.9724	0.0505051	4.02686e-06
34.0759	0.0505051	4.0233e-06
34.1793	0.0505051	4.01956e-06
34.2828	0.0505051	4.01563e-06
34.3862	0.0505051	4.01149e-06
34.4897	0.0505051	4.00712e-06
34.5931	0.0505051	4.0025e-06
34.6966	0.0505051	3.99762e-06
34.8	0.0505051	3.99245e-06
31.8	0.151515	4.08836e-06
31.9034	0.151515	4.08507e-06
32.0069	0.151515	4.0819e-06
32.1103	0.151515	4.07884e-06
32.2138	0.151515	4.07586e-06
32.3172	0.151515	4.07296e-06
32.4207	0.151515	4.07013e-06
32.5241	0.151515	4.06735e-06
32.6276	0.151515	4.06462e-06
32.731	0.151515	4.06192e-06
32.8345	0.151515	4.05923e-06
32.9379	0.151515	4.05655e-06
33.0414	0.151515	4.05386e-06
33.1448	0.151515	4.05115e-06
33.2483	0.151515	4.04841e-06
33.3517	0.151515	4.04561e-06
33.4552	0.151515	4.04276e-06
33.5586	0.151515	4.03983e-06
33.6621	0.151515	4.0368e-06
33.7655	0.151515	4.03367e-06
33.869	0.151515	4.03042e-06
33.9724	0.151515	4.02702e-06
34.0759	0.151515	4.02347e-06
34.1793	0.151515	4.01975e-06
34.2828	0.151515	4.01584e-06
34.3862	0.151515	4.01172e-06
34.4897	0.151515	4.00737e-06
34.5931	0.151515	4.00277e-06
34.6966	0.151515	3.99791e-06
34.8	0.151515	3.99276e-06
31.8	0.252525	4.08814e-06
31.9034	0.252525	4.08488e-06
32.0069	0.252525	4.08173e-06
32.1103	0.252525	4.07868e-06
32.2138	0.252525	4.07573e-06
32.3172	0.252525	4.07285e-06
32.4207	0.252525	4.07004e-06
32.5241	0.252525	4.06729e-06
32.6276	0.252525	4.06458e-06
32.731	0.252525	4.0619e-06
32.8345	0.252525	4.05924e-06
32.9379	0.252525	4.05658e-06
33.0414	0.252525	4.05392e-06
33.1448	0.252525	4.05123e-06
33.2483	0.252525	4.04852e-06
33.3517	0.252525	4.04575e-06
33.4552	0.252525	4.04292e-06
33.5586	0.252525	4.04002e-06
33.6621	0.252525	4.03703e-06
33.7655	0.252525	4.03392e-06
33.869	0.252525	4.0307e-06
33.9724	0.252525	4.02734e-06
34.0759	0.252525	4.02382e-06
34.1793	0.252525	4.02014e-06
34.2828	0.252525	4.01626e-06
34.3862	0.252525	4.01218e-06
34.4897	0.252525	4.00787e-06
34.5931	0.252525	4.00331e-06
34.6966	0.252525	3.99849e-06
34.8	0.252525	3.99338e-06
31.8	0.353535	4.08781e-06
31.9034	0.353535	4.08458e-06
32.0069	0.353535	4.08146e-06
32.1103	0.353535	4.07845e-06
32.2138	0.353535	4.07553e-06
32.3172	0.353535	4.07269e-06
32.4207	0.353535	4.06991e-06
32.5241	0.353535	4.06719e-06
32.6276	0.353535	4.06452e-06
32.731	0.353535	4.06187e-06
32.8345	0.353535	4.05925e-06
32.9379	0.353535	4.05663e-06
33.0414	0.353535	4.054e-06
33.1448	0.353535	4.05136e-06
33.2483	0.353535	4.04868e-06
33.3517	0.353535	4.04595e-06
33.4552	0.353535	4.04317e-06
33.5586	0.353535	4.04031e-06
33.6621	0.353535	4.03736e-06
33.7655	0.353535	4.0343e-06
33.869	0.353535	4.03113e-06
33.9724	0.353535	4.02781e-06
34.0759	0.353535	4.02435e-06
34.1793	0.353535	4.02071e-06
34.2828	0.353535	4.01689e-06
34.3862	0.353535	4.01286e-06
34.4897	0.353535	4.00861e-06
34.5931	0.353535	4.00411e-06
34.6966	0.353535	3.99935e-06
34.8	0.353535	3.99431e-06
31.8	0.454545	4.08737e-06
31.9034	0.454545	4.08418e-06
32.0069	0.454545	4.08111e-06
32.1103	0.454545	4.07814e-06
32.2138	0.454545	4.07526e-06
32.3172	0.454545	4.07246e-06
32.4207	0.454545	4.06973e-06
32.5241	0.454545	4.06706e-06
32.6276	0.454545	4.06443e-06
32.731	0.454545	4.06183e-06
32.8345	0.454545	4.05926e-06
32.9379	0.454545	4.05669e-06
33.0414	0.454545	4.05411e-06
33.1448	0.454545	4.05152e-06
33.2483	0.454545	4.04889e-06
33.3517	0.454545	4.04622e-06
33.4552	0.454545	4.04349e-06
33.5586	0.454545	4.04069e-06
33.6621	0.454545	4.0378e-06
33.7655	0.454545	4.03481e-06
33.869	0.454545	4.03169e-06
33.9724	0.454545	4.02844e-06
34.0759	0.454545	4.02505e-06
34.1793	0.454545	4.02148e-06
34.2828	0.454545	4.01773e-06
34.3862	0.454545	4.01378e-06
34.4897	0.454545	4.0096e-06
34.5931	0.454545	4.00518e-06
34.6966	0.454545	4.00051e-06
34.8	0.454545	3.99555e-06
31.8	0.555556	4.08682e-06
31.9034	0.555556	4.08369e-06
32.0069	0.555556	4.08067e-06
32.1103	0.555556	4.07775e-06
32.2138	0.555556	4.07493e-06
32.3172	0.555556	4.07219e-06
32.4207	0.555556	4.06951e-06
32.5241	0.555556	4.0669e-06
32.6276	0.555556	4.06432e-06
32.731	0.555556	4.06179e-06
32.8345	0.555556	4.05927e-06
32.9379	0.555556	4.05676e-06
33.0414	0.555556	4.05425e-06
33.1448	0.555556	4.05172e-06
33.2483	0.555556	4.04916e-06
33.3517	0.555556	4.04656e-06
33.4552	0.555556	4.0439e-06
33.5586	0.555556	4.04117e-06
33.6621	0.555556	4.03835e-06
33.7655	0.555556	4.03543e-06
33.869	0.555556	4.03239e-06
33.9724	0.555556	4.02923e-06
34.0759	0.555556	4.02591e-06
34.1793	0.555556	4.02243e-06
34.2828	0.555556	4.01877e-06
34.3862	0.555556	4.01491e-06
34.4897	0.555556	4.01083e-06
34.5931	0.555556	4.00651e-06
34.6966	0.555556	4.00194e-06
34.8	0.555556	3.99709e-06
31.8	0.656566	4.08616e-06
31.9034	0.656566	4.08309e-06
32.0069	0.656566	4.08014e-06
32.1103	0.656566	4.07729e-06
32.2138	0.656566	4.07453e-06
32.3172	0.656566	4.07185e-06
32.4207	0.656566	4.06924e-06
32.5241	0.656566	4.06669e-06
32.6276	0.656566	4.06419e-06
32.731	0.656566	4.06173e-06
32.8345	0.656566	4.05928e-06
32.9379	0.656566	4.05685e-06
33.0414	0.656566	4.05441e-06
33.1448	0.656566	4.05196e-06
33.2483	0.656566	4.04948e-06
33.3517	0.656566	4.04695e-06
33.4552	0.656566	4.04438e-06
33.5586	0.656566	4.04173e-06
33.6621	0.656566	4.039e-06
33.7655	0.656566	4.03617e-06
33.869	0.656566	4.03323e-06
33.9724	0.656566	4.03016e-06
34.0759	0.656566	4.02695e-06
34.1793	0.656566	4.02357e-06
34.2828	0.656566	4.02002e-06
34.3862	0.656566	4.01627e-06
34.4897	0.656566	4.0123e-06
34.5931	0.656566	4.0081e-06
34.6966	0.656566	4.00365e-06
34.8	0.656566	3.99893e-06
31.8	0.757576	4.08539e-06
31.9034	0.757576	4.0824e-06
32.0069	0.757576	4.07951e-06
32.1103	0.757576	4.07674e-06
32.2138	0.757576	4.07405e-06
32.3172	0.757576	4.07146e-06
32.4207	0.757576	4.06893e-06
32.5241	0.757576	4.06646e-06
32.6276	0.757576	4.06404e-06
32.731	0.757576	4.06165e-06
32.8345	0.757576	4.05929e-06
32.9379	0.757576	4.05694e-06
33.0414	0.757576	4.05459e-06
33.1448	0.757576	4.05223e-06
33.2483	0.757576	4.04984e-06
33.3517	0.757576	4.04741e-06
33.4552	0.757576	4.04493e-06
33.5586	0.757576	4.04238e-06
33.6621	0.757576	4.03976e-06
33.7655	0.757576	4.03703e-06
33.869	0.757576	4.0342e-06
33.9724	0.757576	4.03124e-06
34.0759	0.757576	4.02814e-06
34.1793	0.757576	4.02489e-06
34.2828	0.757576	4.02146e-06
34.3862	0.757576	4.01784e-06
34.4897	0.757576	4.014e-06
34.5931	0.757576	4.00994e-06
34.6966	0.757576	4.00564e-06
34.8	0.757576	4.00106e-06
31.8	0.858586	4.08451e-06
31.9034	0.858586	4.0816e-06
32.0069	0.858586	4.0788e-06
32.1103	0.858586	4.07611e-06
32.2138	0.858586	4.07351e-06
32.3172	0.858586	4.071e-06
32.4207	0.858586	4.06856e-06
32.5241	0.858586	4.06618e-06
32.6276	0.858586	4.06385e-06
32.731	0.858586	4.06156e-06
32.8345	0.858586	4.05929e-06
32.9379	0.858586	4.05704e-06
33.0414	0.858586	4.05479e-06
33.1448	0.858586	4.05253e-06
33.2483	0.858586	4.05025e-06
33.3517	0.858586	4.04792e-06
33.4552	0.858586	4.04555e-06
33.5586	0.858586	4.04312e-06
33.6621	0.858586	4.04061e-06
33.7655	0.858586	4.03801e-06
33.869	0.858586	4.0353e-06
33.9724	0.858586	4.03247e-06
34.0759	0.858586	4.0295e-06
34.1793	0.858586	4.02638e-06
34.2828	0.858586	4.02309e-06
34.3862	0.858586	4.01962e-06
34.4897	0.858586	4.01594e-06
34.5931	0.858586	4.01203e-06
34.6966	0.858586	4.00789e-06
34.8	0.858586	4.00348e-06
31.8	0.959596	4.08351e-06
31.9034	0.959596	4.08069e-06
32.0069	0.959596	4.07799e-06
32.1103	0.959596	4.0754e-06
32.2138	0.959596	4.0729e-06
32.3172	0.959596	4.07048e-06
32.4207	0.959596	4.06814e-06
32.5241	0.959596	4.06587e-06
32.6276	0.959596	4.06364e-06
32.731	0.959596	4.06145e-06
32.8345	0.959596	4.05929e-06
32.9379	0.959596	4.05715e-06
33.0414	0.959596	4.05501e-06
33.1448	0.959596	4.05286e-06
33.2483	0.959596	4.05069e-06
33.3517	0.959596	4.04849e-06
33.4552	0.959596	4.04624e-06
33.5586	0.959596	4.04394e-06
33.6621	0.959596	4.04156e-06
33.7655	0.959596	4.03909e-06
33.869	0.959596	4.03652e-06
33.9724	0.959596	4.03383e-06
34.0759	0.959596	4.03101e-06
34.1793	0.959596	4.02804e-06
34.2828	0.959596	4.02491e-06
34.3862	0.959596	4.0216e-06
34.4897	0.959596	4.01809e-06
34.5931	0.959596	4.01436e-06
34.6966	0.959596	4.0104e-06
34.8	0.959596	4.00619e-06
31.8	1.06061	4.0824e-06
31.9034	1.06061	4.07969e-06
32.0069	1.06061	4.07709e-06
32.1103	1.06061	4.0746e-06
32.2138	1.06061	4.07221e-06
32.3172	1.06061	4.06991e-06
32.4207	1.06061	4.06767e-06
32.5241	1.06061	4.06551e-06
32.6276	1.06061	4.0634e-06
32.731	1.06061	4.06132e-06
32.8345	1.06061	4.05928e-06
32.9379	1.06061	4.05726e-06
33.0414	1.06061	4.05524e-06
33.1448	1.06061	4.05322e-06
33.2483	1.06061	4.05118e-06
33.3517	1.06061	4.04911e-06
33.4552	1.06061	4.047e-06
33.5586	1.06061	4.04483e-06
33.6621	1.06061	4.04259e-06
33.7655	1.06061	4.04027e-06
33.869	1.06061	4.03786e-06
33.9724	1.06061	4.03533e-06
34.0759	1.06061	4.03267e-06
34.1793	1.06061	4.02987e-06
34.2828	1.06061	4.02692e-06
34.3862	1.06061	4.02379e-06
34.4897	1.06061	4.02046e-06
34.5931	1.06061	4.01693e-06
34.6966	1.06061	4.01317e-06
34.8	1.06061	4.00916e-06
31.8	1.16162	4.08118e-06
31.9034	1.16162	4.07858e-06
32.0069	1.16162	4.0761e-06
32.1103	1.16162	4.07372e-06
32.2138	1.16162	4.07145e-06
32.3172	1.16162	4.06926e-06
32.4207	1.16162	4.06715e-06
32.5241	1.16162	4.06511e-06
32.6276	1.16162	4.06312e-06
32.731	1.16162	4.06117e-06
32.8345	1.16162	4.05926e-06
32.9379	1.16162	4.05737e-06
33.0414	1.16162	4.05549e-06
33.1448	1.16162	4.0536e-06
33.2483	1.16162	4.0517e-06
33.3517	1.16162	4.04978e-06
33.4552	1.16162	4.04781e-06
33.5586	1.16162	4.0458e-06
33.6621	1.16162	4.04372e-06
33.7655	1.16162	4.04156e-06
33.869	1.16162	4.03931e-06
33.9724	1.16162	4.03695e-06
34.0759	1.16162	4.03447e-06
34.1793	1.16162	4.03186e-06
34.2828	1.16162	4.02909e-06
34.3862	1.16162	4.02616e-06
34.4897	1.16162	4.02304e-06
34.5931	1.16162	4.01972e-06
34.6966	1.16162	4.01618e-06
34.8	1.16162	4.01241e-06
31.8	1.26263	4.07984e-06
31.9034	1.26263	4.07736e-06
32.0069	1.26263	4.075e-06
32.1103	1.26263	4.07276e-06
32.2138	1.26263	4.07061e-06
32.3172	1.26263	4.06855e-06
32.4207	1.26263	4.06657e-06
32.5241	1.26263	4.06466e-06
32.6276	1.26263	4.0628e-06
32.731	1.26263	4.061e-06
32.8345	1.26263	4.05922e-06
32.9379	1.26263	4.05747e-06
33.0414	1.26263	4.05574e-06
33.1448	1.26263	4.054e-06
33.2483	1.26263	4.05225e-06
33.3517	1.26263	4.05049e-06
33.4552	1.26263	4.04868e-06
33.5586	1.26263	4.04683e-06
33.6621	1.26263	4.04492e-06
33.7655	1.26263	4.04294e-06
33.869	1.26263	4.04087e-06
33.9724	1.26263	4.0387e-06
34.0759	1.26263	4.03641e-06
34.1793	1.26263	4.034e-06
34.2828	1.26263	4.03144e-06
34.3862	1.26263	4.02872e-06
34.4897	1.26263	4.02583e-06
34.5931	1.26263	4.02274e-06
34.6966	1.26263	4.01944e-06
34.8	1.26263	4.01591e-06
31.8	1.36364	4.07838e-06
31.9034	1.36364	4.07603e-06
32.0069	1.36364	4.07381e-06
32.1103	1.36364	4.0717e-06
32.2138	1.36364	4.06969e-06
32.3172	1.36364	4.06777e-06
32.4207	1.36364	4.06593e-06
32.5241	1.36364	4.06416e-06
32.6276	1.36364	4.06245e-06
32.731	1.36364	4.06079e-06
32.8345	1.36364	4.05917e-06
32.9379	1.36364	4.05757e-06
33.0414	1.36364	4.05599e-06
33.1448	1.36364	4.05442e-06
33.2483	1.36364	4.05283e-06
33.3517	1.36364	4.05123e-06
33.4552	1.36364	4.0496e-06
33.5586	1.36364	4.04793e-06
33.6621	1.36364	4.0462e-06
33.7655	1.36364	4.04441e-06
33.869	1.36364	4.04253e-06
33.9724	1.36364	4.04056e-06
34.0759	1.36364	4.03848e-06
34.1793	1.36364	4.03628e-06
34.2828	1.36364	4.03395e-06
34.3862	1.36364	4.03146e-06
34.4897	1.36364	4.0288e-06
34.5931	1.36364	4.02596e-06
34.6966	1.36364	4.02291e-06
34.8	1.36364	4.01965e-06
31.8	1.46465	4.0768e-06
31.9034	1.46465	4.0746e-06
32.0069	1.46465	4.07252e-06
32.1103	1.46465	4.07056e-06
32.2138	1.46465	4.06869e-06
32.3172	1.46465	4.06692e-06
32.4207	1.46465	4.06523e-06
32.5241	1.46465	4.06361e-06
32.6276	1.46465	4.06206e-06
32.731	1.46465	4.06056e-06
32.8345	1.46465	4.05909e-06
32.9379	1.46465	4.05766e-06
33.0414	1.46465	4.05625e-06
33.1448	1.46465	4.05484e-06
33.2483	1.46465	4.05343e-06
33.3517	1.46465	4.05201e-06
33.4552	1.46465	4.05057e-06
33.5586	1.46465	4.04908e-06
33.6621	1.46465	4.04755e-06
33.7655	1.46465	4.04596e-06
33.869	1.46465	4.04429e-06
33.9724	1.46465	4.04253e-06
34.0759	1.46465	4.04068e-06
34.1793	1.46465	4.03871e-06
34.2828	1.46465	4.03661e-06
34.3862	1.46465	4.03436e-06
34.4897	1.46465	4.03196e-06
34.5931	1.46465	4.02938e-06
34.6966	1.46465	4.02661e-06
34.8	1.46465	4.02363e-06
31.8	1.56566	4.0751e-06
31.9034	1.56566	4.07306e-06
32.0069	1.56566	4.07113e-06
32.1103	1.56566	4.06932e-06
32.2138	1.56566	4.06761e-06
32.3172	1.56566	4.066e-06
32.4207	1.56566	4.06447e-06
32.5241	1.56566	4.06301e-06
32.6276	1.56566	4.06162e-06
32.731	1.56566	4.06029e-06
32.8345	1.56566	4.05899e-06
32.9379	1.56566	4.05773e-06
33.0414	1.56566	4.0565e-06
33.1448	1.56566	4.05527e-06
33.2483	1.56566	4.05405e-06
33.3517	1.56566	4.05282e-06
33.4552	1.56566	4.05157e-06
33.5586	1.56566	4.05029e-06
33.6621	1.56566	4.04896e-06
33.7655	1.56566	4.04758e-06
33.869	1.56566	4.04613e-06
33.9724	1.56566	4.04461e-06
34.0759	1.56566	4.04299e-06
34.1793	1.56566	4.04126e-06
34.2828	1.56566	4.03941e-06
34.3862	1.56566	4.03743e-06
34.4897	1.56566	4.03529e-06
34.5931	1.56566	4.033e-06
34.6966	1.56566	4.03052e-06
34.8	1.56566	4.02784e-06
31.8	1.66667	4.07329e-06
31.9034	1.66667	4.0714e-06
32.0069	1.66667	4.06964e-06
32.1103	1.66667	4.06799e-06
32.2138	1.66667	4.06645e-06
32.3172	1.66667	4.065e-06
32.4207	1.66667	4.06364e-06
32.5241	1.66667	4.06235e-06
32.6276	1.66667	4.06114e-06
32.731	1.66667	4.05998e-06
32.8345	1.66667	4.05886e-06
32.9379	1.66667	4.05779e-06
33.0414	1.66667	4.05674e-06
33.1448	1.66667	4.05571e-06
33.2483	1.66667	4.05468e-06
33.3517	1.66667	4.05365e-06
33.4552	1.66667	4.05261e-06
33.5586	1.66667	4.05154e-06
33.6621	1.66667	4.05043e-06
33.7655	1.66667	4.04928e-06
33.869	1.66667	4.04806e-06
33.9724	1.66667	4.04677e-06
34.0759	1.66667	4.0454e-06
34.1793	1.66667	4.04393e-06
34.2828	1.66667	4.04235e-06
34.3862	1.66667	4.04064e-06
34.4897	1.66667	4.03879e-06
34.5931	1.66667	4.03679e-06
34.6966	1.66667	4.03462e-06
34.8	1.66667	4.03226e-06
31.8	1.76768	4.07135e-06
31.9034	1.76768	4.06963e-06
32.0069	1.76768	4.06804e-06
32.1103	1.76768	4.06656e-06
32.2138	1.76768	4.06519e-06
32.3172	1.76768	4.06392e-06
32.4207	1.76768	4.06274e-06
32.5241	1.76768	4.06164e-06
32.6276	1.76768	4.0606e-06
32.731	1.76768	4.05963e-06
32.8345	1.76768	4.0587e-06
32.9379	1.76768	4.05782e-06
33.0414	1.76768	4.05697e-06
33.1448	1.76768	4.05614e-06
33.2483	1.76768	4.05532e-06
33.3517	1.76768	4.0545e-06
33.4552	1.76768	4.05367e-06
33.5586	1.76768	4.05283e-06
33.6621	1.76768	4.05195e-06
33.7655	1.76768	4.05103e-06
33.869	1.76768	4.05006e-06
33.9724	1.76768	4.04902e-06
34.0759	1.76768	4.04791e-06
34.1793	1.76768	4.04671e-06
34.2828	1.76768	4.04541e-06
34.3862	1.76768	4.04399e-06
34.4897	1.76768	4.04244e-06
34.5931	1.76768	4.04075e-06
34.6966	1.76768	4.0389e-06
34.8	1.76768	4.03688e-06
31.8	1.86869	4.06928e-06
31.9034	1.86869	4.06774e-06
32.0069	1.86869	4.06633e-06
32.1103	1.86869	4.06504e-06
32.2138	1.86869	4.06385e-06
32.3172	1.86869	4.06277e-06
32.4207	1.86869	4.06177e-06
32.5241	1.86869	4.06085e-06
32.6276	1.86869	4.06001e-06
32.731	1.86869	4.05923e-06
32.8345	1.86869	4.05851e-06
32.9379	1.86869	4.05783e-06
33.0414	1.86869	4.05718e-06
33.1448	1.86869	4.05656e-06
33.2483	1.86869	4.05596e-06
33.3517	1.86869	4.05536e-06
33.4552	1.86869	4.05476e-06
33.5586	1.86869	4.05415e-06
33.6621	1.86869	4.05351e-06
33.7655	1.86869	4.05284e-06
33.869	1.86869	4.05212e-06
33.9724	1.86869	4.05135e-06
34.0759	1.86869	4.05051e-06
34.1793	1.86869	4.04959e-06
34.2828	1.86869	4.04858e-06
34.3862	1.86869	4.04746e-06
34.4897	1.86869	4.04623e-06
34.5931	1.86869	4.04487e-06
34.6966	1.86869	4.04336e-06
34.8	1.86869	4.04169e-06
31.8	1.9697	4.0671e-06
31.9034	1.9697	4.06574e-06
32.0069	1.9697	4.06452e-06
32.1103	1.9697	4.06341e-06
32.2138	1.9697	4.06242e-06
32.3172	1.9697	4.06153e-06
32.4207	1.9697	4.06072e-06
32.5241	1.9697	4.06001e-06
32.6276	1.9697	4.05936e-06
32.731	1.9697	4.05879e-06
32.8345	1.9697	4.05827e-06
32.9379	1.9697	4.0578e-06
33.0414	1.9697	4.05737e-06
33.1448	1.9697	4.05697e-06
33.2483	1.9697	4.05659e-06
33.3517	1.9697	4.05622e-06
33.4552	1.9697	4.05586e-06
33.5586	1.9697	4.05549e-06
33.6621	1.9697	4.0551e-06
33.7655	1.9697	4.05469e-06
33.869	1.9697	4.05424e-06
33.9724	1.9697	4.05374e-06
34.0759	1.9697	4.05319e-06
34.1793	1.9697	4.05256e-06
34.2828	1.9697	4.05186e-06
34.3862	1.9697	4.05106e-06
34.4897	1.9697	4.05015e-06
34.5931	1.9697	4.04913e-06
34.6966	1.9697	4.04797e-06
34.8	1.9697	4.04667e-06
31.8	2.07071	4.06478e-06
31.9034	2.07071	4.06362e-06
32.0069	2.07071	4.0626e-06
32.1103	2.07071	4.06169e-06
32.2138	2.07071	4.06089e-06
32.3172	2.07071	4.0602e-06
32.4207	2.07071	4.0596e-06
32.5241	2.07071	4.05909e-06
32.6276	2.07071	4.05866e-06
32.731	2.07071	4.05829e-06
32.8345	2.07071	4.05799e-06
32.9379	2.07071	4.05774e-06
33.0414	2.07071	4.05753e-06
33.1448	2.07071	4.05736e-06
33.2483	2.07071	4.05721e-06
33.3517	2.07071	4.05709e-06
33.4552	2.07071	4.05697e-06
33.5586	2.07071	4.05685e-06
33.6621	2.07071	4.05673e-06
33.7655	2.07071	4.05658e-06
33.869	2.07071	4.05641e-06
33.9724	2.07071	4.0562e-06
34.0759	2.07071	4.05593e-06
34.1793	2.07071	4.05561e-06
34.2828	2.07071	4.05522e-06
34.3862	2.07071	4.05475e-06
34.4897	2.07071	4.05419e-06
34.5931	2.07071	4.05352e-06
34.6966	2.07071	4.05273e-06
34.8	2.07071	4.0518e-06
31.8	2.17172	4.06234e-06
31.9034	2.17172	4.06139e-06
32.0069	2.17172	4.06056e-06
32.1103	2.17172	4.05986e-06
32.2138	2.17172	4.05927e-06
32.3172	2.17172	4.05879e-06
32.4207	2.17172	4.0584e-06
32.5241	2.17172	4.0581e-06
32.6276	2.17172	4.05788e-06
32.731	2.17172	4.05774e-06
32.8345	2.17172	4.05766e-06
32.9379	2.17172	4.05763e-06
33.0414	2.17172	4.05766e-06
33.1448	2.17172	4.05772e-06
33.2483	2.17172	4.05782e-06
33.3517	2.17172	4.05794e-06
33.4552	2.17172	4.05808e-06
33.5586	2.17172	4.05822e-06
33.6621	2.17172	4.05836e-06
33.7655	2.17172	4.0585e-06
33.869	2.17172	4.05861e-06
33.9724	2.17172	4.05869e-06
34.0759	2.17172	4.05874e-06
34.1793	2.17172	4.05873e-06
34.2828	2.17172	4.05867e-06
34.3862	2.17172	4.05854e-06
34.4897	2.17172	4.05833e-06
34.5931	2.17172	4.05802e-06
34.6966	2.17172	4.05761e-06
34.8	2.17172	4.05708e-06
31.8	2.27273	4.05977e-06
31.9034	2.27273	4.05903e-06
32.0069	2.27273	4.05841e-06
32.1103	2.27273	4.05792e-06
32.2138	2.27273	4.05755e-06
32.3172	2.27273	4.05728e-06
32.4207	2.27273	4.05711e-06
32.5241	2.27273	4.05703e-06
32.6276	2.27273	4.05704e-06
32.731	2.27273	4.05712e-06
32.8345	2.27273	4.05727e-06
32.9379	2.27273	4.05748e-06
33.0414	2.27273	4.05774e-06
33.1448	2.27273	4.05805e-06
33.2483	2.27273	4.0584e-06
33.3517	2.27273	4.05878e-06
33.4552	2.27273	4.05918e-06
33.5586	2.27273	4.05959e-06
33.6621	2.27273	4.06001e-06
33.7655	2.27273	4.06043e-06
33.869	2.27273	4.06084e-06
33.9724	2.27273	4.06123e-06
34.0759	2.27273	4.06159e-06
34.1793	2.27273	4.06191e-06
34.2828	2.27273	4.06218e-06
34.3862	2.27273	4.0624e-06
34.4897	2.27273	4.06255e-06
34.5931	2.27273	4.06262e-06
34.6966	2.27273	4.0626e-06
34.8	2.27273	4.06248e-06
31.8	2.37374	4.05707e-06
31.9034	2.37374	4.05654e-06
32.0069	2.37374	4.05615e-06
32.1103	2.37374	4.05588e-06
32.2138	2.37374	4.05573e-06
32.3172	2.37374	4.05568e-06
32.4207	2.37374	4.05574e-06
32.5241	2.37374	4.05589e-06
32.6276	2.37374	4.05612e-06
32.731	2.37374	4.05644e-06
32.8345	2.37374	4.05683e-06
32.9379	2.37374	4.05728e-06
33.0414	2.37374	4.05779e-06
33.1448	2.37374	4.05835e-06
33.2483	2.37374	4.05895e-06
33.3517	2.37374	4.0596e-06
33.4552	2.37374	4.06027e-06
33.5586	2.37374	4.06096e-06
33.6621	2.37374	4.06166e-06
33.7655	2.37374	4.06238e-06
33.869	2.37374	4.06309e-06
33.9724	2.37374	4.06379e-06
34.0759	2.37374	4.06447e-06
34.1793	2.37374	4.06513e-06
34.2828	2.37374	4.06575e-06
34.3862	2.37374	4.06633e-06
34.4897	2.37374	4.06685e-06
34.5931	2.37374	4.06731e-06
34.6966	2.37374	4.0677e-06
34.8	2.37374	4.068e-06
31.8	2.47475	4.05424e-06
31.9034	2.47475	4.05394e-06
32.0069	2.47475	4.05377e-06
32.1103	2.47475	4.05373e-06
32.2138	2.47475	4.0538e-06
32.3172	2.47475	4.05399e-06
32.4207	2.47475	4.05428e-06
32.5241	2.47475	4.05466e-06
32.6276	2.47475	4.05513e-06
32.731	2.47475	4.05569e-06
32.8345	2.47475	4.05632e-06
32.9379	2.47475	4.05702e-06
33.0414	2.47475	4.05778e-06
33.1448	2.47475	4.0586e-06
33.2483	2.47475	4.05947e-06
33.3517	2.47475	4.06038e-06
33.4552	2.47475	4.06133e-06
33.5586	2.47475	4.06231e-06
33.6621	2.47475	4.0633e-06
33.7655	2.47475	4.06432e-06
33.869	2.47475	4.06534e-06
33.9724	2.47475	4.06636e-06
34.0759	2.47475	4.06738e-06
34.1793	2.47475	4.06838e-06
34.2828	2.47475	4.06936e-06
34.3862	2.47475	4.07031e-06
34.4897	2.47475	4.07121e-06
34.5931	2.47475	4.07207e-06
34.6966	2.47475	4.07287e-06
34.8	2.47475	4.0736e-06
31.8	2.57576	4.05127e-06
31.9034	2.57576	4.05121e-06
32.0069	2.57576	4.05127e-06
32.1103	2.57576	4.05147e-06
32.2138	2.57576	4.05177e-06
32.3172	2.57576	4.0522e-06
32.4207	2.57576	4.05272e-06
32.5241	2.57576	4.05335e-06
32.6276	2.57576	4.05406e-06
32.731	2.57576	4.05486e-06
32.8345	2.57576	4.05574e-06
32.9379	2.57576	4.0567e-06
33.0414	2.57576	4.05772e-06
33.1448	2.57576	4.0588e-06
33.2483	2.57576	4.05994e-06
33.3517	2.57576	4.06113e-06
33.4552	2.57576	4.06236e-06
33.5586	2.57576	4.06363e-06
33.6621	2.57576	4.06493e-06
33.7655	2.57576	4.06625e-06
33.869	2.57576	4.06759e-06
33.9724	2.57576	4.06894e-06
34.0759	2.57576	4.0703e-06
34.1793	2.57576	4.07165e-06
34.2828	2.57576	4.073e-06
34.3862	2.57576	4.07432e-06
34.4897	2.57576	4.07562e-06
34.5931	2.57576	4.07689e-06
34.6966	2.57576	4.07811e-06
34.8	2.57576	4.07928e-06
31.8	2.67677	4.04818e-06
31.9034	2.67677	4.04835e-06
32.0069	2.67677	4.04866e-06
32.1103	2.67677	4.04909e-06
32.2138	2.67677	4.04964e-06
32.3172	2.67677	4.0503e-06
32.4207	2.67677	4.05107e-06
32.5241	2.67677	4.05194e-06
32.6276	2.67677	4.05291e-06
32.731	2.67677	4.05396e-06
32.8345	2.67677	4.0551e-06
32.9379	2.67677	4.05631e-06
33.0414	2.67677	4.0576e-06
33.1448	2.67677	4.05895e-06
33.2483	2.67677	4.06037e-06
33.3517	2.67677	4.06184e-06
33.4552	2.67677	4.06336e-06
33.5586	2.67677	4.06492e-06
33.6621	2.67677	4.06652e-06
33.7655	2.67677	4.06816e-06
33.869	2.67677	4.06983e-06
33.9724	2.67677	4.07151e-06
34.0759	2.67677	4.07322e-06
34.1793	2.67677	4.07493e-06
34.2828	2.67677	4.07664e-06
34.3862	2.67677	4.07835e-06
34.4897	2.67677	4.08005e-06
34.5931	2.67677	4.08174e-06
34.6966	2.67677	4.08339e-06
34.8	2.67677	4.08501e-06
31.8	2.77778	4.04495e-06
31.9034	2.77778	4.04537e-06
32.0069	2.77778	4.04592e-06
32.1103	2.77778	4.04659e-06
32.2138	2.77778	4.04739e-06
32.3172	2.77778	4.0483e-06
32.4207	2.77778	4.04932e-06
32.5241	2.77778	4.05044e-06
32.6276	2.77778	4.05166e-06
32.731	2.77778	4.05297e-06
32.8345	2.77778	4.05437e-06
32.9379	2.77778	4.05585e-06
33.0414	2.77778	4.05741e-06
33.1448	2.77778	4.05904e-06
33.2483	2.77778	4.06073e-06
33.3517	2.77778	4.06249e-06
33.4552	2.77778	4.0643e-06
33.5586	2.77778	4.06617e-06
33.6621	2.77778	4.06808e-06
33.7655	2.77778	4.07004e-06
33.869	2.77778	4.07204e-06
33.9724	2.77778	4.07406e-06
34.0759	2.77778	4.07612e-06
34.1793	2.77778	4.0782e-06
34.2828	2.77778	4.08029e-06
34.3862	2.77778	4.08239e-06
34.4897	2.77778	4.0845e-06
34.5931	2.77778	4.08661e-06
34.6966	2.77778	4.0887e-06
34.8	2.77778	4.09078e-06
31.8	2.87879	4.04159e-06
31.9034	2.87879	4.04226e-06
32.0069	2.87879	4.04306e-06
32.1103	2.87879	4.04398e-06
32.2138	2.87879	4.04503e-06
32.3172	2.87879	4.0462e-06
32.4207	2.87879	4.04747e-06
32.5241	2.87879	4.04885e-06
32.6276	2.87879	4.05033e-06
32.731	2.87879	4.0519e-06
32.8345	2.87879	4.05356e-06
32.9379	2.87879	4.05531e-06
33.0414	2.87879	4.05714e-06
33.1448	2.87879	4.05905e-06
33.2483	2.87879	4.06103e-06
33.3517	2.87879	4.06308e-06
33.4552	2.87879	4.06519e-06
33.5586	2.87879	4.06737e-06
33.6621	2.87879	4.0696e-06
33.7655	2.87879	4.07188e-06
33.869	2.87879	4.07421e-06
33.9724	2.87879	4.07658e-06
34.0759	2.87879	4.079e-06
34.1793	2.87879	4.08144e-06
34.2828	2.87879	4.08392e-06
34.3862	2.87879	4.08642e-06
34.4897	2.87879	4.08894e-06
34.5931	2.87879	4.09148e-06
34.6966	2.87879	4.09402e-06
34.8	2.87879	4.09657e-06
31.8	2.9798	4.03809e-06
31.9034	2.9798	4.03902e-06
32.0069	2.9798	4.04007e-06
32.1103	2.9798	4.04126e-06
32.2138	2.9798	4.04256e-06
32.3172	2.9798	4.04398e-06
32.4207	2.9798	4.04552e-06
32.5241	2.9798	4.04716e-06
32.6276	2.9798	4.0489e-06
32.731	2.9798	4.05074e-06
32.8345	2.9798	4.05267e-06
32.9379	2.9798	4.05469e-06
33.0414	2.9798	4.0568e-06
33.1448	2.9798	4.05899e-06
33.2483	2.9798	4.06126e-06
33.3517	2.9798	4.06361e-06
33.4552	2.9798	4.06602e-06
33.5586	2.9798	4.06851e-06
33.6621	2.9798	4.07105e-06
33.7655	2.9798	4.07367e-06
33.869	2.9798	4.07633e-06
33.9724	2.9798	4.07906e-06
34.0759	2.9798	4.08183e-06
34.1793	2.9798	4.08466e-06
34.2828	2.9798	4.08752e-06
34.3862	2.9798	4.09043e-06
34.4897	2.9798	4.09337e-06
34.5931	2.9798	4.09634e-06
34.6966	2.9798	4.09934e-06
34.8	2.9798	4.10235e-06
31.8	3.08081	4.03446e-06
31.9034	3.08081	4.03565e-06
32.0069	3.08081	4.03696e-06
32.1103	3.08081	4.03841e-06
32.2138	3.08081	4.03998e-06
32.3172	3.08081	4.04166e-06
32.4207	3.08081	4.04346e-06
32.5241	3.08081	4.04536e-06
32.6276	3.08081	4.04737e-06
32.731	3.08081	4.04948e-06
32.8345	3.08081	4.05168e-06
32.9379	3.08081	4.05398e-06
33.0414	3.08081	4.05637e-06
33.1448	3.08081	4.05885e-06
33.2483	3.08081	4.06141e-06
33.3517	3.08081	4.06405e-06
33.4552	3.08081	4.06678e-06
33.5586	3.08081	4.06957e-06
33.6621	3.08081	4.07245e-06
33.7655	3.08081	4.07539e-06
33.869	3.08081	4.0784e-06
33.9724	3.08081	4.08148e-06
34.0759	3.08081	4.08462e-06
34.1793	3.08081	4.08782e-06
34.2828	3.08081	4.09107e-06
34.3862	3.08081	4.09439e-06
34.4897	3.08081	4.09775e-06
34.5931	3.08081	4.10116e-06
34.6966	3.08081	4.10462e-06
34.8	3.08081	4.10811e-06
31.8	3.18182	4.03069e-06
31.9034	3.18182	4.03215e-06
32.0069	3.18182	4.03373e-06
32.1103	3.18182	4.03544e-06
32.2138	3.18182	4.03727e-06
32.3172	3.18182	4.03922e-06
32.4207	3.18182	4.04129e-06
32.5241	3.18182	4.04346e-06
32.6276	3.18182	4.04574e-06
32.731	3.18182	4.04812e-06
32.8345	3.18182	4.0506e-06
32.9379	3.18182	4.05318e-06
33.0414	3.18182	4.05585e-06
33.1448	3.18182	4.05862e-06
33.2483	3.18182	4.06148e-06
33.3517	3.18182	4.06442e-06
33.4552	3.18182	4.06745e-06
33.5586	3.18182	4.07056e-06
33.6621	3.18182	4.07376e-06
33.7655	3.18182	4.07704e-06
33.869	3.18182	4.08039e-06
33.9724	3.18182	4.08382e-06
34.0759	3.18182	4.08733e-06
34.1793	3.18182	4.09091e-06
34.2828	3.18182	4.09457e-06
34.3862	3.18182	4.09829e-06
34.4897	3.18182	4.10208e-06
34.5931	3.18182	4.10593e-06
34.6966	3.18182	4.10985e-06
34.8	3.18182	4.11383e-06
31.8	3.28283	4.02679e-06
31.9034	3.28283	4.02852e-06
32.0069	3.28283	4.03037e-06
32.1103	3.28283	4.03235e-06
32.2138	3.28283	4.03445e-06
32.3172	3.28283	4.03667e-06
32.4207	3.28283	4.03901e-06
32.5241	3.28283	4.04145e-06
32.6276	3.28283	4.044e-06
32.731	3.28283	4.04666e-06
32.8345	3.28283	4.04942e-06
32.9379	3.28283	4.05228e-06
33.0414	3.28283	4.05524e-06
33.1448	3.28283	4.0583e-06
33.2483	3.28283	4.06145e-06
33.3517	3.28283	4.0647e-06
33.4552	3.28283	4.06804e-06
33.5586	3.28283	4.07147e-06
33.6621	3.28283	4.07499e-06
33.7655	3.28283	4.0786e-06
33.869	3.28283	4.0823e-06
33.9724	3.28283	4.08609e-06
34.0759	3.28283	4.08997e-06
34.1793	3.28283	4.09393e-06
34.2828	3.28283	4.09798e-06
34.3862	3.28283	4.10212e-06
34.4897	3.28283	4.10634e-06
34.5931	3.28283	4.11064e-06
34.6966	3.28283	4.11502e-06
34.8	3.28283	4.11948e-06
31.8	3.38384	4.02276e-06
31.9034	3.38384	4.02476e-06
32.0069	3.38384	4.02689e-06
32.1103	3.38384	4.02914e-06
32.2138	3.38384	4.03152e-06
32.3172	3.38384	4.03401e-06
32.4207	3.38384	4.03661e-06
32.5241	3.38384	4.03933e-06
32.6276	3.38384	4.04216e-06
32.731	3.38384	4.04509e-06
32.8345	3.38384	4.04813e-06
32.9379	3.38384	4.05128e-06
33.0414	3.38384	4.05453e-06
33.1448	3.38384	4.05787e-06
33.2483	3.38384	4.06132e-06
33.3517	3.38384	4.06487e-06
33.4552	3.38384	4.06852e-06
33.5586	3.38384	4.07227e-06
33.6621	3.38384	4.07612e-06
33.7655	3.38384	4.08007e-06
33.869	3.38384	4.08412e-06
33.9724	3.38384	4.08826e-06
34.0759	3.38384	4.09251e-06
34.1793	3.38384	4.09686e-06
34.2828	3.38384	4.10131e-06
34.3862	3.38384	4.10585e-06
34.4897	3.38384	4.1105e-06
34.5931	3.38384	4.11525e-06
34.6966	3.38384	4.1201e-06
34.8	3.38384	4.12504e-06
31.8	3.48485	4.01859e-06
31.9034	3.48485	4.02087e-06
32.0069	3.48485	4.02328e-06
32.1103	3.48485	4.02581e-06
32.2138	3.48485	4.02846e-06
32.3172	3.48485	4.03122e-06
32.4207	3.48485	4.03411e-06
32.5241	3.48485	4.0371e-06
32.6276	3.48485	4.0402e-06
32.731	3.48485	4.04342e-06
32.8345	3.48485	4.04674e-06
32.9379	3.48485	4.05017e-06
33.0414	3.48485	4.0537e-06
33.1448	3.48485	4.05734e-06
33.2483	3.48485	4.06109e-06
33.3517	3.48485	4.06494e-06
33.4552	3.48485	4.0689e-06
33.5586	3.48485	4.07297e-06
33.6621	3.48485	4.07715e-06
33.7655	3.48485	4.08143e-06
33.869	3.48485	4.08582e-06
33.9724	3.48485	4.09033e-06
34.0759	3.48485	4.09495e-06
34.1793	3.48485	4.09968e-06
34.2828	3.48485	4.10452e-06
34.3862	3.48485	4.10948e-06
34.4897	3.48485	4.11456e-06
34.5931	3.48485	4.11975e-06
34.6966	3.48485	4.12507e-06
34.8	3.48485	4.1305e-06
31.8	3.58586	4.01429e-06
31.9034	3.58586	4.01686e-06
32.0069	3.58586	4.01954e-06
32.1103	3.58586	4.02235e-06
32.2138	3.58586	4.02528e-06
32.3172	3.58586	4.02832e-06
32.4207	3.58586	4.03148e-06
32.5241	3.58586	4.03475e-06
32.6276	3.58586	4.03814e-06
32.731	3.58586	4.04163e-06
32.8345	3.58586	4.04523e-06
32.9379	3.58586	4.04895e-06
33.0414	3.58586	4.05277e-06
33.1448	3.58586	4.0567e-06
33.2483	3.58586	4.06075e-06
33.3517	3.58586	4.0649e-06
33.4552	3.58586	4.06917e-06
33.5586	3.58586	4.07356e-06
33.6621	3.58586	4.07806e-06
33.7655	3.58586	4.08267e-06
33.869	3.58586	4.08741e-06
33.9724	3.58586	4.09227e-06
34.0759	3.58586	4.09726e-06
34.1793	3.58586	4.10237e-06
34.2828	3.58586	4.10761e-06
34.3862	3.58586	4.11298e-06
34.4897	3.58586	4.11849e-06
34.5931	3.58586	4.12413e-06
34.6966	3.58586	4.12991e-06
34.8	3.58586	4.13582e-06
31.8	3.68687	4.00986e-06
31.9034	3.68687	4.01271e-06
32.0069	3.68687	4.01568e-06
32.1103	3.68687	4.01877e-06
32.2138	3.68687	4.02198e-06
32.3172	3.68687	4.0253e-06
32.4207	3.68687	4.02874e-06
32.5241	3.68687	4.03229e-06
32.6276	3.68687	4.03595e-06
32.731	3.68687	4.03972e-06
32.8345	3.68687	4.04361e-06
32.9379	3.68687	4.04761e-06
33.0414	3.68687	4.05172e-06
33.1448	3.68687	4.05594e-06
33.2483	3.68687	4.06028e-06
33.3517	3.68687	4.06474e-06
33.4552	3.68687	4.06932e-06
33.5586	3.68687	4.07402e-06
33.6621	3.68687	4.07884e-06
33.7655	3.68687	4.08379e-06
33.869	3.68687	4.08887e-06
33.9724	3.68687	4.09409e-06
34.0759	3.68687	4.09944e-06
34.1793	3.68687	4.10493e-06
34.2828	3.68687	4.11056e-06
34.3862	3.68687	4.11634e-06
34.4897	3.68687	4.12227e-06
34.5931	3.68687	4.12835e-06
34.6966	3.68687	4.13459e-06
34.8	3.68687	4.141e-06
31.8	3.78788	4.00531e-06
31.9034	3.78788	4.00844e-06
32.0069	3.78788	4.0117e-06
32.1103	3.78788	4.01507e-06
32.2138	3.78788	4.01856e-06
32.3172	3.78788	4.02216e-06
32.4207	3.78788	4.02588e-06
32.5241	3.78788	4.02971e-06
32.6276	3.78788	4.03365e-06
32.731	3.78788	4.0377e-06
32.8345	3.78788	4.04187e-06
32.9379	3.78788	4.04615e-06
33.0414	3.78788	4.05055e-06
33.1448	3.78788	4.05506e-06
33.2483	3.78788	4.05969e-06
33.3517	3.78788	4.06445e-06
33.4552	3.78788	4.06933e-06
33.5586	3.78788	4.07435e-06
33.6621	3.78788	4.07949e-06
33.7655	3.78788	4.08477e-06
33.869	3.78788	4.09019e-06
33.9724	3.78788	4.09575e-06
34.0759	3.78788	4.10146e-06
34.1793	3.78788	4.10733e-06
34.2828	3.78788	4.11335e-06
34.3862	3.78788	4.11954e-06
34.4897	3.78788	4.12589e-06
34.5931	3.78788	4.13241e-06
34.6966	3.78788	4.13911e-06
34.8	3.78788	4.14599e-06
31.8	3.88889	4.00062e-06
31.9034	3.88889	4.00405e-06
32.0069	3.88889	4.00759e-06
32.1103	3.88889	4.01125e-06
32.2138	3.88889	4.01502e-06
32.3172	3.88889	4.01891e-06
32.4207	3.88889	4.0229e-06
32.5241	3.88889	4.02701e-06
32.6276	3.88889	4.03123e-06
32.731	3.88889	4.03556e-06
32.8345	3.88889	4.04e-06
32.9379	3.88889	4.04457e-06
33.0414	3.88889	4.04925e-06
33.1448	3.88889	4.05405e-06
33.2483	3.88889	4.05897e-06
33.3517	3.88889	4.06403e-06
33.4552	3.88889	4.06921e-06
33.5586	3.88889	4.07453e-06
33.6621	3.88889	4.07999e-06
33.7655	3.88889	4.0856e-06
33.869	3.88889	4.09135e-06
33.9724	3.88889	4.09726e-06
34.0759	3.88889	4.10333e-06
34.1793	3.88889	4.10957e-06
34.2828	3.88889	4.11597e-06
34.3862	3.88889	4.12256e-06
34.4897	3.88889	4.12933e-06
34.5931	3.88889	4.13628e-06
34.6966	3.88889	4.14344e-06
34.8	3.88889	4.1508e-06
31.8	3.9899	3.99582e-06
31.9034	3.9899	3.99954e-06
32.0069	3.9899	4.00337e-06
32.1103	3.9899	4.00731e-06
32.2138	3.9899	4.01137e-06
32.3172	3.9899	4.01553e-06
32.4207	3.9899	4.01981e-06
32.5241	3.9899	4.02419e-06
32.6276	3.9899	4.02869e-06
32.731	3.9899	4.03329e-06
32.8345	3.9899	4.03802e-06
32.9379	3.9899	4.04286e-06
33.0414	3.9899	4.04782e-06
33.1448	3.9899	4.05291e-06
33.2483	3.9899	4.05812e-06
33.3517	3.9899	4.06346e-06
33.4552	3.9899	4.06895e-06
33.5586	3.9899	4.07457e-06
33.6621	3.9899	4.08034e-06
33.7655	3.9899	4.08627e-06
33.869	3.9899	4.09235e-06
33.9724	3.9899	4.0986e-06
34.0759	3.9899	4.10502e-06
34.1793	3.9899	4.11162e-06
34.2828	3.9899	4.11841e-06
34.3862	3.9899	4.12538e-06
34.4897	3.9899	4.13256e-06
34.5931	3.9899	4.13995e-06
34.6966	3.9899	4.14755e-06
34.8	3.9899	4.15538e-06
31.8	4.09091	3.99089e-06
31.9034	4.09091	3.9949e-06
32.0069	4.09091	3.99903e-06
32.1103	4.09091	4.00326e-06
32.2138	4.09091	4.0076e-06
32.3172	4.09091	4.01204e-06
32.4207	4.09091	4.01659e-06
32.5241	4.09091	4.02125e-06
32.6276	4.09091	4.02602e-06
32.731	4.09091	4.03091e-06
32.8345	4.09091	4.0359e-06
32.9379	4.09091	4.04102e-06
33.0414	4.09091	4.04626e-06
33.1448	4.09091	4.05163e-06
33.2483	4.09091	4.05712e-06
33.3517	4.09091	4.06275e-06
33.4552	4.09091	4.06853e-06
33.5586	4.09091	4.07445e-06
33.6621	4.09091	4.08053e-06
33.7655	4.09091	4.08677e-06
33.869	4.09091	4.09317e-06
33.9724	4.09091	4.09976e-06
34.0759	4.09091	4.10652e-06
34.1793	4.09091	4.11348e-06
34.2828	4.09091	4.12063e-06
34.3862	4.09091	4.128e-06
34.4897	4.09091	4.13558e-06
34.5931	4.09091	4.14339e-06
34.6966	4.09091	4.15143e-06
34.8	4.09091	4.15972e-06
31.8	4.19192	3.98584e-06
31.9034	4.19192	3.99015e-06
32.0069	4.19192	3.99457e-06
32.1103	4.19192	3.99909e-06
32.2138	4.19192	4.00371e-06
32.3172	4.19192	4.00843e-06
32.4207	4.19192	4.01326e-06
32.5241	4.19192	4.01819e-06
32.6276	4.19192	4.02324e-06
32.731	4.19192	4.02839e-06
32.8345	4.19192	4.03366e-06
32.9379	4.19192	4.03905e-06
33.0414	4.19192	4.04456e-06
33.1448	4.19192	4.0502e-06
33.2483	4.19192	4.05598e-06
33.3517	4.19192	4.06189e-06
33.4552	4.19192	4.06795e-06
33.5586	4.19192	4.07417e-06
33.6621	4.19192	4.08054e-06
33.7655	4.19192	4.08709e-06
33.869	4.19192	4.09381e-06
33.9724	4.19192	4.10072e-06
34.0759	4.19192	4.10782e-06
34.1793	4.19192	4.11513e-06
34.2828	4.19192	4.12264e-06
34.3862	4.19192	4.13039e-06
34.4897	4.19192	4.13836e-06
34.5931	4.19192	4.14658e-06
34.6966	4.19192	4.15505e-06
34.8	4.19192	4.16379e-06
31.8	4.29293	3.98068e-06
31.9034	4.29293	3.98529e-06
32.0069	4.29293	3.99e-06
32.1103	4.29293	3.9948e-06
32.2138	4.29293	3.99971e-06
32.3172	4.29293	4.00471e-06
32.4207	4.29293	4.00981e-06
32.5241	4.29293	4.01502e-06
32.6276	4.29293	4.02033e-06
32.731	4.29293	4.02575e-06
32.8345	4.29293	4.03129e-06
32.9379	4.29293	4.03695e-06
33.0414	4.29293	4.04273e-06
33.1448	4.29293	4.04864e-06
33.2483	4.29293	4.05468e-06
33.3517	4.29293	4.06087e-06
33.4552	4.29293	4.06721e-06
33.5586	4.29293	4.07371e-06
33.6621	4.29293	4.08038e-06
33.7655	4.29293	4.08722e-06
33.869	4.29293	4.09425e-06
33.9724	4.29293	4.10147e-06
34.0759	4.29293	4.1089e-06
34.1793	4.29293	4.11655e-06
34.2828	4.29293	4.12442e-06
34.3862	4.29293	4.13253e-06
34.4897	4.29293	4.14089e-06
34.5931	4.29293	4.14951e-06
34.6966	4.29293	4.1584e-06
34.8	4.29293	4.16758e-06
31.8	4.39394	3.97542e-06
31.9034	4.39394	3.98032e-06
32.0069	4.39394	3.98532e-06
32.1103	4.39394	3.99041e-06
32.2138	4.39394	3.9956e-06
32.3172	4.39394	4.00087e-06
32.4207	4.39394	4.00625e-06
32.5241	4.39394	4.01172e-06
32.6276	4.39394	4.0173e-06
32.731	4.39394	4.02299e-06
32.8345	4.39394	4.02879e-06
32.9379	4.39394	4.03471e-06
33.0414	4.39394	4.04075e-06
33.1448	4.39394	4.04692e-06
33.2483	4.39394	4.05323e-06
33.3517	4.39394	4.05969e-06
33.4552	4.39394	4.0663e-06
33.5586	4.39394	4.07308e-06
33.6621	4.39394	4.08003e-06
33.7655	4.39394	4.08716e-06
33.869	4.39394	4.09448e-06
33.9724	4.39394	4.10201e-06
34.0759	4.39394	4.10976e-06
34.1793	4.39394	4.11773e-06
34.2828	4.39394	4.12594e-06
34.3862	4.39394	4.13441e-06
34.4897	4.39394	4.14314e-06
34.5931	4.39394	4.15215e-06
34.6966	4.39394	4.16145e-06
34.8	4.39394	4.17105e-06
31.8	4.49495	3.97005e-06
31.9034	4.49495	3.97525e-06
32.0069	4.49495	3.98054e-06
32.1103	4.49495	3.98592e-06
32.2138	4.49495	3.99138e-06
32.3172	4.49495	3.99693e-06
32.4207	4.49495	4.00257e-06
32.5241	4.49495	4.00832e-06
32.6276	4.49495	4.01416e-06
32.731	4.49495	4.0201e-06
32.8345	4.49495	4.02616e-06
32.9379	4.49495	4.03233e-06
33.0414	4.49495	4.03863e-06
33.1448	4.49495	4.04506e-06
33.2483	4.49495	4.05163e-06
33.3517	4.49495	4.05834e-06
33.4552	4.49495	4.06522e-06
33.5586	4.49495	4.07226e-06
33.6621	4.49495	4.07948e-06
33.7655	4.49495	4.08689e-06
33.869	4.49495	4.0945e-06
33.9724	4.49495	4.10233e-06
34.0759	4.49495	4.11038e-06
34.1793	4.49495	4.11866e-06
34.2828	4.49495	4.12721e-06
34.3862	4.49495	4.13601e-06
34.4897	4.49495	4.1451e-06
34.5931	4.49495	4.15448e-06
34.6966	4.49495	4.16418e-06
34.8	4.49495	4.1742e-06
31.8	4.59596	3.96458e-06
31.9034	4.59596	3.97008e-06
32.0069	4.59596	3.97566e-06
32.1103	4.59596	3.98132e-06
32.2138	4.59596	3.98706e-06
32.3172	4.59596	3.99288e-06
32.4207	4.59596	3.99879e-06
32.5241	4.59596	4.00479e-06
32.6276	4.59596	4.01089e-06
32.731	4.59596	4.01709e-06
32.8345	4.59596	4.0234e-06
32.9379	4.59596	4.02982e-06
33.0414	4.59596	4.03636e-06
33.1448	4.59596	4.04304e-06
33.2483	4.59596	4.04986e-06
33.3517	4.59596	4.05682e-06
33.4552	4.59596	4.06395e-06
33.5586	4.59596	4.07125e-06
33.6621	4.59596	4.07873e-06
33.7655	4.59596	4.08641e-06
33.869	4.59596	4.09429e-06
33.9724	4.59596	4.1024e-06
34.0759	4.59596	4.11074e-06
34.1793	4.59596	4.11933e-06
34.2828	4.59596	4.12819e-06
34.3862	4.59596	4.13732e-06
34.4897	4.59596	4.14676e-06
34.5931	4.59596	4.1565e-06
34.6966	4.59596	4.16657e-06
34.8	4.59596	4.17699e-06
31.8	4.69697	3.95902e-06
31.9034	4.69697	3.96482e-06
32.0069	4.69697	3.97069e-06
32.1103	4.69697	3.97663e-06
32.2138	4.69697	3.98264e-06
32.3172	4.69697	3.98873e-06
32.4207	4.69697	3.9949e-06
32.5241	4.69697	4.00116e-06
32.6276	4.69697	4.00751e-06
32.731	4.69697	4.01396e-06
32.8345	4.69697	4.02051e-06
32.9379	4.69697	4.02717e-06
33.0414	4.69697	4.03396e-06
33.1448	4.69697	4.04087e-06
33.2483	4.69697	4.04793e-06
33.3517	4.69697	4.05513e-06
33.4552	4.69697	4.0625e-06
33.5586	4.69697	4.07004e-06
33.6621	4.69697	4.07777e-06
33.7655	4.69697	4.0857e-06
33.869	4.69697	4.09385e-06
33.9724	4.69697	4.10222e-06
34.0759	4.69697	4.11084e-06
34.1793	4.69697	4.11972e-06
34.2828	4.69697	4.12888e-06
34.3862	4.69697	4.13833e-06
34.4897	4.69697	4.14808e-06
34.5931	4.69697	4.15817e-06
34.6966	4.69697	4.16861e-06
34.8	4.69697	4.1794e-06
31.8	4.79798	3.95338e-06
31.9034	4.79798	3.95948e-06
32.0069	4.79798	3.96563e-06
32.1103	4.79798	3.97185e-06
32.2138	4.79798	3.97813e-06
32.3172	4.79798	3.98449e-06
32.4207	4.79798	3.99092e-06
32.5241	4.79798	3.99742e-06
32.6276	4.79798	4.00402e-06
32.731	4.79798	4.0107e-06
32.8345	4.79798	4.01749e-06
32.9379	4.79798	4.02439e-06
33.0414	4.79798	4.0314e-06
33.1448	4.79798	4.03855e-06
33.2483	4.79798	4.04583e-06
33.3517	4.79798	4.05326e-06
33.4552	4.79798	4.06086e-06
33.5586	4.79798	4.06864e-06
33.6621	4.79798	4.0766e-06
33.7655	4.79798	4.08477e-06
33.869	4.79798	4.09316e-06
33.9724	4.79798	4.10179e-06
34.0759	4.79798	4.11067e-06
34.1793	4.79798	4.11982e-06
34.2828	4.79798	4.12926e-06
34.3862	4.79798	4.139e-06
34.4897	4.79798	4.14907e-06
34.5931	4.79798	4.15948e-06
34.6966	4.79798	4.17026e-06
34.8	4.79798	4.18142e-06
31.8	4.89899	3.94767e-06
31.9034	4.89899	3.95405e-06
32.0069	4.89899	3.96049e-06
32.1103	4.89899	3.96699e-06
32.2138	4.89899	3.97354e-06
32.3172	4.89899	3.98015e-06
32.4207	4.89899	3.98683e-06
32.5241	4.89899	3.99358e-06
32.6276	4.89899	4.00042e-06
32.731	4.89899	4.00733e-06
32.8345	4.89899	4.01435e-06
32.9379	4.89899	4.02147e-06
33.0414	4.89899	4.0287e-06
33.1448	4.89899	4.03607e-06
33.2483	4.89899	4.04357e-06
33.3517	4.89899	4.05122e-06
33.4552	4.89899	4.05903e-06
33.5586	4.89899	4.06702e-06
33.6621	4.89899	4.07521e-06
33.7655	4.89899	4.08361e-06
33.869	4.89899	4.09223e-06
33.9724	4.89899	4.10109e-06
34.0759	4.89899	4.11022e-06
34.1793	4.89899	4.11962e-06
34.2828	4.89899	4.12932e-06
34.3862	4.89899	4.13934e-06
34.4897	4.89899	4.1497e-06
34.5931	4.89899	4.16042e-06
34.6966	4.89899	4.17152e-06
34.8	4.89899	4.18302e-06
31.8	5	3.94188e-06
31.9034	5	3.94856e-06
32.0069	5	3.95529e-06
32.1103	5	3.96205e-06
32.2138	5	3.96887e-06
32.3172	5	3.97573e-06
32.4207	5	3.98266e-06
32.5241	5	3.98965e-06
32.6276	5	3.99671e-06
32.731	5	4.00385e-06
32.8345	5	4.01109e-06
32.9379	5	4.01842e-06
33.0414	5	4.02587e-06
33.1448	5	4.03343e-06
33.2483	5	4.04114e-06
33.3517	5	4.04899e-06
33.4552	5	4.05701e-06
33.5586	5	4.0652e-06
33.6621	5	4.0736e-06
33.7655	5	4.0822e-06
33.869	5	4.09104e-06
33.9724	5	4.10012e-06
34.0759	5	4.10947e-06
34.1793	5	4.11911e-06
34.2828	5	4.12906e-06
34.3862	5	4.13933e-06
34.4897	5	4.14996e-06
34.5931	5	4.16096e-06
34.6966	5	4.17236e-06
34.8	5	4.18418e-06
