-3.141592653589793	1.011737466021015	1.011737466021014
-3.135303178807832	1.011733384297702	1.011733384297702
-3.129013704025870	1.011721139478638	1.011721139478638
-3.122724229243909	1.011700732620279	1.011700732620279
-3.116434754461947	1.011672165496141	1.011672165496141
-3.110145279679986	1.011635440615927	1.011635440615927
-3.103855804898024	1.011590561252221	1.011590561252221
-3.097566330116062	1.011537531474730	1.011537531474729
-3.091276855334101	1.011476356191960	1.011476356191960
-3.084987380552139	1.011407041200278	1.011407041200278
-3.078697905770178	1.011329593240209	1.011329593240209
-3.072408430988216	1.011244020059872	1.011244020059872
-3.066118956206255	1.011150330485401	1.011150330485400
-3.059829481424293	1.011048534498199	1.011048534498199
-3.053540006642331	1.010938643318854	1.010938643318854
-3.047250531860370	1.010820669497506	1.010820669497506
-3.040961057078408	1.010694627010485	1.010694627010484
-3.034671582296447	1.010560531362998	1.010560531362998
-3.028382107514485	1.010418399697590	1.010418399697589
-3.022092632732523	1.010268250908178	1.010268250908178
-3.015803157950562	1.010110105759352	1.010110105759352
-3.009513683168601	1.009943987010665	1.009943987010664
-3.003224208386639	1.009769919545629	1.009769919545629
-2.996934733604677	1.009587930505096	1.009587930505096
-2.990645258822716	1.009398049424676	1.009398049424676
-2.984355784040754	1.009200308375894	1.009200308375894
-2.978066309258793	1.008994742110683	1.008994742110683
-2.971776834476831	1.008781388208887	1.008781388208887
-2.965487359694870	1.008560287228368	1.008560287228367
-2.959197884912908	1.008331482857321	1.008331482857321
-2.952908410130947	1.008095022068442	1.008095022068442
-2.946618935348985	1.007850955274451	1.007850955274451
-2.940329460567023	1.007599336484628	1.007599336484628
-2.934039985785062	1.007340223461889	1.007340223461889
-2.927750511003100	1.007073677879949	1.007073677879949
-2.921461036221139	1.006799765480164	1.006799765480163
-2.915171561439177	1.006518556227549	1.006518556227549
-2.908882086657216	1.006230124465551	1.006230124465551
-2.902592611875254	1.005934549069080	1.005934549069079
-2.896303137093293	1.005631913595336	1.005631913595336
-2.890013662311331	1.005322306431978	1.005322306431977
-2.883724187529369	1.005005820942123	1.005005820942122
-2.877434712747408	1.004682555605733	1.004682555605733
-2.871145237965446	1.004352614156895	1.004352614156895
-2.864855763183485	1.004016105716524	1.004016105716524
-2.858566288401524	1.003673144920026	1.003673144920026
-2.852276813619562	1.003323852039447	1.003323852039447
-2.845987338837600	1.002968353099662	1.002968353099662
-2.839697864055639	1.002606779988120	1.002606779988119
-2.833408389273677	1.002239270557736	1.002239270557736
-2.827118914491716	1.001865968722485	1.001865968722486
-2.820829439709754	1.001487024545249	1.001487024545248
-2.814539964927793	1.001102594317547	1.001102594317547
-2.808250490145831	1.000712840630716	1.000712840630716
-2.801961015363870	1.000317932438185	1.000317932438185
-2.795671540581908	0.999918045108457	0.999918045108456
-2.789382065799946	0.999513360468464	0.999513360468464
-2.783092591017985	0.999104066836969	0.999104066836969
-2.776803116236023	0.998690359047690	0.998690359047690
-2.770513641454062	0.998272438461876	0.998272438461875
-2.764224166672101	0.997850512970061	0.997850512970061
-2.757934691890139	0.997424796982761	0.997424796982761
-2.751645217108177	0.996995511409898	0.996995511409897
-2.745355742326216	0.996562883628744	0.996562883628743
-2.739066267544254	0.996127147440262	0.996127147440262
-2.732776792762293	0.995688543013654	0.995688543013653
-2.726487317980331	0.995247316819050	0.995247316819050
-2.720197843198370	0.994803721548241	0.994803721548241
-2.713908368416408	0.994358016023401	0.994358016023401
-2.707618893634447	0.993910465093782	0.993910465093782
-2.701329418852485	0.993461339520400	0.993461339520400
-2.695039944070523	0.993010915848723	0.993010915848723
-2.688750469288562	0.992559476269452	0.992559476269452
-2.682460994506600	0.992107308467498	0.992107308467497
-2.676171519724639	0.991654705459244	0.991654705459243
-2.669882044942677	0.991201965418293	0.991201965418292
-2.663592570160715	0.990749391489873	0.990749391489873
-2.657303095378754	0.990297291594086	0.990297291594086
-2.651013620596792	0.989845978218289	0.989845978218289
-2.644724145814831	0.989395768198835	0.989395768198835
-2.638434671032869	0.988946982492504	0.988946982492504
-2.632145196250908	0.988499945937914	0.988499945937914
-2.625855721468946	0.988054987007273	0.988054987007273
-2.619566246686984	0.987612437548844	0.987612437548843
-2.613276771905023	0.987172632520490	0.987172632520490
-2.606987297123062	0.986735909714748	0.986735909714748
-2.600697822341100	0.986302609475821	0.986302609475820
-2.594408347559138	0.985873074408952	0.985873074408952
-2.588118872777177	0.985447649082665	0.985447649082665
-2.581829397995215	0.985026679724295	0.985026679724295
-2.575539923213254	0.984610513909371	0.984610513909371
-2.569250448431292	0.984199500245288	0.984199500245288
-2.562960973649330	0.983793988049816	0.983793988049816
-2.556671498867369	0.983394327024966	0.983394327024966
-2.550382024085408	0.983000866926712	0.983000866926712
-2.544092549303446	0.982613957231136	0.982613957231136
-2.537803074521484	0.982233946797492	0.982233946797492
-2.531513599739523	0.981861183528754	0.981861183528754
-2.525224124957561	0.981496014030154	0.981496014030153
-2.518934650175600	0.981138783266267	0.981138783266267
-2.512645175393639	0.980789834217143	0.980789834217144
-2.506355700611677	0.980449507534034	0.980449507534034
-2.500066225829715	0.980118141195196	0.980118141195196
-2.493776751047754	0.979796070162308	0.979796070162308
-2.487487276265792	0.979483626037979	0.979483626037979
-2.481197801483830	0.979181136724840	0.979181136724840
-2.474908326701869	0.978888926086667	0.978888926086667
-2.468618851919907	0.978607313612046	0.978607313612046
-2.462329377137946	0.978336614080953	0.978336614080952
-2.456039902355985	0.978077137234744	0.978077137234743
-2.449750427574023	0.977829187449921	0.977829187449921
-2.443460952792061	0.977593063416087	0.977593063416087
-2.437171478010100	0.977369057818455	0.977369057818455
-2.430882003228138	0.977157457025294	0.977157457025295
-2.424592528446177	0.976958540780616	0.976958540780616
-2.418303053664215	0.976772581902447	0.976772581902447
-2.412013578882254	0.976599845986983	0.976599845986983
-2.405724104100292	0.976440591118896	0.976440591118896
-2.399434629318331	0.976295067588066	0.976295067588067
-2.393145154536369	0.976163517612976	0.976163517612976
-2.386855679754407	0.976046175070989	0.976046175070989
-2.380566204972446	0.975943265235720	0.975943265235720
-2.374276730190484	0.975855004521673	0.975855004521673
-2.367987255408523	0.975781600236320	0.975781600236320
-2.361697780626562	0.975723250339778	0.975723250339778
-2.355408305844600	0.975680143212189	0.975680143212189
-2.349118831062638	0.975652457428944	0.975652457428944
-2.342829356280677	0.975640361543843	0.975640361543844
-2.336539881498715	0.975644013880271	0.975644013880271
-2.330250406716754	0.975663562330446	0.975663562330446
-2.323960931934792	0.975699144162843	0.975699144162843
-2.317671457152831	0.975750885837768	0.975750885837768
-2.311381982370869	0.975818902831187	0.975818902831187
-2.305092507588907	0.975903299466781	0.975903299466781
-2.298803032806946	0.976004168756252	0.976004168756252
-2.292513558024984	0.976121592247913	0.976121592247913
-2.286224083243023	0.976255639883515	0.976255639883515
-2.279934608461061	0.976406369863336	0.976406369863336
-2.273645133679099	0.976573828519512	0.976573828519513
-2.267355658897138	0.976758050197573	0.976758050197573
-2.261066184115176	0.976959057146192	0.976959057146192
-2.254776709333215	0.977176859415103	0.977176859415104
-2.248487234551253	0.977411454761181	0.977411454761181
-2.242197759769292	0.977662828562639	0.977662828562639
-2.235908284987330	0.977930953741345	0.977930953741345
-2.229618810205368	0.978215790693219	0.978215790693219
-2.223329335423407	0.978517287226702	0.978517287226702
-2.217039860641445	0.978835378509280	0.978835378509280
-2.210750385859484	0.979169987022059	0.979169987022060
-2.204460911077523	0.979521022522372	0.979521022522371
-2.198171436295561	0.979888382014434	0.979888382014434
-2.191881961513599	0.980271949728052	0.980271949728052
-2.185592486731638	0.980671597105397	0.980671597105397
-2.179303011949676	0.981087182795868	0.981087182795869
-2.173013537167715	0.981518552659065	0.981518552659065
-2.166724062385753	0.981965539775932	0.981965539775932
-2.160434587603791	0.982427964468101	0.982427964468102
-2.154145112821830	0.982905634325494	0.982905634325494
-2.147855638039869	0.983398344242251	0.983398344242252
-2.141566163257907	0.983905876461068	0.983905876461068
-2.135276688475945	0.984428000626001	0.984428000626001
-2.128987213693984	0.984964473843860	0.984964473843860
-2.122697738912022	0.985515040754269	0.985515040754270
-2.116408264130061	0.986079433608518	0.986079433608518
-2.110118789348100	0.986657372357307	0.986657372357307
-2.103829314566138	0.987248564747523	0.987248564747523
-2.097539839784176	0.987852706428176	0.987852706428176
-2.091250365002215	0.988469481065629	0.988469481065629
-2.084960890220253	0.989098560468265	0.989098560468265
-2.078671415438292	0.989739604720758	0.989739604720758
-2.072381940656330	0.990392262328077	0.990392262328078
-2.066092465874368	0.991056170369405	0.991056170369405
-2.059802991092407	0.991730954662108	0.991730954662109
-2.053513516310446	0.992416229935958	0.992416229935958
-2.047224041528484	0.993111600017712	0.993111600017712
-2.040934566746522	0.993816658026278	0.993816658026279
-2.034645091964561	0.994530986578571	0.994530986578572
-2.028355617182599	0.995254158006259	0.995254158006259
-2.022066142400638	0.995985734583522	0.995985734583522
-2.015776667618676	0.996725268765997	0.996725268765998
-2.009487192836715	0.997472303441036	0.997472303441036
-2.003197718054753	0.998226372189412	0.998226372189412
-1.996908243272791	0.998986999558605	0.998986999558605
-1.990618768490830	0.999753701347762	0.999753701347762
-1.984329293708868	1.000525984904462	1.000525984904463
-1.978039818926907	1.001303349433328	1.001303349433329
-1.971750344144945	1.002085286316602	1.002085286316602
-1.965460869362984	1.002871279446685	1.002871279446685
-1.959171394581022	1.003660805570737	1.003660805570737
-1.952881919799061	1.004453334647277	1.004453334647277
-1.946592445017099	1.005248330214843	1.005248330214843
-1.940302970235137	1.006045249772626	1.006045249772627
-1.934013495453176	1.006843545173058	1.006843545173058
-1.927724020671215	1.007642663026245	1.007642663026246
-1.921434545889253	1.008442045116150	1.008442045116151
-1.915145071107291	1.009241128828379	1.009241128828380
-1.908855596325330	1.010039347589402	1.010039347589402
-1.902566121543368	1.010836131317001	1.010836131317002
-1.896276646761407	1.011630906881738	1.011630906881738
-1.889987171979445	1.012423098579125	1.012423098579126
-1.883697697197484	1.013212128612264	1.013212128612265
-1.877408222415522	1.013997417584547	1.013997417584548
-1.871118747633560	1.014778385002114	1.014778385002115
-1.864829272851599	1.015554449785611	1.015554449785611
-1.858539798069637	1.016325030790833	1.016325030790833
-1.852250323287675	1.017089547337760	1.017089547337761
-1.845960848505714	1.017847419747477	1.017847419747477
-1.839671373723753	1.018598069886403	1.018598069886404
-1.833381898941791	1.019340921717280	1.019340921717280
-1.827092424159830	1.020075401856253	1.020075401856254
-1.820802949377868	1.020800940135401	1.020800940135402
-1.814513474595906	1.021516970170025	1.021516970170025
-1.808223999813945	1.022222929929942	1.022222929929942
-1.801934525031984	1.022918262314050	1.022918262314051
-1.795645050250022	1.023602415727344	1.023602415727344
-1.789355575468060	1.024274844659553	1.024274844659554
-1.783066100686099	1.024935010264586	1.024935010264587
-1.776776625904137	1.025582380939843	1.025582380939843
-1.770487151122176	1.026216432904527	1.026216432904528
-1.764197676340214	1.026836650776016	1.026836650776016
-1.757908201558252	1.027442528143337	1.027442528143338
-1.751618726776291	1.028033568136774	1.028033568136775
-1.745329251994330	1.028609283992631	1.028609283992632
-1.739039777212368	1.029169199612131	1.029169199612131
-1.732750302430407	1.029712850113486	1.029712850113487
-1.726460827648445	1.030239782376050	1.030239782376051
-1.720171352866483	1.030749555575598	1.030749555575599
-1.713881878084522	1.031241741709680	1.031241741709680
-1.707592403302560	1.031715926112015	1.031715926112015
-1.701302928520599	1.032171707954938	1.032171707954939
-1.695013453738637	1.032608700738869	1.032608700738869
-1.688723978956675	1.033026532767809	1.033026532767809
-1.682434504174714	1.033424847609901	1.033424847609902
-1.676145029392753	1.033803304542062	1.033803304542062
-1.669855554610791	1.034161578977766	1.034161578977767
-1.663566079828829	1.034499362877062	1.034499362877063
-1.657276605046868	1.034816365137929	1.034816365137930
-1.650987130264906	1.035112311968110	1.035112311968111
-1.644697655482945	1.035386947236629	1.035386947236629
-1.638408180700983	1.035640032804165	1.035640032804166
-1.632118705919021	1.035871348831596	1.035871348831597
-1.625829231137060	1.036080694065963	1.036080694065963
-1.619539756355099	1.036267886103233	1.036267886103233
-1.613250281573137	1.036432761627254	1.036432761627254
-1.606960806791176	1.036575176624357	1.036575176624357
-1.600671332009214	1.036695006573071	1.036695006573072
-1.594381857227252	1.036792146608577	1.036792146608577
-1.588092382445291	1.036866511661448	1.036866511661449
-1.581802907663329	1.036918036570403	1.036918036570404
-1.575513432881368	1.036946676168772	1.036946676168772
-1.569223958099406	1.036952405344488	1.036952405344488
-1.562934483317445	1.036935219073467	1.036935219073467
-1.556645008535483	1.036895132426289	1.036895132426290
-1.550355533753522	1.036832180548160	1.036832180548161
-1.544066058971560	1.036746418612218	1.036746418612219
-1.537776584189598	1.036637921746270	1.036637921746270
-1.531487109407637	1.036506784933163	1.036506784933163
-1.525197634625675	1.036353122885002	1.036353122885002
-1.518908159843714	1.036177069891500	1.036177069891501
-1.512618685061752	1.035978779642853	1.035978779642854
-1.506329210279790	1.035758425027511	1.035758425027511
-1.500039735497829	1.035516197905339	1.035516197905339
-1.493750260715868	1.035252308856688	1.035252308856688
-1.487460785933906	1.034966986907954	1.034966986907955
-1.481171311151945	1.034660479234235	1.034660479234235
-1.474881836369983	1.034333050839779	1.034333050839780
-1.468592361588021	1.033984984216957	1.033984984216958
-1.462302886806060	1.033616578984475	1.033616578984476
-1.456013412024098	1.033228151505676	1.033228151505676
-1.449723937242137	1.032820034487748	1.032820034487748
-1.443434462460175	1.032392576562709	1.032392576562710
-1.437144987678214	1.031946141851085	1.031946141851086
-1.430855512896252	1.031481109509187	1.031481109509188
-1.424566038114291	1.030997873260980	1.030997873260980
-1.418276563332329	1.030496840915449	1.030496840915449
-1.411987088550367	1.029978433870536	1.029978433870536
-1.405697613768406	1.029443086604588	1.029443086604589
-1.399408138986444	1.028891246156353	1.028891246156353
-1.393118664204483	1.028323371594537	1.028323371594538
-1.386829189422521	1.027739933477963	1.027739933477963
-1.380539714640560	1.027141413307323	1.027141413307323
-1.374250239858598	1.026528302969575	1.026528302969576
-1.367960765076637	1.025901104175988	1.025901104175988
-1.361671290294675	1.025260327894826	1.025260327894827
-1.355381815512714	1.024606493779683	1.024606493779684
-1.349092340730752	1.023940129594447	1.023940129594448
-1.342802865948791	1.023261770635841	1.023261770635842
-1.336513391166829	1.022571959154485	1.022571959154485
-1.330223916384867	1.021871243775418	1.021871243775418
-1.323934441602906	1.021160178918943	1.021160178918944
-1.317644966820944	1.020439324222695	1.020439324222695
-1.311355492038983	1.019709243965750	1.019709243965750
-1.305066017257021	1.018970506495596	1.018970506495596
-1.298776542475060	1.018223683658750	1.018223683658750
-1.292487067693098	1.017469350235764	1.017469350235764
-1.286197592911136	1.016708083381322	1.016708083381323
-1.279908118129175	1.015940462070140	1.015940462070140
-1.273618643347213	1.015167066549273	1.015167066549273
-1.267329168565252	1.014388477797465	1.014388477797466
-1.261039693783291	1.013605276992115	1.013605276992116
-1.254750219001329	1.012818044984364	1.012818044984364
-1.248460744219367	1.012027361782841	1.012027361782841
-1.242171269437406	1.011233806046511	1.011233806046512
-1.235881794655444	1.010437954587032	1.010437954587032
-1.229592319873482	1.009640381881048	1.009640381881049
-1.223302845091521	1.008841659592753	1.008841659592753
-1.217013370309560	1.008042356107013	1.008042356107014
-1.210723895527598	1.007243036073404	1.007243036073404
-1.204434420745637	1.006444259961332	1.006444259961332
-1.198144945963675	1.005646583626516	1.005646583626516
-1.191855471181713	1.004850557888977	1.004850557888977
-1.185565996399752	1.004056728122721	1.004056728122721
-1.179276521617790	1.003265633857209	1.003265633857210
-1.172987046835829	1.002477808390748	1.002477808390748
-1.166697572053867	1.001693778415824	1.001693778415825
-1.160408097271906	1.000914063656485	1.000914063656485
-1.154118622489944	1.000139176517728	1.000139176517728
-1.147829147707983	0.999369621746939	0.999369621746939
-1.141539672926021	0.998605896107340	0.998605896107340
-1.135250198144059	0.997848488063404	0.997848488063404
-1.128960723362098	0.997097877478170	0.997097877478170
-1.122671248580136	0.996354535322402	0.996354535322402
-1.116381773798175	0.995618923395471	0.995618923395471
-1.110092299016213	0.994891494057877	0.994891494057877
-1.103802824234251	0.994172689975284	0.994172689975284
-1.097513349452290	0.993462943873932	0.993462943873932
-1.091223874670329	0.992762678307310	0.992762678307310
-1.084934399888367	0.992072305433914	0.992072305433914
-1.078644925106406	0.991392226805970	0.991392226805971
-1.072355450324444	0.990722833168947	0.990722833168948
-1.066065975542482	0.990064504271697	0.990064504271697
-1.059776500760521	0.989417608687074	0.989417608687074
-1.053487025978559	0.988782503642871	0.988782503642872
-1.047197551196598	0.988159534862883	0.988159534862883
-1.040908076414636	0.987549036417969	0.987549036417969
-1.034618601632675	0.986951330586933	0.986951330586934
-1.028329126850713	0.986366727727083	0.986366727727084
-1.022039652068752	0.985795526154290	0.985795526154290
-1.015750177286790	0.985238012032422	0.985238012032422
-1.009460702504828	0.984694459272020	0.984694459272020
-1.003171227722867	0.984165129438031	0.984165129438032
-0.996881752940905	0.983650271666545	0.983650271666545
-0.990592278158944	0.983150122590342	0.983150122590342
-0.984302803376982	0.982664906273182	0.982664906273182
-0.978013328595021	0.982194834152715	0.982194834152715
-0.971723853813059	0.981740104991925	0.981740104991925
-0.965434379031097	0.981300904839005	0.981300904839005
-0.959144904249136	0.980877406995597	0.980877406995598
-0.952855429467175	0.980469771993336	0.980469771993336
-0.946565954685213	0.980078147578602	0.980078147578603
-0.940276479903251	0.979702668705476	0.979702668705477
-0.933987005121290	0.979343457536820	0.979343457536821
-0.927697530339328	0.979000623453465	0.979000623453466
-0.921408055557367	0.978674263071470	0.978674263071470
-0.915118580775405	0.978364460267447	0.978364460267447
-0.908829105993444	0.978071286211923	0.978071286211923
-0.902539631211482	0.977794799410754	0.977794799410754
-0.896250156429521	0.977535045754570	0.977535045754570
-0.889960681647559	0.977292058576284	0.977292058576284
-0.883671206865597	0.977065858716647	0.977065858716648
-0.877381732083636	0.976856454597901	0.976856454597901
-0.871092257301674	0.976663842305508	0.976663842305509
-0.864802782519713	0.976488005678016	0.976488005678016
-0.858513307737751	0.976328916405052	0.976328916405051
-0.852223832955790	0.976186534133489	0.976186534133489
-0.845934358173828	0.976060806581799	0.976060806581799
-0.839644883391866	0.975951669662619	0.975951669662620
-0.833355408609905	0.975859047613542	0.975859047613542
-0.827065933827943	0.975782853136143	0.975782853136143
-0.820776459045982	0.975722987543287	0.975722987543287
-0.814486984264021	0.975679340914677	0.975679340914677
-0.808197509482059	0.975651792260666	0.975651792260666
-0.801908034700097	0.975640209694325	0.975640209694325
-0.795618559918136	0.975644450611746	0.975644450611746
-0.789329085136174	0.975664361880542	0.975664361880543
-0.783039610354213	0.975699780036523	0.975699780036523
-0.776750135572251	0.975750531488486	0.975750531488486
-0.770460660790290	0.975816432731061	0.975816432731061
-0.764171186008328	0.975897290565528	0.975897290565528
-0.757881711226366	0.975992902328531	0.975992902328531
-0.751592236444405	0.976103056128565	0.976103056128565
-0.745302761662443	0.976227531090111	0.976227531090112
-0.739013286880482	0.976366097605301	0.976366097605301
-0.732723812098520	0.976518517592935	0.976518517592935
-0.726434337316559	0.976684544764681	0.976684544764682
-0.720144862534597	0.976863924898268	0.976863924898268
-0.713855387752636	0.977056396117444	0.977056396117444
-0.707565912970674	0.977261689178494	0.977261689178494
-0.701276438188712	0.977479527763047	0.977479527763047
-0.694986963406751	0.977709628776889	0.977709628776889
-0.688697488624790	0.977951702654529	0.977951702654530
-0.682408013842828	0.978205453669172	0.978205453669172
-0.676118539060866	0.978470580247787	0.978470580247788
-0.669829064278905	0.978746775290922	0.978746775290922
-0.663539589496943	0.979033726496880	0.979033726496880
-0.657250114714982	0.979331116689909	0.979331116689910
-0.650960639933020	0.979638624151958	0.979638624151958
-0.644671165151059	0.979955922957612	0.979955922957612
-0.638381690369097	0.980282683311755	0.980282683311755
-0.632092215587136	0.980618571889518	0.980618571889518
-0.625802740805174	0.980963252178040	0.980963252178040
-0.619513266023212	0.981316384819571	0.981316384819571
-0.613223791241251	0.981677627955421	0.981677627955421
-0.606934316459289	0.982046637570254	0.982046637570254
-0.600644841677328	0.982423067836231	0.982423067836232
-0.594355366895366	0.982806571456462	0.982806571456463
-0.588065892113405	0.983196800007265	0.983196800007265
-0.581776417331443	0.983593404278683	0.983593404278683
-0.575486942549482	0.983996034612754	0.983996034612754
-0.569197467767520	0.984404341238962	0.984404341238962
-0.562907992985558	0.984817974606382	0.984817974606382
-0.556618518203597	0.985236585711937	0.985236585711937
-0.550329043421636	0.985659826424296	0.985659826424296
-0.544039568639674	0.986087349802824	0.986087349802824
-0.537750093857712	0.986518810411141	0.986518810411142
-0.531460619075751	0.986953864624714	0.986953864624714
-0.525171144293789	0.987392170932032	0.987392170932032
-0.518881669511828	0.987833390228865	0.987833390228864
-0.512592194729866	0.988277186105131	0.988277186105131
-0.506302719947905	0.988723225123917	0.988723225123917
-0.500013245165943	0.989171177092233	0.989171177092233
-0.493723770383982	0.989620715323044	0.989620715323044
-0.487434295602020	0.990071516888217	0.990071516888216
-0.481144820820058	0.990523262861979	0.990523262861979
-0.474855346038097	0.990975638554541	0.990975638554541
-0.468565871256135	0.991428333735549	0.991428333735549
-0.462276396474174	0.991881042847059	0.991881042847058
-0.455986921692212	0.992333465205756	0.992333465205757
-0.449697446910251	0.992785305194150	0.992785305194150
-0.443407972128289	0.993236272440526	0.993236272440526
-0.437118497346327	0.993686081987470	0.993686081987470
-0.430829022564366	0.994134454448748	0.994134454448748
-0.424539547782404	0.994581116154464	0.994581116154464
-0.418250073000443	0.995025799284315	0.995025799284315
-0.411960598218482	0.995468241988922	0.995468241988922
-0.405671123436520	0.995908188499148	0.995908188499148
-0.399381648654558	0.996345389223369	0.996345389223369
-0.393092173872597	0.996779600832759	0.996779600832759
-0.386802699090635	0.997210586334569	0.997210586334570
-0.380513224308674	0.997638115133487	0.997638115133487
-0.374223749526712	0.998061963081187	0.998061963081186
-0.367934274744751	0.998481912514167	0.998481912514167
-0.361644799962789	0.998897752280036	0.998897752280036
-0.355355325180827	0.999309277752439	0.999309277752439
-0.349065850398866	0.999716290834794	0.999716290834795
-0.342776375616904	1.000118599953097	1.000118599953097
-0.336486900834943	1.000516020038042	1.000516020038042
-0.330197426052981	1.000908372496712	1.000908372496712
-0.323907951271020	1.001295485174173	1.001295485174173
-0.317618476489058	1.001677192305256	1.001677192305256
-0.311329001707097	1.002053334456878	1.002053334456878
-0.305039526925135	1.002423758461284	1.002423758461284
-0.298750052143173	1.002788317340527	1.002788317340527
-0.292460577361212	1.003146870222635	1.003146870222635
-0.286171102579251	1.003499282249841	1.003499282249841
-0.279881627797289	1.003845424479288	1.003845424479288
-0.273592153015327	1.004185173776643	1.004185173776643
-0.267302678233366	1.004518412703091	1.004518412703091
-0.261013203451404	1.004845029396087	1.004845029396087
-0.254723728669443	1.005164917444420	1.005164917444421
-0.248434253887481	1.005477975757951	1.005477975757952
-0.242144779105520	1.005784108432567	1.005784108432566
-0.235855304323558	1.006083224610791	1.006083224610791
-0.229565829541597	1.006375238338527	1.006375238338527
-0.223276354759635	1.006660068418417	1.006660068418417
-0.216986879977673	1.006937638260287	1.006937638260286
-0.210697405195712	1.007207875729153	1.007207875729153
-0.204407930413750	1.007470712991265	1.007470712991265
-0.198118455631789	1.007726086358653	1.007726086358653
-0.191828980849827	1.007973936132639	1.007973936132639
-0.185539506067866	1.008214206446772	1.008214206446773
-0.179250031285904	1.008446845109663	1.008446845109663
-0.172960556503943	1.008671803448121	1.008671803448121
-0.166671081721981	1.008889036151064	1.008889036151064
-0.160381606940019	1.009098501114628	1.009098501114628
-0.154092132158058	1.009300159288871	1.009300159288871
-0.147802657376097	1.009493974526515	1.009493974526515
-0.141513182594135	1.009679913434087	1.009679913434087
-0.135223707812173	1.009857945225885	1.009857945225885
-0.128934233030212	1.010028041581094	1.010028041581094
-0.122644758248250	1.010190176504466	1.010190176504466
-0.116355283466289	1.010344326190874	1.010344326190874
-0.110065808684327	1.010490468894083	1.010490468894083
-0.103776333902366	1.010628584800076	1.010628584800076
-0.097486859120404	1.010758655905205	1.010758655905204
-0.091197384338442	1.010880665899511	1.010880665899511
-0.084907909556481	1.010994600055425	1.010994600055425
-0.078618434774519	1.011100445122176	1.011100445122176
-0.072328959992558	1.011198189226092	1.011198189226092
-0.066039485210596	1.011287821777079	1.011287821777079
-0.059750010428635	1.011369333381443	1.011369333381442
-0.053460535646673	1.011442715761287	1.011442715761287
-0.047171060864712	1.011507961680666	1.011507961680665
-0.040881586082750	1.011565064878615	1.011565064878615
-0.034592111300788	1.011614020009287	1.011614020009287
-0.028302636518827	1.011654822589251	1.011654822589251
-0.022013161736865	1.011687468952106	1.011687468952106
-0.015723686954904	1.011711956210518	1.011711956210518
-0.009434212172942	1.011728282225745	1.011728282225745
-0.003144737390981	1.011736445584711	1.011736445584711
0.003144737390981	1.011736445584712	1.011736445584712
0.009434212172942	1.011728282225745	1.011728282225745
0.015723686954904	1.011711956210518	1.011711956210518
0.022013161736865	1.011687468952106	1.011687468952106
0.028302636518827	1.011654822589251	1.011654822589252
0.034592111300789	1.011614020009288	1.011614020009288
0.040881586082750	1.011565064878616	1.011565064878616
0.047171060864712	1.011507961680666	1.011507961680665
0.053460535646673	1.011442715761288	1.011442715761288
0.059750010428634	1.011369333381443	1.011369333381442
0.066039485210597	1.011287821777078	1.011287821777078
0.072328959992558	1.011198189226092	1.011198189226092
0.078618434774519	1.011100445122176	1.011100445122176
0.084907909556481	1.010994600055425	1.010994600055425
0.091197384338442	1.010880665899510	1.010880665899510
0.097486859120404	1.010758655905206	1.010758655905205
0.103776333902366	1.010628584800075	1.010628584800075
0.110065808684327	1.010490468894085	1.010490468894085
0.116355283466288	1.010344326190876	1.010344326190875
0.122644758248250	1.010190176504466	1.010190176504466
0.128934233030212	1.010028041581095	1.010028041581095
0.135223707812173	1.009857945225886	1.009857945225885
0.141513182594135	1.009679913434087	1.009679913434087
0.147802657376096	1.009493974526516	1.009493974526515
0.154092132158058	1.009300159288871	1.009300159288871
0.160381606940020	1.009098501114628	1.009098501114628
0.166671081721981	1.008889036151065	1.008889036151065
0.172960556503943	1.008671803448121	1.008671803448121
0.179250031285904	1.008446845109662	1.008446845109662
0.185539506067865	1.008214206446772	1.008214206446772
0.191828980849827	1.007973936132638	1.007973936132637
0.198118455631789	1.007726086358653	1.007726086358653
0.204407930413750	1.007470712991266	1.007470712991266
0.210697405195712	1.007207875729153	1.007207875729153
0.216986879977673	1.006937638260287	1.006937638260286
0.223276354759635	1.006660068418417	1.006660068418417
0.229565829541597	1.006375238338526	1.006375238338526
0.235855304323558	1.006083224610792	1.006083224610792
0.242144779105519	1.005784108432568	1.005784108432567
0.248434253887481	1.005477975757951	1.005477975757952
0.254723728669443	1.005164917444420	1.005164917444420
0.261013203451404	1.004845029396087	1.004845029396087
0.267302678233366	1.004518412703090	1.004518412703090
0.273592153015327	1.004185173776643	1.004185173776643
0.279881627797288	1.003845424479288	1.003845424479288
0.286171102579251	1.003499282249841	1.003499282249841
0.292460577361212	1.003146870222635	1.003146870222635
0.298750052143173	1.002788317340526	1.002788317340526
0.305039526925135	1.002423758461284	1.002423758461284
0.311329001707097	1.002053334456878	1.002053334456878
0.317618476489058	1.001677192305256	1.001677192305256
0.323907951271020	1.001295485174174	1.001295485174173
0.330197426052981	1.000908372496712	1.000908372496712
0.336486900834943	1.000516020038043	1.000516020038043
0.342776375616905	1.000118599953097	1.000118599953097
0.349065850398866	0.999716290834795	0.999716290834795
0.355355325180827	0.999309277752439	0.999309277752440
0.361644799962789	0.998897752280037	0.998897752280037
0.367934274744750	0.998481912514167	0.998481912514167
0.374223749526712	0.998061963081186	0.998061963081186
0.380513224308674	0.997638115133487	0.997638115133487
0.386802699090635	0.997210586334570	0.997210586334570
0.393092173872597	0.996779600832761	0.996779600832760
0.399381648654558	0.996345389223369	0.996345389223369
0.405671123436520	0.995908188499148	0.995908188499147
0.411960598218482	0.995468241988923	0.995468241988923
0.418250073000443	0.995025799284313	0.995025799284313
0.424539547782404	0.994581116154464	0.994581116154463
0.430829022564366	0.994134454448749	0.994134454448749
0.437118497346328	0.993686081987470	0.993686081987469
0.443407972128289	0.993236272440526	0.993236272440526
0.449697446910251	0.992785305194150	0.992785305194150
0.455986921692212	0.992333465205757	0.992333465205756
0.462276396474173	0.991881042847059	0.991881042847059
0.468565871256136	0.991428333735548	0.991428333735548
0.474855346038097	0.990975638554542	0.990975638554542
0.481144820820058	0.990523262861980	0.990523262861979
0.487434295602020	0.990071516888217	0.990071516888216
0.493723770383981	0.989620715323044	0.989620715323044
0.500013245165943	0.989171177092234	0.989171177092234
0.506302719947905	0.988723225123917	0.988723225123917
0.512592194729866	0.988277186105129	0.988277186105129
0.518881669511827	0.987833390228866	0.987833390228866
0.525171144293789	0.987392170932032	0.987392170932032
0.531460619075751	0.986953864624714	0.986953864624714
0.537750093857712	0.986518810411142	0.986518810411142
0.544039568639674	0.986087349802824	0.986087349802824
0.550329043421635	0.985659826424296	0.985659826424296
0.556618518203597	0.985236585711937	0.985236585711936
0.562907992985559	0.984817974606382	0.984817974606382
0.569197467767520	0.984404341238963	0.984404341238963
0.575486942549482	0.983996034612754	0.983996034612754
0.581776417331443	0.983593404278684	0.983593404278684
0.588065892113404	0.983196800007265	0.983196800007265
0.594355366895366	0.982806571456462	0.982806571456462
0.600644841677328	0.982423067836231	0.982423067836231
0.606934316459289	0.982046637570255	0.982046637570255
0.613223791241251	0.981677627955422	0.981677627955422
0.619513266023212	0.981316384819571	0.981316384819571
0.625802740805174	0.980963252178040	0.980963252178039
0.632092215587136	0.980618571889518	0.980618571889518
0.638381690369097	0.980282683311756	0.980282683311755
0.644671165151058	0.979955922957613	0.979955922957612
0.650960639933020	0.979638624151958	0.979638624151958
0.657250114714982	0.979331116689909	0.979331116689909
0.663539589496943	0.979033726496880	0.979033726496880
0.669829064278905	0.978746775290922	0.978746775290922
0.676118539060866	0.978470580247787	0.978470580247787
0.682408013842828	0.978205453669172	0.978205453669172
0.688697488624790	0.977951702654529	0.977951702654529
0.694986963406751	0.977709628776889	0.977709628776889
0.701276438188712	0.977479527763047	0.977479527763047
0.707565912970674	0.977261689178495	0.977261689178495
0.713855387752636	0.977056396117445	0.977056396117445
0.720144862534597	0.976863924898268	0.976863924898268
0.726434337316559	0.976684544764681	0.976684544764682
0.732723812098520	0.976518517592935	0.976518517592935
0.739013286880482	0.976366097605301	0.976366097605300
0.745302761662444	0.976227531090110	0.976227531090110
0.751592236444405	0.976103056128566	0.976103056128565
0.757881711226366	0.975992902328531	0.975992902328531
0.764171186008328	0.975897290565528	0.975897290565527
0.770460660790289	0.975816432731061	0.975816432731060
0.776750135572251	0.975750531488486	0.975750531488485
0.783039610354213	0.975699780036523	0.975699780036523
0.789329085136174	0.975664361880542	0.975664361880542
0.795618559918136	0.975644450611747	0.975644450611747
0.801908034700097	0.975640209694325	0.975640209694325
0.808197509482059	0.975651792260666	0.975651792260666
0.814486984264021	0.975679340914677	0.975679340914677
0.820776459045982	0.975722987543288	0.975722987543288
0.827065933827943	0.975782853136142	0.975782853136142
0.833355408609905	0.975859047613542	0.975859047613542
0.839644883391867	0.975951669662621	0.975951669662621
0.845934358173828	0.976060806581800	0.976060806581800
0.852223832955790	0.976186534133488	0.976186534133488
0.858513307737751	0.976328916405051	0.976328916405051
0.864802782519713	0.976488005678016	0.976488005678016
0.871092257301675	0.976663842305508	0.976663842305508
0.877381732083636	0.976856454597901	0.976856454597901
0.883671206865597	0.977065858716648	0.977065858716647
0.889960681647559	0.977292058576283	0.977292058576283
0.896250156429520	0.977535045754570	0.977535045754570
0.902539631211482	0.977794799410754	0.977794799410754
0.908829105993444	0.978071286211923	0.978071286211923
0.915118580775405	0.978364460267448	0.978364460267447
0.921408055557367	0.978674263071470	0.978674263071470
0.927697530339328	0.979000623453465	0.979000623453465
0.933987005121290	0.979343457536821	0.979343457536821
0.940276479903251	0.979702668705477	0.979702668705477
0.946565954685213	0.980078147578603	0.980078147578602
0.952855429467174	0.980469771993337	0.980469771993337
0.959144904249136	0.980877406995597	0.980877406995597
0.965434379031098	0.981300904839004	0.981300904839004
0.971723853813059	0.981740104991925	0.981740104991925
0.978013328595021	0.982194834152715	0.982194834152715
0.984302803376982	0.982664906273182	0.982664906273182
0.990592278158943	0.983150122590342	0.983150122590342
0.996881752940906	0.983650271666547	0.983650271666546
1.003171227722867	0.984165129438032	0.984165129438031
1.009460702504828	0.984694459272019	0.984694459272019
1.015750177286790	0.985238012032424	0.985238012032424
1.022039652068751	0.985795526154290	0.985795526154290
1.028329126850713	0.986366727727083	0.986366727727083
1.034618601632675	0.986951330586933	0.986951330586933
1.040908076414636	0.987549036417969	0.987549036417969
1.047197551196597	0.988159534862883	0.988159534862883
1.053487025978559	0.988782503642872	0.988782503642871
1.059776500760521	0.989417608687075	0.989417608687075
1.066065975542482	0.990064504271697	0.990064504271697
1.072355450324444	0.990722833168948	0.990722833168947
1.078644925106405	0.991392226805970	0.991392226805970
1.084934399888367	0.992072305433914	0.992072305433914
1.091223874670329	0.992762678307309	0.992762678307309
1.097513349452290	0.993462943873932	0.993462943873932
1.103802824234251	0.994172689975284	0.994172689975284
1.110092299016213	0.994891494057878	0.994891494057878
1.116381773798175	0.995618923395471	0.995618923395471
1.122671248580136	0.996354535322403	0.996354535322403
1.128960723362098	0.997097877478171	0.997097877478170
1.135250198144059	0.997848488063404	0.997848488063404
1.141539672926021	0.998605896107340	0.998605896107340
1.147829147707983	0.999369621746938	0.999369621746938
1.154118622489944	1.000139176517728	1.000139176517728
1.160408097271906	1.000914063656485	1.000914063656485
1.166697572053867	1.001693778415825	1.001693778415824
1.172987046835828	1.002477808390748	1.002477808390748
1.179276521617791	1.003265633857209	1.003265633857209
1.185565996399752	1.004056728122720	1.004056728122720
1.191855471181713	1.004850557888977	1.004850557888977
1.198144945963675	1.005646583626516	1.005646583626516
1.204434420745636	1.006444259961332	1.006444259961332
1.210723895527598	1.007243036073404	1.007243036073404
1.217013370309560	1.008042356107013	1.008042356107013
1.223302845091521	1.008841659592753	1.008841659592753
1.229592319873482	1.009640381881049	1.009640381881049
1.235881794655444	1.010437954587032	1.010437954587032
1.242171269437406	1.011233806046512	1.011233806046512
1.248460744219367	1.012027361782842	1.012027361782842
1.254750219001329	1.012818044984364	1.012818044984364
1.261039693783290	1.013605276992115	1.013605276992115
1.267329168565251	1.014388477797466	1.014388477797466
1.273618643347214	1.015167066549274	1.015167066549274
1.279908118129175	1.015940462070140	1.015940462070140
1.286197592911136	1.016708083381322	1.016708083381322
1.292487067693098	1.017469350235764	1.017469350235764
1.298776542475059	1.018223683658750	1.018223683658750
1.305066017257021	1.018970506495596	1.018970506495596
1.311355492038983	1.019709243965750	1.019709243965750
1.317644966820944	1.020439324222695	1.020439324222695
1.323934441602906	1.021160178918944	1.021160178918944
1.330223916384867	1.021871243775418	1.021871243775418
1.336513391166829	1.022571959154486	1.022571959154486
1.342802865948791	1.023261770635841	1.023261770635841
1.349092340730752	1.023940129594448	1.023940129594448
1.355381815512713	1.024606493779683	1.024606493779683
1.361671290294675	1.025260327894827	1.025260327894826
1.367960765076637	1.025901104175989	1.025901104175988
1.374250239858598	1.026528302969576	1.026528302969575
1.380539714640560	1.027141413307323	1.027141413307323
1.386829189422521	1.027739933477963	1.027739933477963
1.393118664204482	1.028323371594537	1.028323371594537
1.399408138986445	1.028891246156353	1.028891246156353
1.405697613768406	1.029443086604589	1.029443086604588
1.411987088550367	1.029978433870536	1.029978433870536
1.418276563332329	1.030496840915449	1.030496840915449
1.424566038114290	1.030997873260980	1.030997873260980
1.430855512896252	1.031481109509188	1.031481109509187
1.437144987678214	1.031946141851085	1.031946141851085
1.443434462460175	1.032392576562709	1.032392576562709
1.449723937242136	1.032820034487748	1.032820034487748
1.456013412024098	1.033228151505676	1.033228151505676
1.462302886806060	1.033616578984476	1.033616578984475
1.468592361588021	1.033984984216958	1.033984984216958
1.474881836369983	1.034333050839779	1.034333050839779
1.481171311151944	1.034660479234234	1.034660479234234
1.487460785933906	1.034966986907955	1.034966986907955
1.493750260715868	1.035252308856688	1.035252308856688
1.500039735497829	1.035516197905339	1.035516197905339
1.506329210279790	1.035758425027511	1.035758425027511
1.512618685061752	1.035978779642853	1.035978779642853
1.518908159843714	1.036177069891501	1.036177069891501
1.525197634625675	1.036353122885002	1.036353122885002
1.531487109407637	1.036506784933163	1.036506784933162
1.537776584189598	1.036637921746270	1.036637921746270
1.544066058971560	1.036746418612218	1.036746418612219
1.550355533753522	1.036832180548160	1.036832180548160
1.556645008535483	1.036895132426289	1.036895132426289
1.562934483317445	1.036935219073467	1.036935219073466
1.569223958099406	1.036952405344488	1.036952405344487
1.575513432881367	1.036946676168772	1.036946676168772
1.581802907663330	1.036918036570404	1.036918036570404
1.588092382445291	1.036866511661449	1.036866511661448
1.594381857227252	1.036792146608577	1.036792146608577
1.600671332009214	1.036695006573072	1.036695006573071
1.606960806791175	1.036575176624357	1.036575176624357
1.613250281573137	1.036432761627254	1.036432761627254
1.619539756355099	1.036267886103233	1.036267886103233
1.625829231137060	1.036080694065963	1.036080694065963
1.632118705919021	1.035871348831596	1.035871348831596
1.638408180700983	1.035640032804165	1.035640032804165
1.644697655482945	1.035386947236629	1.035386947236629
1.650987130264906	1.035112311968111	1.035112311968110
1.657276605046868	1.034816365137930	1.034816365137929
1.663566079828829	1.034499362877063	1.034499362877063
1.669855554610791	1.034161578977767	1.034161578977767
1.676145029392753	1.033803304542063	1.033803304542063
1.682434504174714	1.033424847609901	1.033424847609901
1.688723978956675	1.033026532767809	1.033026532767809
1.695013453738637	1.032608700738869	1.032608700738869
1.701302928520598	1.032171707954939	1.032171707954938
1.707592403302560	1.031715926112015	1.031715926112015
1.713881878084522	1.031241741709680	1.031241741709680
1.720171352866483	1.030749555575598	1.030749555575598
1.726460827648445	1.030239782376051	1.030239782376051
1.732750302430406	1.029712850113488	1.029712850113488
1.739039777212368	1.029169199612131	1.029169199612131
1.745329251994330	1.028609283992631	1.028609283992631
1.751618726776291	1.028033568136775	1.028033568136775
1.757908201558252	1.027442528143337	1.027442528143337
1.764197676340214	1.026836650776016	1.026836650776016
1.770487151122176	1.026216432904526	1.026216432904526
1.776776625904137	1.025582380939843	1.025582380939843
1.783066100686099	1.024935010264586	1.024935010264586
1.789355575468060	1.024274844659554	1.024274844659553
1.795645050250022	1.023602415727344	1.023602415727344
1.801934525031984	1.022918262314052	1.022918262314052
1.808223999813945	1.022222929929943	1.022222929929942
1.814513474595906	1.021516970170025	1.021516970170025
1.820802949377868	1.020800940135402	1.020800940135402
1.827092424159829	1.020075401856253	1.020075401856253
1.833381898941791	1.019340921717280	1.019340921717280
1.839671373723753	1.018598069886404	1.018598069886403
1.845960848505714	1.017847419747477	1.017847419747477
1.852250323287675	1.017089547337760	1.017089547337760
1.858539798069637	1.016325030790833	1.016325030790832
1.864829272851599	1.015554449785610	1.015554449785610
1.871118747633560	1.014778385002114	1.014778385002114
1.877408222415522	1.013997417584547	1.013997417584547
1.883697697197483	1.013212128612264	1.013212128612264
1.889987171979445	1.012423098579126	1.012423098579126
1.896276646761407	1.011630906881738	1.011630906881738
1.902566121543368	1.010836131317002	1.010836131317002
1.908855596325330	1.010039347589402	1.010039347589401
1.915145071107291	1.009241128828380	1.009241128828380
1.921434545889253	1.008442045116151	1.008442045116150
1.927724020671215	1.007642663026246	1.007642663026245
1.934013495453176	1.006843545173058	1.006843545173058
1.940302970235137	1.006045249772626	1.006045249772626
1.946592445017099	1.005248330214844	1.005248330214844
1.952881919799061	1.004453334647277	1.004453334647277
1.959171394581022	1.003660805570737	1.003660805570737
1.965460869362984	1.002871279446685	1.002871279446685
1.971750344144945	1.002085286316601	1.002085286316601
1.978039818926906	1.001303349433329	1.001303349433329
1.984329293708869	1.000525984904461	1.000525984904460
1.990618768490830	0.999753701347762	0.999753701347763
1.996908243272791	0.998986999558604	0.998986999558604
2.003197718054753	0.998226372189412	0.998226372189412
2.009487192836714	0.997472303441036	0.997472303441036
2.015776667618676	0.996725268765997	0.996725268765997
2.022066142400638	0.995985734583522	0.995985734583522
2.028355617182599	0.995254158006259	0.995254158006259
2.034645091964561	0.994530986578571	0.994530986578572
2.040934566746522	0.993816658026279	0.993816658026278
2.047224041528484	0.993111600017712	0.993111600017712
2.053513516310446	0.992416229935958	0.992416229935958
2.059802991092407	0.991730954662108	0.991730954662108
2.066092465874368	0.991056170369404	0.991056170369404
2.072381940656330	0.990392262328077	0.990392262328077
2.078671415438292	0.989739604720758	0.989739604720758
2.084960890220253	0.989098560468265	0.989098560468265
2.091250365002215	0.988469481065629	0.988469481065629
2.097539839784176	0.987852706428176	0.987852706428175
2.103829314566137	0.987248564747523	0.987248564747523
2.110118789348100	0.986657372357306	0.986657372357306
2.116408264130061	0.986079433608519	0.986079433608518
2.122697738912022	0.985515040754269	0.985515040754269
2.128987213693984	0.984964473843861	0.984964473843860
2.135276688475945	0.984428000626002	0.984428000626001
2.141566163257907	0.983905876461068	0.983905876461068
2.147855638039869	0.983398344242252	0.983398344242251
2.154145112821830	0.982905634325494	0.982905634325493
2.160434587603791	0.982427964468102	0.982427964468101
2.166724062385753	0.981965539775932	0.981965539775932
2.173013537167715	0.981518552659066	0.981518552659065
2.179303011949676	0.981087182795869	0.981087182795868
2.185592486731638	0.980671597105397	0.980671597105397
2.191881961513599	0.980271949728052	0.980271949728052
2.198171436295560	0.979888382014434	0.979888382014433
2.204460911077523	0.979521022522372	0.979521022522371
2.210750385859484	0.979169987022061	0.979169987022061
2.217039860641445	0.978835378509280	0.978835378509280
2.223329335423407	0.978517287226701	0.978517287226701
2.229618810205368	0.978215790693220	0.978215790693219
2.235908284987330	0.977930953741345	0.977930953741345
2.242197759769292	0.977662828562640	0.977662828562639
2.248487234551253	0.977411454761181	0.977411454761181
2.254776709333215	0.977176859415103	0.977176859415103
2.261066184115176	0.976959057146192	0.976959057146192
2.267355658897138	0.976758050197574	0.976758050197574
2.273645133679099	0.976573828519512	0.976573828519512
2.279934608461061	0.976406369863337	0.976406369863336
2.286224083243023	0.976255639883514	0.976255639883514
2.292513558024984	0.976121592247913	0.976121592247913
2.298803032806946	0.976004168756252	0.976004168756251
2.305092507588907	0.975903299466781	0.975903299466781
2.311381982370869	0.975818902831189	0.975818902831188
2.317671457152830	0.975750885837768	0.975750885837768
2.323960931934792	0.975699144162843	0.975699144162843
2.330250406716754	0.975663562330447	0.975663562330447
2.336539881498715	0.975644013880271	0.975644013880271
2.342829356280677	0.975640361543843	0.975640361543843
2.349118831062638	0.975652457428943	0.975652457428943
2.355408305844600	0.975680143212189	0.975680143212188
2.361697780626562	0.975723250339778	0.975723250339778
2.367987255408523	0.975781600236320	0.975781600236320
2.374276730190484	0.975855004521673	0.975855004521672
2.380566204972446	0.975943265235720	0.975943265235720
2.386855679754408	0.976046175070990	0.976046175070989
2.393145154536369	0.976163517612976	0.976163517612975
2.399434629318331	0.976295067588066	0.976295067588066
2.405724104100292	0.976440591118896	0.976440591118896
2.412013578882253	0.976599845986983	0.976599845986983
2.418303053664215	0.976772581902447	0.976772581902447
2.424592528446177	0.976958540780616	0.976958540780615
2.430882003228138	0.977157457025294	0.977157457025294
2.437171478010100	0.977369057818455	0.977369057818455
2.443460952792061	0.977593063416086	0.977593063416086
2.449750427574023	0.977829187449922	0.977829187449921
2.456039902355985	0.978077137234743	0.978077137234743
2.462329377137946	0.978336614080952	0.978336614080952
2.468618851919907	0.978607313612046	0.978607313612045
2.474908326701869	0.978888926086666	0.978888926086666
2.481197801483831	0.979181136724839	0.979181136724839
2.487487276265792	0.979483626037980	0.979483626037980
2.493776751047754	0.979796070162308	0.979796070162307
2.500066225829715	0.980118141195196	0.980118141195196
2.506355700611676	0.980449507534034	0.980449507534034
2.512645175393639	0.980789834217143	0.980789834217143
2.518934650175600	0.981138783266266	0.981138783266266
2.525224124957561	0.981496014030154	0.981496014030154
2.531513599739523	0.981861183528755	0.981861183528754
2.537803074521484	0.982233946797492	0.982233946797491
2.544092549303446	0.982613957231136	0.982613957231136
2.550382024085408	0.983000866926712	0.983000866926712
2.556671498867369	0.983394327024967	0.983394327024967
2.562960973649330	0.983793988049816	0.983793988049816
2.569250448431292	0.984199500245288	0.984199500245288
2.575539923213254	0.984610513909372	0.984610513909372
2.581829397995215	0.985026679724296	0.985026679724296
2.588118872777177	0.985447649082665	0.985447649082665
2.594408347559138	0.985873074408953	0.985873074408953
2.600697822341099	0.986302609475820	0.986302609475820
2.606987297123062	0.986735909714747	0.986735909714747
2.613276771905023	0.987172632520490	0.987172632520490
2.619566246686984	0.987612437548844	0.987612437548843
2.625855721468946	0.988054987007274	0.988054987007274
2.632145196250907	0.988499945937914	0.988499945937913
2.638434671032869	0.988946982492504	0.988946982492504
2.644724145814831	0.989395768198834	0.989395768198834
2.651013620596792	0.989845978218289	0.989845978218289
2.657303095378754	0.990297291594086	0.990297291594086
2.663592570160715	0.990749391489872	0.990749391489871
2.669882044942677	0.991201965418293	0.991201965418293
2.676171519724639	0.991654705459243	0.991654705459242
2.682460994506600	0.992107308467498	0.992107308467497
2.688750469288562	0.992559476269452	0.992559476269452
2.695039944070523	0.993010915848721	0.993010915848721
2.701329418852485	0.993461339520400	0.993461339520399
2.707618893634447	0.993910465093782	0.993910465093782
2.713908368416408	0.994358016023401	0.994358016023401
2.720197843198369	0.994803721548241	0.994803721548241
2.726487317980331	0.995247316819049	0.995247316819049
2.732776792762293	0.995688543013653	0.995688543013653
2.739066267544254	0.996127147440262	0.996127147440262
2.745355742326216	0.996562883628743	0.996562883628743
2.751645217108177	0.996995511409897	0.996995511409897
2.757934691890139	0.997424796982761	0.997424796982760
2.764224166672101	0.997850512970061	0.997850512970061
2.770513641454062	0.998272438461875	0.998272438461874
2.776803116236023	0.998690359047690	0.998690359047690
2.783092591017985	0.999104066836969	0.999104066836969
2.789382065799947	0.999513360468464	0.999513360468463
2.795671540581908	0.999918045108458	0.999918045108457
2.801961015363870	1.000317932438185	1.000317932438185
2.808250490145831	1.000712840630716	1.000712840630715
2.814539964927792	1.001102594317547	1.001102594317547
2.820829439709755	1.001487024545249	1.001487024545248
2.827118914491716	1.001865968722485	1.001865968722485
2.833408389273677	1.002239270557737	1.002239270557736
2.839697864055639	1.002606779988120	1.002606779988120
2.845987338837600	1.002968353099662	1.002968353099662
2.852276813619562	1.003323852039447	1.003323852039447
2.858566288401524	1.003673144920026	1.003673144920026
2.864855763183485	1.004016105716524	1.004016105716524
2.871145237965446	1.004352614156895	1.004352614156895
2.877434712747408	1.004682555605735	1.004682555605734
2.883724187529370	1.005005820942122	1.005005820942122
2.890013662311331	1.005322306431978	1.005322306431978
2.896303137093293	1.005631913595335	1.005631913595334
2.902592611875254	1.005934549069080	1.005934549069079
2.908882086657215	1.006230124465552	1.006230124465552
2.915171561439178	1.006518556227549	1.006518556227549
2.921461036221139	1.006799765480163	1.006799765480163
2.927750511003100	1.007073677879949	1.007073677879949
2.934039985785062	1.007340223461889	1.007340223461888
2.940329460567023	1.007599336484630	1.007599336484629
2.946618935348985	1.007850955274451	1.007850955274451
2.952908410130947	1.008095022068442	1.008095022068441
2.959197884912908	1.008331482857321	1.008331482857321
2.965487359694869	1.008560287228366	1.008560287228366
2.971776834476831	1.008781388208888	1.008781388208888
2.978066309258793	1.008994742110683	1.008994742110683
2.984355784040754	1.009200308375893	1.009200308375893
2.990645258822716	1.009398049424676	1.009398049424675
2.996934733604677	1.009587930505095	1.009587930505094
3.003224208386639	1.009769919545630	1.009769919545629
3.009513683168601	1.009943987010666	1.009943987010665
3.015803157950562	1.010110105759352	1.010110105759352
3.022092632732523	1.010268250908179	1.010268250908179
3.028382107514485	1.010418399697590	1.010418399697589
3.034671582296447	1.010560531362998	1.010560531362998
3.040961057078408	1.010694627010486	1.010694627010485
3.047250531860370	1.010820669497505	1.010820669497505
3.053540006642331	1.010938643318855	1.010938643318855
3.059829481424293	1.011048534498200	1.011048534498199
3.066118956206254	1.011150330485400	1.011150330485400
3.072408430988216	1.011244020059872	1.011244020059872
3.078697905770178	1.011329593240210	1.011329593240210
3.084987380552139	1.011407041200280	1.011407041200279
3.091276855334101	1.011476356191961	1.011476356191960
3.097566330116063	1.011537531474730	1.011537531474729
3.103855804898024	1.011590561252222	1.011590561252222
3.110145279679986	1.011635440615926	1.011635440615926
3.116434754461947	1.011672165496141	1.011672165496140
3.122724229243908	1.011700732620279	1.011700732620279
3.129013704025870	1.011721139478639	1.011721139478638
3.135303178807832	1.011733384297702	1.011733384297702
3.141592653589793	1.011737466021015	1.011737466021015
