0
124.745
399.962
147.134
372.278
142.437
410.167
168.587
443.828
164.16
290.05
485.152
280.384
485.33
423.587
88.0817
404.908
279.266
373.013
315.396
110.706
156.819
300.157
131.48
131.873
108.171
106.109
221.099
141.185
175.293
121.871
331.757
380.926
520.039
122.468
231.556
107.982
96.2702
61.3306
255.55
122.669
338.523
118.154
194.225
394.409
317.887
111.43
65.3741
74.105
116.102
109.141
153.235
95.0155
220.791
328.97
64.7585
514.439
266.476
237.702
255.521
144.109
111.512
275.382
70.3297
110.557
415.81
309.013
276.57
384.494
331.497
469.798
486.488
526.29
512.517
295.352
513.76
456.24
283.569
432.385
177.446
383.388
201.322
237.142
469.646
375.433
397.228
190.924
151.117
413.826
527.286
122.67
569.365
419.031
111.538
174.724
119.037
416.726
165.731
458.11
139.04
347.955
171.642
425.549
134.415
276.854
573.642
478.192
103.387
551.443
111.936
529.145
335.442
366.487
443.574
549.193
332.47
511.539
475.957
152.591
454.755
619.382
164.764
505.975
98.3255
167.374
401.05
409.34
480.423
191.28
474.177
127.559
481.213
488.878
542.876
132.066
294.475
290.988
140.759
177.545
490.334
359.97
130.185
511.993
374.029
494.818
599.63
588.165
377.163
266.228
492.011
148.715
148.01
387.899
520.236
449.353
378.479
519.906
196.587
373.368
420.742
307.612
62.6266
465.024
384.151
407.604
329.104
159.353
192.898
253.135
296.251
491.176
476.24
389.636
483.88
349.168
87.9162
116.079
390.682
499.354
485.784
446.277
287.656
378.781
442.246
516.764
404.151
169.323
509.07
413.48
539.891
448.294
120.803
263.685
117.364
264.853
569.66
159.311
372.164
193.037
531.377
560.734
396.558
518.663
77.8713
125.465
506.829
589.779
616.363
581.714
491.489
547.459
407.297
159.735
339.447
611.441
599.394
600.625
353.421
320.1
108.504
537.497
491.995
430.241
215.07
303.92
411.913
591.923
527.287
512.173
84.8839
418.232
424.514
112.942
483.635
374.79
430.504
556.785
165.08
440.105
169.298
382.51
519.468
127.446
446.532
448.753
548.211
627.572
641.495
542.79
431.648
159.634
545.181
104.84
297.421
153.658
570.417
150.531
399.135
125.378
607.904
440.304
617.236
595.75
198.082
284.973
382.851
643.97
621.519
296.073
644.388
175.312
650.929
861.596
175.689
447.343
619.296
438.162
157.969
667.196
673.051
541.199
81.461
532.402
145.531
340.139
619.091
148.304
155.535
311.572
654.605
436.974
556.212
154.841
610.335
270.08
545.291
663.604
685.993
449.256
166.046
315.597
638.154
409.141
567.417
199.632
628.754
670.685
512.408
94.7514
190.364
654.447
646.786
625.747
533.773
601.931
172.77
467.735
173.206
395.747
631.932
472.269
498.602
606.003
637.52
207.754
549.997
124.91
625.378
408.912
664.11
492.675
560.202
541.218
564.92
652.419
524.238
561.498
175.521
320.115
551.068
548.744
182.663
558.142
196.172
637.383
322.239
166.987
391.781
200.251
465.949
608.612
164.787
639.002
536.127
483.956
492.425
505.702
669.43
138.822
173.645
452.935
614.531
365.788
506.056
427.482
223.766
648.74
533.716
306.318
575.328
635.303
182.256
640.82
353.626
499.843
131.856
339.838
408.995
624.109
618.089
503.984
326.492
536.033
511.922
632.857
310.336
137.319
357.234
632.246
261.554
