0.012000  0.408000
0.012000  -0.408000
0.024800  0.408000
0.024800  -0.408000
0.037600  0.408000
0.037600  -0.408000
0.050400  0.408000
0.050400  -0.408000
0.063200  0.408000
0.063200  -0.408000
0.076000  0.408000
0.076000  -0.408000
0.088800  0.408000
0.088800  -0.408000
0.101600  0.408000
0.101600  -0.408000
0.114400  0.408000
0.114400  -0.408000
0.127200  0.408000
0.127200  -0.408000
0.140000  0.408000
0.140000  -0.408000
0.152800  0.408000
0.152800  -0.408000
0.165600  0.408000
0.165600  -0.408000
0.178400  0.408000
0.178400  -0.408000
0.191200  0.408000
0.191200  -0.408000
0.204000  0.408000
0.204000  -0.408000
0.216800  0.408000
0.216800  -0.408000
0.229600  0.408000
0.229600  -0.408000
0.242400  0.408000
0.242400  -0.408000
0.255200  0.408000
0.255200  -0.408000
0.268000  0.408000
0.268000  -0.408000
0.280800  0.408000
0.280800  -0.408000
0.293600  0.408000
0.293600  -0.408000
0.006667  0.288000
0.006667  -0.288000
1.e-10 0.288
1.e-10 -0.288
0.010000  0.408000
0.010000  -0.408000
0.010000  0.398000
0.010000  -0.398000
0.010000  0.388000
0.010000  -0.388000
0.010000  0.378000
0.010000  -0.378000
0.010000  0.368000
0.010000  -0.368000
0.010000  0.358000
0.010000  -0.358000
0.010000  0.348000
0.010000  -0.348000
0.010000  0.338000
0.010000  -0.338000
0.010000  0.328000
0.010000  -0.328000
0.010000  0.318000
0.010000  -0.318000
0.010000  0.308000
0.010000  -0.308000
0.010000  0.298000
0.010000  -0.298000
0.010000  0.288000
0.010000  -0.288000
0.300000  0.000000
0.300000  -0.000000
0.300000  0.009600
0.300000  -0.009600
0.300000  0.019200
0.300000  -0.019200
0.300000  0.028800
0.300000  -0.028800
0.300000  0.038400
0.300000  -0.038400
0.300000  0.048000
0.300000  -0.048000
0.300000  0.057600
0.300000  -0.057600
0.300000  0.067200
0.300000  -0.067200
0.300000  0.076800
0.300000  -0.076800
0.300000  0.086400
0.300000  -0.086400
0.300000  0.096000
0.300000  -0.096000
0.300000  0.105600
0.300000  -0.105600
0.300000  0.115200
0.300000  -0.115200
0.300000  0.124800
0.300000  -0.124800
0.300000  0.134400
0.300000  -0.134400
0.300000  0.144000
0.300000  -0.144000
0.300000  0.153600
0.300000  -0.153600
0.300000  0.163200
0.300000  -0.163200
0.300000  0.172800
0.300000  -0.172800
0.300000  0.182400
0.300000  -0.182400
0.300000  0.192000
0.300000  -0.192000
0.300000  0.201600
0.300000  -0.201600
0.300000  0.211200
0.300000  -0.211200
0.300000  0.220800
0.300000  -0.220800
0.300000  0.230400
0.300000  -0.230400
0.300000  0.240000
0.300000  -0.240000
0.300000  0.249600
0.300000  -0.249600
0.300000  0.259200
0.300000  -0.259200
0.300000  0.268800
0.300000  -0.268800
0.300000  0.278400
0.300000  -0.278400
0.300000  0.288000
0.300000  -0.288000
0.300000  0.297600
0.300000  -0.297600
0.300000  0.307200
0.300000  -0.307200
0.300000  0.316800
0.300000  -0.316800
0.300000  0.326400
0.300000  -0.326400
0.300000  0.336000
0.300000  -0.336000
0.300000  0.345600
0.300000  -0.345600
0.300000  0.355200
0.300000  -0.355200
0.300000  0.364800
0.300000  -0.364800
0.300000  0.374400
0.300000  -0.374400
0.300000  0.384000
0.300000  -0.384000
0.300000  0.393600
0.300000  -0.393600
0.300000  0.403200
0.300000  -0.403200
