0.000000010000000	0.288000000000000
0.000000010000000	-0.288000000000000
0.003000010000000	0.288000000000000
0.003000010000000	-0.288000000000000
0.006000010000000	0.288000000000000
0.006000010000000	-0.288000000000000
0.009000010000000	0.288000000000000
0.009000010000000	-0.288000000000000
0.010000000000000	0.288000000000000
0.010000000000000	-0.288000000000000
0.010000000000000	0.291000000000000
0.010000000000000	-0.291000000000000
0.010000000000000	0.294000000000000
0.010000000000000	-0.294000000000000
0.010000000000000	0.297000000000000
0.010000000000000	-0.297000000000000
0.010000000000000	0.300000000000000
0.010000000000000	-0.300000000000000
0.010000000000000	0.303000000000000
0.010000000000000	-0.303000000000000
0.010000000000000	0.306000000000000
0.010000000000000	-0.306000000000000
0.010000000000000	0.309000000000000
0.010000000000000	-0.309000000000000
0.010000000000000	0.312000000000000
0.010000000000000	-0.312000000000000
0.010000000000000	0.315000000000000
0.010000000000000	-0.315000000000000
0.010000000000000	0.318000000000000
0.010000000000000	-0.318000000000000
0.010000000000000	0.321000000000000
0.010000000000000	-0.321000000000000
0.010000000000000	0.324000000000000
0.010000000000000	-0.324000000000000
0.010000000000000	0.327000000000000
0.010000000000000	-0.327000000000000
0.010000000000000	0.330000000000000
0.010000000000000	-0.330000000000000
0.010000000000000	0.333000000000000
0.010000000000000	-0.333000000000000
0.010000000000000	0.336000000000000
0.010000000000000	-0.336000000000000
0.010000000000000	0.339000000000000
0.010000000000000	-0.339000000000000
0.010000000000000	0.342000000000000
0.010000000000000	-0.342000000000000
0.010000000000000	0.345000000000000
0.010000000000000	-0.345000000000000
0.010000000000000	0.348000000000000
0.010000000000000	-0.348000000000000
0.010000000000000	0.351000000000000
0.010000000000000	-0.351000000000000
0.010000000000000	0.354000000000000
0.010000000000000	-0.354000000000000
0.010000000000000	0.357000000000000
0.010000000000000	-0.357000000000000
0.010000000000000	0.360000000000000
0.010000000000000	-0.360000000000000
0.010000000000000	0.363000000000000
0.010000000000000	-0.363000000000000
0.010000000000000	0.366000000000000
0.010000000000000	-0.366000000000000
0.010000000000000	0.369000000000000
0.010000000000000	-0.369000000000000
0.010000000000000	0.372000000000000
0.010000000000000	-0.372000000000000
0.010000000000000	0.375000000000000
0.010000000000000	-0.375000000000000
0.010000000000000	0.378000000000000
0.010000000000000	-0.378000000000000
0.010000000000000	0.381000000000000
0.010000000000000	-0.381000000000000
0.010000000000000	0.384000000000000
0.010000000000000	-0.384000000000000
0.010000000000000	0.387000000000000
0.010000000000000	-0.387000000000000
0.010000000000000	0.390000000000000
0.010000000000000	-0.390000000000000
0.010000000000000	0.393000000000000
0.010000000000000	-0.393000000000000
0.010000000000000	0.396000000000000
0.010000000000000	-0.396000000000000
0.010000000000000	0.399000000000000
0.010000000000000	-0.399000000000000
0.010000000000000	0.402000000000000
0.010000000000000	-0.402000000000000
0.010000000000000	0.405000000000000
0.010000000000000	-0.405000000000000
0.010000000000000	0.408000000000000
0.010000000000000	-0.408000000000000
0.013000000000000	0.408000000000000
0.013000000000000	-0.408000000000000
0.016000000000000	0.408000000000000
0.016000000000000	-0.408000000000000
0.019000000000000	0.408000000000000
0.019000000000000	-0.408000000000000
0.022000000000000	0.408000000000000
0.022000000000000	-0.408000000000000
0.025000000000000	0.408000000000000
0.025000000000000	-0.408000000000000
0.028000000000000	0.408000000000000
0.028000000000000	-0.408000000000000
0.031000000000000	0.408000000000000
0.031000000000000	-0.408000000000000
0.034000000000000	0.408000000000000
0.034000000000000	-0.408000000000000
0.037000000000000	0.408000000000000
0.037000000000000	-0.408000000000000
0.040000000000000	0.408000000000000
0.040000000000000	-0.408000000000000
0.043000000000000	0.408000000000000
0.043000000000000	-0.408000000000000
0.046000000000000	0.408000000000000
0.046000000000000	-0.408000000000000
0.049000000000000	0.408000000000000
0.049000000000000	-0.408000000000000
0.052000000000000	0.408000000000000
0.052000000000000	-0.408000000000000
0.055000000000000	0.408000000000000
0.055000000000000	-0.408000000000000
0.058000000000000	0.408000000000000
0.058000000000000	-0.408000000000000
0.061000000000000	0.408000000000000
0.061000000000000	-0.408000000000000
0.064000000000000	0.408000000000000
0.064000000000000	-0.408000000000000
0.067000000000000	0.408000000000000
0.067000000000000	-0.408000000000000
0.070000000000000	0.408000000000000
0.070000000000000	-0.408000000000000
0.073000000000000	0.408000000000000
0.073000000000000	-0.408000000000000
0.076000000000000	0.408000000000000
0.076000000000000	-0.408000000000000
0.079000000000000	0.408000000000000
0.079000000000000	-0.408000000000000
0.082000000000000	0.408000000000000
0.082000000000000	-0.408000000000000
0.085000000000000	0.408000000000000
0.085000000000000	-0.408000000000000
0.088000000000000	0.408000000000000
0.088000000000000	-0.408000000000000
0.091000000000000	0.408000000000000
0.091000000000000	-0.408000000000000
0.094000000000000	0.408000000000000
0.094000000000000	-0.408000000000000
0.097000000000000	0.408000000000000
0.097000000000000	-0.408000000000000
0.100000000000000	0.408000000000000
0.100000000000000	-0.408000000000000
0.103000000000000	0.408000000000000
0.103000000000000	-0.408000000000000
0.106000000000000	0.408000000000000
0.106000000000000	-0.408000000000000
0.109000000000000	0.408000000000000
0.109000000000000	-0.408000000000000
0.112000000000000	0.408000000000000
0.112000000000000	-0.408000000000000
0.115000000000000	0.408000000000000
0.115000000000000	-0.408000000000000
0.118000000000000	0.408000000000000
0.118000000000000	-0.408000000000000
0.121000000000000	0.408000000000000
0.121000000000000	-0.408000000000000
0.124000000000000	0.408000000000000
0.124000000000000	-0.408000000000000
0.127000000000000	0.408000000000000
0.127000000000000	-0.408000000000000
0.130000000000000	0.408000000000000
0.130000000000000	-0.408000000000000
0.133000000000000	0.408000000000000
0.133000000000000	-0.408000000000000
0.136000000000000	0.408000000000000
0.136000000000000	-0.408000000000000
0.139000000000000	0.408000000000000
0.139000000000000	-0.408000000000000
0.142000000000000	0.408000000000000
0.142000000000000	-0.408000000000000
0.145000000000000	0.408000000000000
0.145000000000000	-0.408000000000000
0.148000000000000	0.408000000000000
0.148000000000000	-0.408000000000000
0.151000000000000	0.408000000000000
0.151000000000000	-0.408000000000000
0.154000000000000	0.408000000000000
0.154000000000000	-0.408000000000000
0.157000000000000	0.408000000000000
0.157000000000000	-0.408000000000000
0.160000000000000	0.408000000000000
0.160000000000000	-0.408000000000000
0.163000000000000	0.408000000000000
0.163000000000000	-0.408000000000000
0.166000000000000	0.408000000000000
0.166000000000000	-0.408000000000000
0.169000000000000	0.408000000000000
0.169000000000000	-0.408000000000000
0.172000000000000	0.408000000000000
0.172000000000000	-0.408000000000000
0.175000000000000	0.408000000000000
0.175000000000000	-0.408000000000000
0.178000000000000	0.408000000000000
0.178000000000000	-0.408000000000000
0.181000000000000	0.408000000000000
0.181000000000000	-0.408000000000000
0.184000000000000	0.408000000000000
0.184000000000000	-0.408000000000000
0.187000000000000	0.408000000000000
0.187000000000000	-0.408000000000000
0.190000000000000	0.408000000000000
0.190000000000000	-0.408000000000000
0.193000000000000	0.408000000000000
0.193000000000000	-0.408000000000000
0.196000000000000	0.408000000000000
0.196000000000000	-0.408000000000000
0.199000000000000	0.408000000000000
0.199000000000000	-0.408000000000000
0.202000000000000	0.408000000000000
0.202000000000000	-0.408000000000000
0.205000000000000	0.408000000000000
0.205000000000000	-0.408000000000000
0.208000000000000	0.408000000000000
0.208000000000000	-0.408000000000000
0.211000000000000	0.408000000000000
0.211000000000000	-0.408000000000000
0.214000000000000	0.408000000000000
0.214000000000000	-0.408000000000000
0.217000000000000	0.408000000000000
0.217000000000000	-0.408000000000000
0.220000000000000	0.408000000000000
0.220000000000000	-0.408000000000000
0.223000000000000	0.408000000000000
0.223000000000000	-0.408000000000000
0.226000000000000	0.408000000000000
0.226000000000000	-0.408000000000000
0.229000000000000	0.408000000000000
0.229000000000000	-0.408000000000000
0.232000000000000	0.408000000000000
0.232000000000000	-0.408000000000000
0.235000000000000	0.408000000000000
0.235000000000000	-0.408000000000000
0.238000000000000	0.408000000000000
0.238000000000000	-0.408000000000000
0.241000000000000	0.408000000000000
0.241000000000000	-0.408000000000000
0.244000000000000	0.408000000000000
0.244000000000000	-0.408000000000000
0.247000000000000	0.408000000000000
0.247000000000000	-0.408000000000000
0.250000000000000	0.408000000000000
0.250000000000000	-0.408000000000000
0.253000000000000	0.408000000000000
0.253000000000000	-0.408000000000000
0.256000000000000	0.408000000000000
0.256000000000000	-0.408000000000000
0.259000000000000	0.408000000000000
0.259000000000000	-0.408000000000000
0.262000000000000	0.408000000000000
0.262000000000000	-0.408000000000000
0.265000000000000	0.408000000000000
0.265000000000000	-0.408000000000000
0.268000000000000	0.408000000000000
0.268000000000000	-0.408000000000000
0.271000000000000	0.408000000000000
0.271000000000000	-0.408000000000000
0.274000000000000	0.408000000000000
0.274000000000000	-0.408000000000000
0.277000000000000	0.408000000000000
0.277000000000000	-0.408000000000000
0.280000000000000	0.408000000000000
0.280000000000000	-0.408000000000000
0.283000000000000	0.408000000000000
0.283000000000000	-0.408000000000000
0.286000000000000	0.408000000000000
0.286000000000000	-0.408000000000000
0.289000000000000	0.408000000000000
0.289000000000000	-0.408000000000000
0.292000000000000	0.408000000000000
0.292000000000000	-0.408000000000000
0.295000000000000	0.408000000000000
0.295000000000000	-0.408000000000000
0.298000000000000	0.408000000000000
0.298000000000000	-0.408000000000000
0.300000000000000	0.408000000000000
0.300000000000000	-0.408000000000000
0.300000000000000	0.405000000000000
0.300000000000000	-0.405000000000000
0.300000000000000	0.402000000000000
0.300000000000000	-0.402000000000000
0.300000000000000	0.399000000000000
0.300000000000000	-0.399000000000000
0.300000000000000	0.396000000000000
0.300000000000000	-0.396000000000000
0.300000000000000	0.393000000000000
0.300000000000000	-0.393000000000000
0.300000000000000	0.390000000000000
0.300000000000000	-0.390000000000000
0.300000000000000	0.387000000000000
0.300000000000000	-0.387000000000000
0.300000000000000	0.384000000000000
0.300000000000000	-0.384000000000000
0.300000000000000	0.381000000000000
0.300000000000000	-0.381000000000000
0.300000000000000	0.378000000000000
0.300000000000000	-0.378000000000000
0.300000000000000	0.375000000000000
0.300000000000000	-0.375000000000000
0.300000000000000	0.372000000000000
0.300000000000000	-0.372000000000000
0.300000000000000	0.369000000000000
0.300000000000000	-0.369000000000000
0.300000000000000	0.366000000000000
0.300000000000000	-0.366000000000000
0.300000000000000	0.363000000000000
0.300000000000000	-0.363000000000000
0.300000000000000	0.360000000000000
0.300000000000000	-0.360000000000000
0.300000000000000	0.357000000000000
0.300000000000000	-0.357000000000000
0.300000000000000	0.354000000000000
0.300000000000000	-0.354000000000000
0.300000000000000	0.351000000000000
0.300000000000000	-0.351000000000000
0.300000000000000	0.348000000000000
0.300000000000000	-0.348000000000000
0.300000000000000	0.345000000000000
0.300000000000000	-0.345000000000000
0.300000000000000	0.342000000000000
0.300000000000000	-0.342000000000000
0.300000000000000	0.339000000000000
0.300000000000000	-0.339000000000000
0.300000000000000	0.336000000000000
0.300000000000000	-0.336000000000000
0.300000000000000	0.333000000000000
0.300000000000000	-0.333000000000000
0.300000000000000	0.330000000000000
0.300000000000000	-0.330000000000000
0.300000000000000	0.327000000000000
0.300000000000000	-0.327000000000000
0.300000000000000	0.324000000000000
0.300000000000000	-0.324000000000000
0.300000000000000	0.321000000000000
0.300000000000000	-0.321000000000000
0.300000000000000	0.318000000000000
0.300000000000000	-0.318000000000000
0.300000000000000	0.315000000000000
0.300000000000000	-0.315000000000000
0.300000000000000	0.312000000000000
0.300000000000000	-0.312000000000000
0.300000000000000	0.309000000000000
0.300000000000000	-0.309000000000000
0.300000000000000	0.306000000000000
0.300000000000000	-0.306000000000000
0.300000000000000	0.303000000000000
0.300000000000000	-0.303000000000000
0.300000000000000	0.300000000000000
0.300000000000000	-0.300000000000000
0.300000000000000	0.297000000000000
0.300000000000000	-0.297000000000000
0.300000000000000	0.294000000000000
0.300000000000000	-0.294000000000000
0.300000000000000	0.291000000000000
0.300000000000000	-0.291000000000000
0.300000000000000	0.288000000000000
0.300000000000000	-0.288000000000000
0.300000000000000	0.285000000000000
0.300000000000000	-0.285000000000000
0.300000000000000	0.282000000000000
0.300000000000000	-0.282000000000000
0.300000000000000	0.279000000000000
0.300000000000000	-0.279000000000000
0.300000000000000	0.276000000000000
0.300000000000000	-0.276000000000000
0.300000000000000	0.273000000000000
0.300000000000000	-0.273000000000000
0.300000000000000	0.270000000000000
0.300000000000000	-0.270000000000000
0.300000000000000	0.267000000000000
0.300000000000000	-0.267000000000000
0.300000000000000	0.264000000000000
0.300000000000000	-0.264000000000000
0.300000000000000	0.261000000000000
0.300000000000000	-0.261000000000000
0.300000000000000	0.258000000000000
0.300000000000000	-0.258000000000000
0.300000000000000	0.255000000000000
0.300000000000000	-0.255000000000000
0.300000000000000	0.252000000000000
0.300000000000000	-0.252000000000000
0.300000000000000	0.249000000000000
0.300000000000000	-0.249000000000000
0.300000000000000	0.246000000000000
0.300000000000000	-0.246000000000000
0.300000000000000	0.243000000000000
0.300000000000000	-0.243000000000000
0.300000000000000	0.240000000000000
0.300000000000000	-0.240000000000000
0.300000000000000	0.237000000000000
0.300000000000000	-0.237000000000000
0.300000000000000	0.234000000000000
0.300000000000000	-0.234000000000000
0.300000000000000	0.231000000000000
0.300000000000000	-0.231000000000000
0.300000000000000	0.228000000000000
0.300000000000000	-0.228000000000000
0.300000000000000	0.225000000000000
0.300000000000000	-0.225000000000000
0.300000000000000	0.222000000000000
0.300000000000000	-0.222000000000000
0.300000000000000	0.219000000000000
0.300000000000000	-0.219000000000000
0.300000000000000	0.216000000000000
0.300000000000000	-0.216000000000000
0.300000000000000	0.213000000000000
0.300000000000000	-0.213000000000000
0.300000000000000	0.210000000000000
0.300000000000000	-0.210000000000000
0.300000000000000	0.207000000000000
0.300000000000000	-0.207000000000000
0.300000000000000	0.204000000000000
0.300000000000000	-0.204000000000000
0.300000000000000	0.201000000000000
0.300000000000000	-0.201000000000000
0.300000000000000	0.198000000000000
0.300000000000000	-0.198000000000000
0.300000000000000	0.195000000000000
0.300000000000000	-0.195000000000000
0.300000000000000	0.192000000000000
0.300000000000000	-0.192000000000000
0.300000000000000	0.189000000000000
0.300000000000000	-0.189000000000000
0.300000000000000	0.186000000000000
0.300000000000000	-0.186000000000000
0.300000000000000	0.183000000000000
0.300000000000000	-0.183000000000000
0.300000000000000	0.180000000000000
0.300000000000000	-0.180000000000000
0.300000000000000	0.177000000000000
0.300000000000000	-0.177000000000000
0.300000000000000	0.174000000000000
0.300000000000000	-0.174000000000000
0.300000000000000	0.171000000000000
0.300000000000000	-0.171000000000000
0.300000000000000	0.168000000000000
0.300000000000000	-0.168000000000000
0.300000000000000	0.165000000000000
0.300000000000000	-0.165000000000000
0.300000000000000	0.162000000000000
0.300000000000000	-0.162000000000000
0.300000000000000	0.159000000000000
0.300000000000000	-0.159000000000000
0.300000000000000	0.156000000000000
0.300000000000000	-0.156000000000000
0.300000000000000	0.153000000000000
0.300000000000000	-0.153000000000000
0.300000000000000	0.150000000000000
0.300000000000000	-0.150000000000000
0.300000000000000	0.147000000000000
0.300000000000000	-0.147000000000000
0.300000000000000	0.144000000000000
0.300000000000000	-0.144000000000000
0.300000000000000	0.141000000000000
0.300000000000000	-0.141000000000000
0.300000000000000	0.138000000000000
0.300000000000000	-0.138000000000000
0.300000000000000	0.135000000000000
0.300000000000000	-0.135000000000000
0.300000000000000	0.132000000000000
0.300000000000000	-0.132000000000000
0.300000000000000	0.129000000000000
0.300000000000000	-0.129000000000000
0.300000000000000	0.126000000000000
0.300000000000000	-0.126000000000000
0.300000000000000	0.123000000000000
0.300000000000000	-0.123000000000000
0.300000000000000	0.120000000000000
0.300000000000000	-0.120000000000000
0.300000000000000	0.117000000000000
0.300000000000000	-0.117000000000000
0.300000000000000	0.114000000000000
0.300000000000000	-0.114000000000000
0.300000000000000	0.111000000000000
0.300000000000000	-0.111000000000000
0.300000000000000	0.108000000000000
0.300000000000000	-0.108000000000000
0.300000000000000	0.105000000000000
0.300000000000000	-0.105000000000000
0.300000000000000	0.102000000000000
0.300000000000000	-0.102000000000000
0.300000000000000	0.099000000000000
0.300000000000000	-0.099000000000000
0.300000000000000	0.096000000000000
0.300000000000000	-0.096000000000000
0.300000000000000	0.093000000000000
0.300000000000000	-0.093000000000000
0.300000000000000	0.090000000000000
0.300000000000000	-0.090000000000000
0.300000000000000	0.087000000000000
0.300000000000000	-0.087000000000000
0.300000000000000	0.084000000000000
0.300000000000000	-0.084000000000000
0.300000000000000	0.081000000000000
0.300000000000000	-0.081000000000000
0.300000000000000	0.078000000000000
0.300000000000000	-0.078000000000000
0.300000000000000	0.075000000000000
0.300000000000000	-0.075000000000000
0.300000000000000	0.072000000000000
0.300000000000000	-0.072000000000000
0.300000000000000	0.069000000000000
0.300000000000000	-0.069000000000000
0.300000000000000	0.066000000000000
0.300000000000000	-0.066000000000000
0.300000000000000	0.063000000000000
0.300000000000000	-0.063000000000000
0.300000000000000	0.060000000000000
0.300000000000000	-0.060000000000000
0.300000000000000	0.057000000000000
0.300000000000000	-0.057000000000000
0.300000000000000	0.054000000000000
0.300000000000000	-0.054000000000000
0.300000000000000	0.051000000000000
0.300000000000000	-0.051000000000000
0.300000000000000	0.048000000000000
0.300000000000000	-0.048000000000000
0.300000000000000	0.045000000000000
0.300000000000000	-0.045000000000000
0.300000000000000	0.042000000000000
0.300000000000000	-0.042000000000000
0.300000000000000	0.039000000000000
0.300000000000000	-0.039000000000000
0.300000000000000	0.036000000000000
0.300000000000000	-0.036000000000000
0.300000000000000	0.033000000000000
0.300000000000000	-0.033000000000000
0.300000000000000	0.030000000000000
0.300000000000000	-0.030000000000000
0.300000000000000	0.027000000000000
0.300000000000000	-0.027000000000000
0.300000000000000	0.024000000000000
0.300000000000000	-0.024000000000000
0.300000000000000	0.021000000000000
0.300000000000000	-0.021000000000000
0.300000000000000	0.018000000000000
0.300000000000000	-0.018000000000000
0.300000000000000	0.015000000000000
0.300000000000000	-0.015000000000000
0.300000000000000	0.012000000000000
0.300000000000000	-0.012000000000000
0.300000000000000	0.009000000000000
0.300000000000000	-0.009000000000000
0.300000000000000	0.006000000000000
0.300000000000000	-0.006000000000000
0.300000000000000	0.003000000000000
0.300000000000000	-0.003000000000000
0.300000000000000	 0.
