0.65	0	-0.7
0.65	-1.59204e-16	-0.7
0.65	-3.18408e-16	-0.7
0.65	-4.77612e-16	-0.7
0.65	-6.36816e-16	-0.7
0.65	-7.9602e-16	-0.7
0.65	-9.55225e-16	-0.7
0.65	-1.11443e-15	-0.7
0.65	-1.27363e-15	-0.7
0.65	-1.43284e-15	-0.7
0.65	-1.59204e-15	-0.7
0.65	-6.36977e-15	-0.7
0.65	-1.91045e-15	-0.7
0.65	2.54887e-15	-0.7
0.65	-2.22886e-15	-0.7
0.65	-7.00659e-15	-0.7
0.65	-2.54727e-15	-0.7
0.65	1.91206e-15	-0.7
0.65	-2.86567e-15	-0.7
0.65	-7.64341e-15	-0.7
0.65	-3.18408e-15	-0.7
0.65	1.27524e-15	-0.7
0.65	-1.27395e-14	-0.7
0.65	-8.28022e-15	-0.7
0.65	-3.8209e-15	-0.7
0.65	6.38426e-16	-0.7
0.65	5.09775e-15	-0.7
0.65	-8.91704e-15	-0.7
0.65	-4.45771e-15	-0.7
0.65	1.60935e-18	-0.7
0.65	0	-0.685859
0.65	-1.59204e-16	-0.685859
0.65	-3.18408e-16	-0.685859
0.65	-4.77612e-16	-0.685859
0.65	-6.36816e-16	-0.685859
0.65	-7.9602e-16	-0.685859
0.65	-9.55225e-16	-0.685859
0.65	-1.11443e-15	-0.685859
0.65	-1.27363e-15	-0.685859
0.65	-1.43284e-15	-0.685859
0.65	-1.59204e-15	-0.685859
0.65	-6.36977e-15	-0.685859
0.65	-1.91045e-15	-0.685859
0.65	2.54887e-15	-0.685859
0.65	-2.22886e-15	-0.685859
0.65	-7.00659e-15	-0.685859
0.65	-2.54727e-15	-0.685859
0.65	1.91206e-15	-0.685859
0.65	-2.86567e-15	-0.685859
0.65	-7.64341e-15	-0.685859
0.65	-3.18408e-15	-0.685859
0.65	1.27524e-15	-0.685859
0.65	-1.27395e-14	-0.685859
0.65	-8.28022e-15	-0.685859
0.65	-3.8209e-15	-0.685859
0.65	6.38426e-16	-0.685859
0.65	5.09775e-15	-0.685859
0.65	-8.91704e-15	-0.685859
0.65	-4.45771e-15	-0.685859
0.65	1.60935e-18	-0.685859
0.65	0	-0.671717
0.65	-1.59204e-16	-0.671717
0.65	-3.18408e-16	-0.671717
0.65	-4.77612e-16	-0.671717
0.65	-6.36816e-16	-0.671717
0.65	-7.9602e-16	-0.671717
0.65	-9.55225e-16	-0.671717
0.65	-1.11443e-15	-0.671717
0.65	-1.27363e-15	-0.671717
0.65	-1.43284e-15	-0.671717
0.65	-1.59204e-15	-0.671717
0.65	-6.36977e-15	-0.671717
0.65	-1.91045e-15	-0.671717
0.65	2.54887e-15	-0.671717
0.65	-2.22886e-15	-0.671717
0.65	-7.00659e-15	-0.671717
0.65	-2.54727e-15	-0.671717
0.65	1.91206e-15	-0.671717
0.65	-2.86567e-15	-0.671717
0.65	-7.64341e-15	-0.671717
0.65	-3.18408e-15	-0.671717
0.65	1.27524e-15	-0.671717
0.65	-1.27395e-14	-0.671717
0.65	-8.28022e-15	-0.671717
0.65	-3.8209e-15	-0.671717
0.65	6.38426e-16	-0.671717
0.65	5.09775e-15	-0.671717
0.65	-8.91704e-15	-0.671717
0.65	-4.45771e-15	-0.671717
0.65	1.60935e-18	-0.671717
0.65	0	-0.657576
0.65	-1.59204e-16	-0.657576
0.65	-3.18408e-16	-0.657576
0.65	-4.77612e-16	-0.657576
0.65	-6.36816e-16	-0.657576
0.65	-7.9602e-16	-0.657576
0.65	-9.55225e-16	-0.657576
0.65	-1.11443e-15	-0.657576
0.65	-1.27363e-15	-0.657576
0.65	-1.43284e-15	-0.657576
0.65	-1.59204e-15	-0.657576
0.65	-6.36977e-15	-0.657576
0.65	-1.91045e-15	-0.657576
0.65	2.54887e-15	-0.657576
0.65	-2.22886e-15	-0.657576
0.65	-7.00659e-15	-0.657576
0.65	-2.54727e-15	-0.657576
0.65	1.91206e-15	-0.657576
0.65	-2.86567e-15	-0.657576
0.65	-7.64341e-15	-0.657576
0.65	-3.18408e-15	-0.657576
0.65	1.27524e-15	-0.657576
0.65	-1.27395e-14	-0.657576
0.65	-8.28022e-15	-0.657576
0.65	-3.8209e-15	-0.657576
0.65	6.38426e-16	-0.657576
0.65	5.09775e-15	-0.657576
0.65	-8.91704e-15	-0.657576
0.65	-4.45771e-15	-0.657576
0.65	1.60935e-18	-0.657576
0.65	0	-0.643434
0.65	-1.59204e-16	-0.643434
0.65	-3.18408e-16	-0.643434
0.65	-4.77612e-16	-0.643434
0.65	-6.36816e-16	-0.643434
0.65	-7.9602e-16	-0.643434
0.65	-9.55225e-16	-0.643434
0.65	-1.11443e-15	-0.643434
0.65	-1.27363e-15	-0.643434
0.65	-1.43284e-15	-0.643434
0.65	-1.59204e-15	-0.643434
0.65	-6.36977e-15	-0.643434
0.65	-1.91045e-15	-0.643434
0.65	2.54887e-15	-0.643434
0.65	-2.22886e-15	-0.643434
0.65	-7.00659e-15	-0.643434
0.65	-2.54727e-15	-0.643434
0.65	1.91206e-15	-0.643434
0.65	-2.86567e-15	-0.643434
0.65	-7.64341e-15	-0.643434
0.65	-3.18408e-15	-0.643434
0.65	1.27524e-15	-0.643434
0.65	-1.27395e-14	-0.643434
0.65	-8.28022e-15	-0.643434
0.65	-3.8209e-15	-0.643434
0.65	6.38426e-16	-0.643434
0.65	5.09775e-15	-0.643434
0.65	-8.91704e-15	-0.643434
0.65	-4.45771e-15	-0.643434
0.65	1.60935e-18	-0.643434
0.65	0	-0.629293
0.65	-1.59204e-16	-0.629293
0.65	-3.18408e-16	-0.629293
0.65	-4.77612e-16	-0.629293
0.65	-6.36816e-16	-0.629293
0.65	-7.9602e-16	-0.629293
0.65	-9.55225e-16	-0.629293
0.65	-1.11443e-15	-0.629293
0.65	-1.27363e-15	-0.629293
0.65	-1.43284e-15	-0.629293
0.65	-1.59204e-15	-0.629293
0.65	-6.36977e-15	-0.629293
0.65	-1.91045e-15	-0.629293
0.65	2.54887e-15	-0.629293
0.65	-2.22886e-15	-0.629293
0.65	-7.00659e-15	-0.629293
0.65	-2.54727e-15	-0.629293
0.65	1.91206e-15	-0.629293
0.65	-2.86567e-15	-0.629293
0.65	-7.64341e-15	-0.629293
0.65	-3.18408e-15	-0.629293
0.65	1.27524e-15	-0.629293
0.65	-1.27395e-14	-0.629293
0.65	-8.28022e-15	-0.629293
0.65	-3.8209e-15	-0.629293
0.65	6.38426e-16	-0.629293
0.65	5.09775e-15	-0.629293
0.65	-8.91704e-15	-0.629293
0.65	-4.45771e-15	-0.629293
0.65	1.60935e-18	-0.629293
0.65	0	-0.615152
0.65	-1.59204e-16	-0.615152
0.65	-3.18408e-16	-0.615152
0.65	-4.77612e-16	-0.615152
0.65	-6.36816e-16	-0.615152
0.65	-7.9602e-16	-0.615152
0.65	-9.55225e-16	-0.615152
0.65	-1.11443e-15	-0.615152
0.65	-1.27363e-15	-0.615152
0.65	-1.43284e-15	-0.615152
0.65	-1.59204e-15	-0.615152
0.65	-6.36977e-15	-0.615152
0.65	-1.91045e-15	-0.615152
0.65	2.54887e-15	-0.615152
0.65	-2.22886e-15	-0.615152
0.65	-7.00659e-15	-0.615152
0.65	-2.54727e-15	-0.615152
0.65	1.91206e-15	-0.615152
0.65	-2.86567e-15	-0.615152
0.65	-7.64341e-15	-0.615152
0.65	-3.18408e-15	-0.615152
0.65	1.27524e-15	-0.615152
0.65	-1.27395e-14	-0.615152
0.65	-8.28022e-15	-0.615152
0.65	-3.8209e-15	-0.615152
0.65	6.38426e-16	-0.615152
0.65	5.09775e-15	-0.615152
0.65	-8.91704e-15	-0.615152
0.65	-4.45771e-15	-0.615152
0.65	1.60935e-18	-0.615152
0.65	0	-0.60101
0.65	-1.59204e-16	-0.60101
0.65	-3.18408e-16	-0.60101
0.65	-4.77612e-16	-0.60101
0.65	-6.36816e-16	-0.60101
0.65	-7.9602e-16	-0.60101
0.65	-9.55225e-16	-0.60101
0.65	-1.11443e-15	-0.60101
0.65	-1.27363e-15	-0.60101
0.65	-1.43284e-15	-0.60101
0.65	-1.59204e-15	-0.60101
0.65	-6.36977e-15	-0.60101
0.65	-1.91045e-15	-0.60101
0.65	2.54887e-15	-0.60101
0.65	-2.22886e-15	-0.60101
0.65	-7.00659e-15	-0.60101
0.65	-2.54727e-15	-0.60101
0.65	1.91206e-15	-0.60101
0.65	-2.86567e-15	-0.60101
0.65	-7.64341e-15	-0.60101
0.65	-3.18408e-15	-0.60101
0.65	1.27524e-15	-0.60101
0.65	-1.27395e-14	-0.60101
0.65	-8.28022e-15	-0.60101
0.65	-3.8209e-15	-0.60101
0.65	6.38426e-16	-0.60101
0.65	5.09775e-15	-0.60101
0.65	-8.91704e-15	-0.60101
0.65	-4.45771e-15	-0.60101
0.65	1.60935e-18	-0.60101
0.65	0	-0.586869
0.65	-1.59204e-16	-0.586869
0.65	-3.18408e-16	-0.586869
0.65	-4.77612e-16	-0.586869
0.65	-6.36816e-16	-0.586869
0.65	-7.9602e-16	-0.586869
0.65	-9.55225e-16	-0.586869
0.65	-1.11443e-15	-0.586869
0.65	-1.27363e-15	-0.586869
0.65	-1.43284e-15	-0.586869
0.65	-1.59204e-15	-0.586869
0.65	-6.36977e-15	-0.586869
0.65	-1.91045e-15	-0.586869
0.65	2.54887e-15	-0.586869
0.65	-2.22886e-15	-0.586869
0.65	-7.00659e-15	-0.586869
0.65	-2.54727e-15	-0.586869
0.65	1.91206e-15	-0.586869
0.65	-2.86567e-15	-0.586869
0.65	-7.64341e-15	-0.586869
0.65	-3.18408e-15	-0.586869
0.65	1.27524e-15	-0.586869
0.65	-1.27395e-14	-0.586869
0.65	-8.28022e-15	-0.586869
0.65	-3.8209e-15	-0.586869
0.65	6.38426e-16	-0.586869
0.65	5.09775e-15	-0.586869
0.65	-8.91704e-15	-0.586869
0.65	-4.45771e-15	-0.586869
0.65	1.60935e-18	-0.586869
0.65	0	-0.572727
0.65	-1.59204e-16	-0.572727
0.65	-3.18408e-16	-0.572727
0.65	-4.77612e-16	-0.572727
0.65	-6.36816e-16	-0.572727
0.65	-7.9602e-16	-0.572727
0.65	-9.55225e-16	-0.572727
0.65	-1.11443e-15	-0.572727
0.65	-1.27363e-15	-0.572727
0.65	-1.43284e-15	-0.572727
0.65	-1.59204e-15	-0.572727
0.65	-6.36977e-15	-0.572727
0.65	-1.91045e-15	-0.572727
0.65	2.54887e-15	-0.572727
0.65	-2.22886e-15	-0.572727
0.65	-7.00659e-15	-0.572727
0.65	-2.54727e-15	-0.572727
0.65	1.91206e-15	-0.572727
0.65	-2.86567e-15	-0.572727
0.65	-7.64341e-15	-0.572727
0.65	-3.18408e-15	-0.572727
0.65	1.27524e-15	-0.572727
0.65	-1.27395e-14	-0.572727
0.65	-8.28022e-15	-0.572727
0.65	-3.8209e-15	-0.572727
0.65	6.38426e-16	-0.572727
0.65	5.09775e-15	-0.572727
0.65	-8.91704e-15	-0.572727
0.65	-4.45771e-15	-0.572727
0.65	1.60935e-18	-0.572727
0.65	0	-0.558586
0.65	-1.59204e-16	-0.558586
0.65	-3.18408e-16	-0.558586
0.65	-4.77612e-16	-0.558586
0.65	-6.36816e-16	-0.558586
0.65	-7.9602e-16	-0.558586
0.65	-9.55225e-16	-0.558586
0.65	-1.11443e-15	-0.558586
0.65	-1.27363e-15	-0.558586
0.65	-1.43284e-15	-0.558586
0.65	-1.59204e-15	-0.558586
0.65	-6.36977e-15	-0.558586
0.65	-1.91045e-15	-0.558586
0.65	2.54887e-15	-0.558586
0.65	-2.22886e-15	-0.558586
0.65	-7.00659e-15	-0.558586
0.65	-2.54727e-15	-0.558586
0.65	1.91206e-15	-0.558586
0.65	-2.86567e-15	-0.558586
0.65	-7.64341e-15	-0.558586
0.65	-3.18408e-15	-0.558586
0.65	1.27524e-15	-0.558586
0.65	-1.27395e-14	-0.558586
0.65	-8.28022e-15	-0.558586
0.65	-3.8209e-15	-0.558586
0.65	6.38426e-16	-0.558586
0.65	5.09775e-15	-0.558586
0.65	-8.91704e-15	-0.558586
0.65	-4.45771e-15	-0.558586
0.65	1.60935e-18	-0.558586
0.65	0	-0.544444
0.65	-1.59204e-16	-0.544444
0.65	-3.18408e-16	-0.544444
0.65	-4.77612e-16	-0.544444
0.65	-6.36816e-16	-0.544444
0.65	-7.9602e-16	-0.544444
0.65	-9.55225e-16	-0.544444
0.65	-1.11443e-15	-0.544444
0.65	-1.27363e-15	-0.544444
0.65	-1.43284e-15	-0.544444
0.65	-1.59204e-15	-0.544444
0.65	-6.36977e-15	-0.544444
0.65	-1.91045e-15	-0.544444
0.65	2.54887e-15	-0.544444
0.65	-2.22886e-15	-0.544444
0.65	-7.00659e-15	-0.544444
0.65	-2.54727e-15	-0.544444
0.65	1.91206e-15	-0.544444
0.65	-2.86567e-15	-0.544444
0.65	-7.64341e-15	-0.544444
0.65	-3.18408e-15	-0.544444
0.65	1.27524e-15	-0.544444
0.65	-1.27395e-14	-0.544444
0.65	-8.28022e-15	-0.544444
0.65	-3.8209e-15	-0.544444
0.65	6.38426e-16	-0.544444
0.65	5.09775e-15	-0.544444
0.65	-8.91704e-15	-0.544444
0.65	-4.45771e-15	-0.544444
0.65	1.60935e-18	-0.544444
0.65	0	-0.530303
0.65	-1.59204e-16	-0.530303
0.65	-3.18408e-16	-0.530303
0.65	-4.77612e-16	-0.530303
0.65	-6.36816e-16	-0.530303
0.65	-7.9602e-16	-0.530303
0.65	-9.55225e-16	-0.530303
0.65	-1.11443e-15	-0.530303
0.65	-1.27363e-15	-0.530303
0.65	-1.43284e-15	-0.530303
0.65	-1.59204e-15	-0.530303
0.65	-6.36977e-15	-0.530303
0.65	-1.91045e-15	-0.530303
0.65	2.54887e-15	-0.530303
0.65	-2.22886e-15	-0.530303
0.65	-7.00659e-15	-0.530303
0.65	-2.54727e-15	-0.530303
0.65	1.91206e-15	-0.530303
0.65	-2.86567e-15	-0.530303
0.65	-7.64341e-15	-0.530303
0.65	-3.18408e-15	-0.530303
0.65	1.27524e-15	-0.530303
0.65	-1.27395e-14	-0.530303
0.65	-8.28022e-15	-0.530303
0.65	-3.8209e-15	-0.530303
0.65	6.38426e-16	-0.530303
0.65	5.09775e-15	-0.530303
0.65	-8.91704e-15	-0.530303
0.65	-4.45771e-15	-0.530303
0.65	1.60935e-18	-0.530303
0.65	0	-0.516162
0.65	-1.59204e-16	-0.516162
0.65	-3.18408e-16	-0.516162
0.65	-4.77612e-16	-0.516162
0.65	-6.36816e-16	-0.516162
0.65	-7.9602e-16	-0.516162
0.65	-9.55225e-16	-0.516162
0.65	-1.11443e-15	-0.516162
0.65	-1.27363e-15	-0.516162
0.65	-1.43284e-15	-0.516162
0.65	-1.59204e-15	-0.516162
0.65	-6.36977e-15	-0.516162
0.65	-1.91045e-15	-0.516162
0.65	2.54887e-15	-0.516162
0.65	-2.22886e-15	-0.516162
0.65	-7.00659e-15	-0.516162
0.65	-2.54727e-15	-0.516162
0.65	1.91206e-15	-0.516162
0.65	-2.86567e-15	-0.516162
0.65	-7.64341e-15	-0.516162
0.65	-3.18408e-15	-0.516162
0.65	1.27524e-15	-0.516162
0.65	-1.27395e-14	-0.516162
0.65	-8.28022e-15	-0.516162
0.65	-3.8209e-15	-0.516162
0.65	6.38426e-16	-0.516162
0.65	5.09775e-15	-0.516162
0.65	-8.91704e-15	-0.516162
0.65	-4.45771e-15	-0.516162
0.65	1.60935e-18	-0.516162
0.65	0	-0.50202
0.65	-1.59204e-16	-0.50202
0.65	-3.18408e-16	-0.50202
0.65	-4.77612e-16	-0.50202
0.65	-6.36816e-16	-0.50202
0.65	-7.9602e-16	-0.50202
0.65	-9.55225e-16	-0.50202
0.65	-1.11443e-15	-0.50202
0.65	-1.27363e-15	-0.50202
0.65	-1.43284e-15	-0.50202
0.65	-1.59204e-15	-0.50202
0.65	-6.36977e-15	-0.50202
0.65	-1.91045e-15	-0.50202
0.65	2.54887e-15	-0.50202
0.65	-2.22886e-15	-0.50202
0.65	-7.00659e-15	-0.50202
0.65	-2.54727e-15	-0.50202
0.65	1.91206e-15	-0.50202
0.65	-2.86567e-15	-0.50202
0.65	-7.64341e-15	-0.50202
0.65	-3.18408e-15	-0.50202
0.65	1.27524e-15	-0.50202
0.65	-1.27395e-14	-0.50202
0.65	-8.28022e-15	-0.50202
0.65	-3.8209e-15	-0.50202
0.65	6.38426e-16	-0.50202
0.65	5.09775e-15	-0.50202
0.65	-8.91704e-15	-0.50202
0.65	-4.45771e-15	-0.50202
0.65	1.60935e-18	-0.50202
0.65	0	-0.487879
0.65	-1.59204e-16	-0.487879
0.65	-3.18408e-16	-0.487879
0.65	-4.77612e-16	-0.487879
0.65	-6.36816e-16	-0.487879
0.65	-7.9602e-16	-0.487879
0.65	-9.55225e-16	-0.487879
0.65	-1.11443e-15	-0.487879
0.65	-1.27363e-15	-0.487879
0.65	-1.43284e-15	-0.487879
0.65	-1.59204e-15	-0.487879
0.65	-6.36977e-15	-0.487879
0.65	-1.91045e-15	-0.487879
0.65	2.54887e-15	-0.487879
0.65	-2.22886e-15	-0.487879
0.65	-7.00659e-15	-0.487879
0.65	-2.54727e-15	-0.487879
0.65	1.91206e-15	-0.487879
0.65	-2.86567e-15	-0.487879
0.65	-7.64341e-15	-0.487879
0.65	-3.18408e-15	-0.487879
0.65	1.27524e-15	-0.487879
0.65	-1.27395e-14	-0.487879
0.65	-8.28022e-15	-0.487879
0.65	-3.8209e-15	-0.487879
0.65	6.38426e-16	-0.487879
0.65	5.09775e-15	-0.487879
0.65	-8.91704e-15	-0.487879
0.65	-4.45771e-15	-0.487879
0.65	1.60935e-18	-0.487879
0.65	0	-0.473737
0.65	-1.59204e-16	-0.473737
0.65	-3.18408e-16	-0.473737
0.65	-4.77612e-16	-0.473737
0.65	-6.36816e-16	-0.473737
0.65	-7.9602e-16	-0.473737
0.65	-9.55225e-16	-0.473737
0.65	-1.11443e-15	-0.473737
0.65	-1.27363e-15	-0.473737
0.65	-1.43284e-15	-0.473737
0.65	-1.59204e-15	-0.473737
0.65	-6.36977e-15	-0.473737
0.65	-1.91045e-15	-0.473737
0.65	2.54887e-15	-0.473737
0.65	-2.22886e-15	-0.473737
0.65	-7.00659e-15	-0.473737
0.65	-2.54727e-15	-0.473737
0.65	1.91206e-15	-0.473737
0.65	-2.86567e-15	-0.473737
0.65	-7.64341e-15	-0.473737
0.65	-3.18408e-15	-0.473737
0.65	1.27524e-15	-0.473737
0.65	-1.27395e-14	-0.473737
0.65	-8.28022e-15	-0.473737
0.65	-3.8209e-15	-0.473737
0.65	6.38426e-16	-0.473737
0.65	5.09775e-15	-0.473737
0.65	-8.91704e-15	-0.473737
0.65	-4.45771e-15	-0.473737
0.65	1.60935e-18	-0.473737
0.65	0	-0.459596
0.65	-1.59204e-16	-0.459596
0.65	-3.18408e-16	-0.459596
0.65	-4.77612e-16	-0.459596
0.65	-6.36816e-16	-0.459596
0.65	-7.9602e-16	-0.459596
0.65	-9.55225e-16	-0.459596
0.65	-1.11443e-15	-0.459596
0.65	-1.27363e-15	-0.459596
0.65	-1.43284e-15	-0.459596
0.65	-1.59204e-15	-0.459596
0.65	-6.36977e-15	-0.459596
0.65	-1.91045e-15	-0.459596
0.65	2.54887e-15	-0.459596
0.65	-2.22886e-15	-0.459596
0.65	-7.00659e-15	-0.459596
0.65	-2.54727e-15	-0.459596
0.65	1.91206e-15	-0.459596
0.65	-2.86567e-15	-0.459596
0.65	-7.64341e-15	-0.459596
0.65	-3.18408e-15	-0.459596
0.65	1.27524e-15	-0.459596
0.65	-1.27395e-14	-0.459596
0.65	-8.28022e-15	-0.459596
0.65	-3.8209e-15	-0.459596
0.65	6.38426e-16	-0.459596
0.65	5.09775e-15	-0.459596
0.65	-8.91704e-15	-0.459596
0.65	-4.45771e-15	-0.459596
0.65	1.60935e-18	-0.459596
0.65	0	-0.445455
0.65	-1.59204e-16	-0.445455
0.65	-3.18408e-16	-0.445455
0.65	-4.77612e-16	-0.445455
0.65	-6.36816e-16	-0.445455
0.65	-7.9602e-16	-0.445455
0.65	-9.55225e-16	-0.445455
0.65	-1.11443e-15	-0.445455
0.65	-1.27363e-15	-0.445455
0.65	-1.43284e-15	-0.445455
0.65	-1.59204e-15	-0.445455
0.65	-6.36977e-15	-0.445455
0.65	-1.91045e-15	-0.445455
0.65	2.54887e-15	-0.445455
0.65	-2.22886e-15	-0.445455
0.65	-7.00659e-15	-0.445455
0.65	-2.54727e-15	-0.445455
0.65	1.91206e-15	-0.445455
0.65	-2.86567e-15	-0.445455
0.65	-7.64341e-15	-0.445455
0.65	-3.18408e-15	-0.445455
0.65	1.27524e-15	-0.445455
0.65	-1.27395e-14	-0.445455
0.65	-8.28022e-15	-0.445455
0.65	-3.8209e-15	-0.445455
0.65	6.38426e-16	-0.445455
0.65	5.09775e-15	-0.445455
0.65	-8.91704e-15	-0.445455
0.65	-4.45771e-15	-0.445455
0.65	1.60935e-18	-0.445455
0.65	0	-0.431313
0.65	-1.59204e-16	-0.431313
0.65	-3.18408e-16	-0.431313
0.65	-4.77612e-16	-0.431313
0.65	-6.36816e-16	-0.431313
0.65	-7.9602e-16	-0.431313
0.65	-9.55225e-16	-0.431313
0.65	-1.11443e-15	-0.431313
0.65	-1.27363e-15	-0.431313
0.65	-1.43284e-15	-0.431313
0.65	-1.59204e-15	-0.431313
0.65	-6.36977e-15	-0.431313
0.65	-1.91045e-15	-0.431313
0.65	2.54887e-15	-0.431313
0.65	-2.22886e-15	-0.431313
0.65	-7.00659e-15	-0.431313
0.65	-2.54727e-15	-0.431313
0.65	1.91206e-15	-0.431313
0.65	-2.86567e-15	-0.431313
0.65	-7.64341e-15	-0.431313
0.65	-3.18408e-15	-0.431313
0.65	1.27524e-15	-0.431313
0.65	-1.27395e-14	-0.431313
0.65	-8.28022e-15	-0.431313
0.65	-3.8209e-15	-0.431313
0.65	6.38426e-16	-0.431313
0.65	5.09775e-15	-0.431313
0.65	-8.91704e-15	-0.431313
0.65	-4.45771e-15	-0.431313
0.65	1.60935e-18	-0.431313
0.65	0	-0.417172
0.65	-1.59204e-16	-0.417172
0.65	-3.18408e-16	-0.417172
0.65	-4.77612e-16	-0.417172
0.65	-6.36816e-16	-0.417172
0.65	-7.9602e-16	-0.417172
0.65	-9.55225e-16	-0.417172
0.65	-1.11443e-15	-0.417172
0.65	-1.27363e-15	-0.417172
0.65	-1.43284e-15	-0.417172
0.65	-1.59204e-15	-0.417172
0.65	-6.36977e-15	-0.417172
0.65	-1.91045e-15	-0.417172
0.65	2.54887e-15	-0.417172
0.65	-2.22886e-15	-0.417172
0.65	-7.00659e-15	-0.417172
0.65	-2.54727e-15	-0.417172
0.65	1.91206e-15	-0.417172
0.65	-2.86567e-15	-0.417172
0.65	-7.64341e-15	-0.417172
0.65	-3.18408e-15	-0.417172
0.65	1.27524e-15	-0.417172
0.65	-1.27395e-14	-0.417172
0.65	-8.28022e-15	-0.417172
0.65	-3.8209e-15	-0.417172
0.65	6.38426e-16	-0.417172
0.65	5.09775e-15	-0.417172
0.65	-8.91704e-15	-0.417172
0.65	-4.45771e-15	-0.417172
0.65	1.60935e-18	-0.417172
0.65	0	-0.40303
0.65	-1.59204e-16	-0.40303
0.65	-3.18408e-16	-0.40303
0.65	-4.77612e-16	-0.40303
0.65	-6.36816e-16	-0.40303
0.65	-7.9602e-16	-0.40303
0.65	-9.55225e-16	-0.40303
0.65	-1.11443e-15	-0.40303
0.65	-1.27363e-15	-0.40303
0.65	-1.43284e-15	-0.40303
0.65	-1.59204e-15	-0.40303
0.65	-6.36977e-15	-0.40303
0.65	-1.91045e-15	-0.40303
0.65	2.54887e-15	-0.40303
0.65	-2.22886e-15	-0.40303
0.65	-7.00659e-15	-0.40303
0.65	-2.54727e-15	-0.40303
0.65	1.91206e-15	-0.40303
0.65	-2.86567e-15	-0.40303
0.65	-7.64341e-15	-0.40303
0.65	-3.18408e-15	-0.40303
0.65	1.27524e-15	-0.40303
0.65	-1.27395e-14	-0.40303
0.65	-8.28022e-15	-0.40303
0.65	-3.8209e-15	-0.40303
0.65	6.38426e-16	-0.40303
0.65	5.09775e-15	-0.40303
0.65	-8.91704e-15	-0.40303
0.65	-4.45771e-15	-0.40303
0.65	1.60935e-18	-0.40303
0.65	0	-0.388889
0.65	-1.59204e-16	-0.388889
0.65	-3.18408e-16	-0.388889
0.65	-4.77612e-16	-0.388889
0.65	-6.36816e-16	-0.388889
0.65	-7.9602e-16	-0.388889
0.65	-9.55225e-16	-0.388889
0.65	-1.11443e-15	-0.388889
0.65	-1.27363e-15	-0.388889
0.65	-1.43284e-15	-0.388889
0.65	-1.59204e-15	-0.388889
0.65	-6.36977e-15	-0.388889
0.65	-1.91045e-15	-0.388889
0.65	2.54887e-15	-0.388889
0.65	-2.22886e-15	-0.388889
0.65	-7.00659e-15	-0.388889
0.65	-2.54727e-15	-0.388889
0.65	1.91206e-15	-0.388889
0.65	-2.86567e-15	-0.388889
0.65	-7.64341e-15	-0.388889
0.65	-3.18408e-15	-0.388889
0.65	1.27524e-15	-0.388889
0.65	-1.27395e-14	-0.388889
0.65	-8.28022e-15	-0.388889
0.65	-3.8209e-15	-0.388889
0.65	6.38426e-16	-0.388889
0.65	5.09775e-15	-0.388889
0.65	-8.91704e-15	-0.388889
0.65	-4.45771e-15	-0.388889
0.65	1.60935e-18	-0.388889
0.65	0	-0.374747
0.65	-1.59204e-16	-0.374747
0.65	-3.18408e-16	-0.374747
0.65	-4.77612e-16	-0.374747
0.65	-6.36816e-16	-0.374747
0.65	-7.9602e-16	-0.374747
0.65	-9.55225e-16	-0.374747
0.65	-1.11443e-15	-0.374747
0.65	-1.27363e-15	-0.374747
0.65	-1.43284e-15	-0.374747
0.65	-1.59204e-15	-0.374747
0.65	-6.36977e-15	-0.374747
0.65	-1.91045e-15	-0.374747
0.65	2.54887e-15	-0.374747
0.65	-2.22886e-15	-0.374747
0.65	-7.00659e-15	-0.374747
0.65	-2.54727e-15	-0.374747
0.65	1.91206e-15	-0.374747
0.65	-2.86567e-15	-0.374747
0.65	-7.64341e-15	-0.374747
0.65	-3.18408e-15	-0.374747
0.65	1.27524e-15	-0.374747
0.65	-1.27395e-14	-0.374747
0.65	-8.28022e-15	-0.374747
0.65	-3.8209e-15	-0.374747
0.65	6.38426e-16	-0.374747
0.65	5.09775e-15	-0.374747
0.65	-8.91704e-15	-0.374747
0.65	-4.45771e-15	-0.374747
0.65	1.60935e-18	-0.374747
0.65	0	-0.360606
0.65	-1.59204e-16	-0.360606
0.65	-3.18408e-16	-0.360606
0.65	-4.77612e-16	-0.360606
0.65	-6.36816e-16	-0.360606
0.65	-7.9602e-16	-0.360606
0.65	-9.55225e-16	-0.360606
0.65	-1.11443e-15	-0.360606
0.65	-1.27363e-15	-0.360606
0.65	-1.43284e-15	-0.360606
0.65	-1.59204e-15	-0.360606
0.65	-6.36977e-15	-0.360606
0.65	-1.91045e-15	-0.360606
0.65	2.54887e-15	-0.360606
0.65	-2.22886e-15	-0.360606
0.65	-7.00659e-15	-0.360606
0.65	-2.54727e-15	-0.360606
0.65	1.91206e-15	-0.360606
0.65	-2.86567e-15	-0.360606
0.65	-7.64341e-15	-0.360606
0.65	-3.18408e-15	-0.360606
0.65	1.27524e-15	-0.360606
0.65	-1.27395e-14	-0.360606
0.65	-8.28022e-15	-0.360606
0.65	-3.8209e-15	-0.360606
0.65	6.38426e-16	-0.360606
0.65	5.09775e-15	-0.360606
0.65	-8.91704e-15	-0.360606
0.65	-4.45771e-15	-0.360606
0.65	1.60935e-18	-0.360606
0.65	0	-0.346465
0.65	-1.59204e-16	-0.346465
0.65	-3.18408e-16	-0.346465
0.65	-4.77612e-16	-0.346465
0.65	-6.36816e-16	-0.346465
0.65	-7.9602e-16	-0.346465
0.65	-9.55225e-16	-0.346465
0.65	-1.11443e-15	-0.346465
0.65	-1.27363e-15	-0.346465
0.65	-1.43284e-15	-0.346465
0.65	-1.59204e-15	-0.346465
0.65	-6.36977e-15	-0.346465
0.65	-1.91045e-15	-0.346465
0.65	2.54887e-15	-0.346465
0.65	-2.22886e-15	-0.346465
0.65	-7.00659e-15	-0.346465
0.65	-2.54727e-15	-0.346465
0.65	1.91206e-15	-0.346465
0.65	-2.86567e-15	-0.346465
0.65	-7.64341e-15	-0.346465
0.65	-3.18408e-15	-0.346465
0.65	1.27524e-15	-0.346465
0.65	-1.27395e-14	-0.346465
0.65	-8.28022e-15	-0.346465
0.65	-3.8209e-15	-0.346465
0.65	6.38426e-16	-0.346465
0.65	5.09775e-15	-0.346465
0.65	-8.91704e-15	-0.346465
0.65	-4.45771e-15	-0.346465
0.65	1.60935e-18	-0.346465
0.65	0	-0.332323
0.65	-1.59204e-16	-0.332323
0.65	-3.18408e-16	-0.332323
0.65	-4.77612e-16	-0.332323
0.65	-6.36816e-16	-0.332323
0.65	-7.9602e-16	-0.332323
0.65	-9.55225e-16	-0.332323
0.65	-1.11443e-15	-0.332323
0.65	-1.27363e-15	-0.332323
0.65	-1.43284e-15	-0.332323
0.65	-1.59204e-15	-0.332323
0.65	-6.36977e-15	-0.332323
0.65	-1.91045e-15	-0.332323
0.65	2.54887e-15	-0.332323
0.65	-2.22886e-15	-0.332323
0.65	-7.00659e-15	-0.332323
0.65	-2.54727e-15	-0.332323
0.65	1.91206e-15	-0.332323
0.65	-2.86567e-15	-0.332323
0.65	-7.64341e-15	-0.332323
0.65	-3.18408e-15	-0.332323
0.65	1.27524e-15	-0.332323
0.65	-1.27395e-14	-0.332323
0.65	-8.28022e-15	-0.332323
0.65	-3.8209e-15	-0.332323
0.65	6.38426e-16	-0.332323
0.65	5.09775e-15	-0.332323
0.65	-8.91704e-15	-0.332323
0.65	-4.45771e-15	-0.332323
0.65	1.60935e-18	-0.332323
0.65	0	-0.318182
0.65	-1.59204e-16	-0.318182
0.65	-3.18408e-16	-0.318182
0.65	-4.77612e-16	-0.318182
0.65	-6.36816e-16	-0.318182
0.65	-7.9602e-16	-0.318182
0.65	-9.55225e-16	-0.318182
0.65	-1.11443e-15	-0.318182
0.65	-1.27363e-15	-0.318182
0.65	-1.43284e-15	-0.318182
0.65	-1.59204e-15	-0.318182
0.65	-6.36977e-15	-0.318182
0.65	-1.91045e-15	-0.318182
0.65	2.54887e-15	-0.318182
0.65	-2.22886e-15	-0.318182
0.65	-7.00659e-15	-0.318182
0.65	-2.54727e-15	-0.318182
0.65	1.91206e-15	-0.318182
0.65	-2.86567e-15	-0.318182
0.65	-7.64341e-15	-0.318182
0.65	-3.18408e-15	-0.318182
0.65	1.27524e-15	-0.318182
0.65	-1.27395e-14	-0.318182
0.65	-8.28022e-15	-0.318182
0.65	-3.8209e-15	-0.318182
0.65	6.38426e-16	-0.318182
0.65	5.09775e-15	-0.318182
0.65	-8.91704e-15	-0.318182
0.65	-4.45771e-15	-0.318182
0.65	1.60935e-18	-0.318182
0.65	0	-0.30404
0.65	-1.59204e-16	-0.30404
0.65	-3.18408e-16	-0.30404
0.65	-4.77612e-16	-0.30404
0.65	-6.36816e-16	-0.30404
0.65	-7.9602e-16	-0.30404
0.65	-9.55225e-16	-0.30404
0.65	-1.11443e-15	-0.30404
0.65	-1.27363e-15	-0.30404
0.65	-1.43284e-15	-0.30404
0.65	-1.59204e-15	-0.30404
0.65	-6.36977e-15	-0.30404
0.65	-1.91045e-15	-0.30404
0.65	2.54887e-15	-0.30404
0.65	-2.22886e-15	-0.30404
0.65	-7.00659e-15	-0.30404
0.65	-2.54727e-15	-0.30404
0.65	1.91206e-15	-0.30404
0.65	-2.86567e-15	-0.30404
0.65	-7.64341e-15	-0.30404
0.65	-3.18408e-15	-0.30404
0.65	1.27524e-15	-0.30404
0.65	-1.27395e-14	-0.30404
0.65	-8.28022e-15	-0.30404
0.65	-3.8209e-15	-0.30404
0.65	6.38426e-16	-0.30404
0.65	5.09775e-15	-0.30404
0.65	-8.91704e-15	-0.30404
0.65	-4.45771e-15	-0.30404
0.65	1.60935e-18	-0.30404
0.65	0	-0.289899
0.65	-1.59204e-16	-0.289899
0.65	-3.18408e-16	-0.289899
0.65	-4.77612e-16	-0.289899
0.65	-6.36816e-16	-0.289899
0.65	-7.9602e-16	-0.289899
0.65	-9.55225e-16	-0.289899
0.65	-1.11443e-15	-0.289899
0.65	-1.27363e-15	-0.289899
0.65	-1.43284e-15	-0.289899
0.65	-1.59204e-15	-0.289899
0.65	-6.36977e-15	-0.289899
0.65	-1.91045e-15	-0.289899
0.65	2.54887e-15	-0.289899
0.65	-2.22886e-15	-0.289899
0.65	-7.00659e-15	-0.289899
0.65	-2.54727e-15	-0.289899
0.65	1.91206e-15	-0.289899
0.65	-2.86567e-15	-0.289899
0.65	-7.64341e-15	-0.289899
0.65	-3.18408e-15	-0.289899
0.65	1.27524e-15	-0.289899
0.65	-1.27395e-14	-0.289899
0.65	-8.28022e-15	-0.289899
0.65	-3.8209e-15	-0.289899
0.65	6.38426e-16	-0.289899
0.65	5.09775e-15	-0.289899
0.65	-8.91704e-15	-0.289899
0.65	-4.45771e-15	-0.289899
0.65	1.60935e-18	-0.289899
0.65	0	-0.275758
0.65	-1.59204e-16	-0.275758
0.65	-3.18408e-16	-0.275758
0.65	-4.77612e-16	-0.275758
0.65	-6.36816e-16	-0.275758
0.65	-7.9602e-16	-0.275758
0.65	-9.55225e-16	-0.275758
0.65	-1.11443e-15	-0.275758
0.65	-1.27363e-15	-0.275758
0.65	-1.43284e-15	-0.275758
0.65	-1.59204e-15	-0.275758
0.65	-6.36977e-15	-0.275758
0.65	-1.91045e-15	-0.275758
0.65	2.54887e-15	-0.275758
0.65	-2.22886e-15	-0.275758
0.65	-7.00659e-15	-0.275758
0.65	-2.54727e-15	-0.275758
0.65	1.91206e-15	-0.275758
0.65	-2.86567e-15	-0.275758
0.65	-7.64341e-15	-0.275758
0.65	-3.18408e-15	-0.275758
0.65	1.27524e-15	-0.275758
0.65	-1.27395e-14	-0.275758
0.65	-8.28022e-15	-0.275758
0.65	-3.8209e-15	-0.275758
0.65	6.38426e-16	-0.275758
0.65	5.09775e-15	-0.275758
0.65	-8.91704e-15	-0.275758
0.65	-4.45771e-15	-0.275758
0.65	1.60935e-18	-0.275758
0.65	0	-0.261616
0.65	-1.59204e-16	-0.261616
0.65	-3.18408e-16	-0.261616
0.65	-4.77612e-16	-0.261616
0.65	-6.36816e-16	-0.261616
0.65	-7.9602e-16	-0.261616
0.65	-9.55225e-16	-0.261616
0.65	-1.11443e-15	-0.261616
0.65	-1.27363e-15	-0.261616
0.65	-1.43284e-15	-0.261616
0.65	-1.59204e-15	-0.261616
0.65	-6.36977e-15	-0.261616
0.65	-1.91045e-15	-0.261616
0.65	2.54887e-15	-0.261616
0.65	-2.22886e-15	-0.261616
0.65	-7.00659e-15	-0.261616
0.65	-2.54727e-15	-0.261616
0.65	1.91206e-15	-0.261616
0.65	-2.86567e-15	-0.261616
0.65	-7.64341e-15	-0.261616
0.65	-3.18408e-15	-0.261616
0.65	1.27524e-15	-0.261616
0.65	-1.27395e-14	-0.261616
0.65	-8.28022e-15	-0.261616
0.65	-3.8209e-15	-0.261616
0.65	6.38426e-16	-0.261616
0.65	5.09775e-15	-0.261616
0.65	-8.91704e-15	-0.261616
0.65	-4.45771e-15	-0.261616
0.65	1.60935e-18	-0.261616
0.65	0	-0.247475
0.65	-1.59204e-16	-0.247475
0.65	-3.18408e-16	-0.247475
0.65	-4.77612e-16	-0.247475
0.65	-6.36816e-16	-0.247475
0.65	-7.9602e-16	-0.247475
0.65	-9.55225e-16	-0.247475
0.65	-1.11443e-15	-0.247475
0.65	-1.27363e-15	-0.247475
0.65	-1.43284e-15	-0.247475
0.65	-1.59204e-15	-0.247475
0.65	-6.36977e-15	-0.247475
0.65	-1.91045e-15	-0.247475
0.65	2.54887e-15	-0.247475
0.65	-2.22886e-15	-0.247475
0.65	-7.00659e-15	-0.247475
0.65	-2.54727e-15	-0.247475
0.65	1.91206e-15	-0.247475
0.65	-2.86567e-15	-0.247475
0.65	-7.64341e-15	-0.247475
0.65	-3.18408e-15	-0.247475
0.65	1.27524e-15	-0.247475
0.65	-1.27395e-14	-0.247475
0.65	-8.28022e-15	-0.247475
0.65	-3.8209e-15	-0.247475
0.65	6.38426e-16	-0.247475
0.65	5.09775e-15	-0.247475
0.65	-8.91704e-15	-0.247475
0.65	-4.45771e-15	-0.247475
0.65	1.60935e-18	-0.247475
0.65	0	-0.233333
0.65	-1.59204e-16	-0.233333
0.65	-3.18408e-16	-0.233333
0.65	-4.77612e-16	-0.233333
0.65	-6.36816e-16	-0.233333
0.65	-7.9602e-16	-0.233333
0.65	-9.55225e-16	-0.233333
0.65	-1.11443e-15	-0.233333
0.65	-1.27363e-15	-0.233333
0.65	-1.43284e-15	-0.233333
0.65	-1.59204e-15	-0.233333
0.65	-6.36977e-15	-0.233333
0.65	-1.91045e-15	-0.233333
0.65	2.54887e-15	-0.233333
0.65	-2.22886e-15	-0.233333
0.65	-7.00659e-15	-0.233333
0.65	-2.54727e-15	-0.233333
0.65	1.91206e-15	-0.233333
0.65	-2.86567e-15	-0.233333
0.65	-7.64341e-15	-0.233333
0.65	-3.18408e-15	-0.233333
0.65	1.27524e-15	-0.233333
0.65	-1.27395e-14	-0.233333
0.65	-8.28022e-15	-0.233333
0.65	-3.8209e-15	-0.233333
0.65	6.38426e-16	-0.233333
0.65	5.09775e-15	-0.233333
0.65	-8.91704e-15	-0.233333
0.65	-4.45771e-15	-0.233333
0.65	1.60935e-18	-0.233333
0.65	0	-0.219192
0.65	-1.59204e-16	-0.219192
0.65	-3.18408e-16	-0.219192
0.65	-4.77612e-16	-0.219192
0.65	-6.36816e-16	-0.219192
0.65	-7.9602e-16	-0.219192
0.65	-9.55225e-16	-0.219192
0.65	-1.11443e-15	-0.219192
0.65	-1.27363e-15	-0.219192
0.65	-1.43284e-15	-0.219192
0.65	-1.59204e-15	-0.219192
0.65	-6.36977e-15	-0.219192
0.65	-1.91045e-15	-0.219192
0.65	2.54887e-15	-0.219192
0.65	-2.22886e-15	-0.219192
0.65	-7.00659e-15	-0.219192
0.65	-2.54727e-15	-0.219192
0.65	1.91206e-15	-0.219192
0.65	-2.86567e-15	-0.219192
0.65	-7.64341e-15	-0.219192
0.65	-3.18408e-15	-0.219192
0.65	1.27524e-15	-0.219192
0.65	-1.27395e-14	-0.219192
0.65	-8.28022e-15	-0.219192
0.65	-3.8209e-15	-0.219192
0.65	6.38426e-16	-0.219192
0.65	5.09775e-15	-0.219192
0.65	-8.91704e-15	-0.219192
0.65	-4.45771e-15	-0.219192
0.65	1.60935e-18	-0.219192
0.65	0	-0.205051
0.65	-1.59204e-16	-0.205051
0.65	-3.18408e-16	-0.205051
0.65	-4.77612e-16	-0.205051
0.65	-6.36816e-16	-0.205051
0.65	-7.9602e-16	-0.205051
0.65	-9.55225e-16	-0.205051
0.65	-1.11443e-15	-0.205051
0.65	-1.27363e-15	-0.205051
0.65	-1.43284e-15	-0.205051
0.65	-1.59204e-15	-0.205051
0.65	-6.36977e-15	-0.205051
0.65	-1.91045e-15	-0.205051
0.65	2.54887e-15	-0.205051
0.65	-2.22886e-15	-0.205051
0.65	-7.00659e-15	-0.205051
0.65	-2.54727e-15	-0.205051
0.65	1.91206e-15	-0.205051
0.65	-2.86567e-15	-0.205051
0.65	-7.64341e-15	-0.205051
0.65	-3.18408e-15	-0.205051
0.65	1.27524e-15	-0.205051
0.65	-1.27395e-14	-0.205051
0.65	-8.28022e-15	-0.205051
0.65	-3.8209e-15	-0.205051
0.65	6.38426e-16	-0.205051
0.65	5.09775e-15	-0.205051
0.65	-8.91704e-15	-0.205051
0.65	-4.45771e-15	-0.205051
0.65	1.60935e-18	-0.205051
0.65	0	-0.190909
0.65	-1.59204e-16	-0.190909
0.65	-3.18408e-16	-0.190909
0.65	-4.77612e-16	-0.190909
0.65	-6.36816e-16	-0.190909
0.65	-7.9602e-16	-0.190909
0.65	-9.55225e-16	-0.190909
0.65	-1.11443e-15	-0.190909
0.65	-1.27363e-15	-0.190909
0.65	-1.43284e-15	-0.190909
0.65	-1.59204e-15	-0.190909
0.65	-6.36977e-15	-0.190909
0.65	-1.91045e-15	-0.190909
0.65	2.54887e-15	-0.190909
0.65	-2.22886e-15	-0.190909
0.65	-7.00659e-15	-0.190909
0.65	-2.54727e-15	-0.190909
0.65	1.91206e-15	-0.190909
0.65	-2.86567e-15	-0.190909
0.65	-7.64341e-15	-0.190909
0.65	-3.18408e-15	-0.190909
0.65	1.27524e-15	-0.190909
0.65	-1.27395e-14	-0.190909
0.65	-8.28022e-15	-0.190909
0.65	-3.8209e-15	-0.190909
0.65	6.38426e-16	-0.190909
0.65	5.09775e-15	-0.190909
0.65	-8.91704e-15	-0.190909
0.65	-4.45771e-15	-0.190909
0.65	1.60935e-18	-0.190909
0.65	0	-0.176768
0.65	-1.59204e-16	-0.176768
0.65	-3.18408e-16	-0.176768
0.65	-4.77612e-16	-0.176768
0.65	-6.36816e-16	-0.176768
0.65	-7.9602e-16	-0.176768
0.65	-9.55225e-16	-0.176768
0.65	-1.11443e-15	-0.176768
0.65	-1.27363e-15	-0.176768
0.65	-1.43284e-15	-0.176768
0.65	-1.59204e-15	-0.176768
0.65	-6.36977e-15	-0.176768
0.65	-1.91045e-15	-0.176768
0.65	2.54887e-15	-0.176768
0.65	-2.22886e-15	-0.176768
0.65	-7.00659e-15	-0.176768
0.65	-2.54727e-15	-0.176768
0.65	1.91206e-15	-0.176768
0.65	-2.86567e-15	-0.176768
0.65	-7.64341e-15	-0.176768
0.65	-3.18408e-15	-0.176768
0.65	1.27524e-15	-0.176768
0.65	-1.27395e-14	-0.176768
0.65	-8.28022e-15	-0.176768
0.65	-3.8209e-15	-0.176768
0.65	6.38426e-16	-0.176768
0.65	5.09775e-15	-0.176768
0.65	-8.91704e-15	-0.176768
0.65	-4.45771e-15	-0.176768
0.65	1.60935e-18	-0.176768
0.65	0	-0.162626
0.65	-1.59204e-16	-0.162626
0.65	-3.18408e-16	-0.162626
0.65	-4.77612e-16	-0.162626
0.65	-6.36816e-16	-0.162626
0.65	-7.9602e-16	-0.162626
0.65	-9.55225e-16	-0.162626
0.65	-1.11443e-15	-0.162626
0.65	-1.27363e-15	-0.162626
0.65	-1.43284e-15	-0.162626
0.65	-1.59204e-15	-0.162626
0.65	-6.36977e-15	-0.162626
0.65	-1.91045e-15	-0.162626
0.65	2.54887e-15	-0.162626
0.65	-2.22886e-15	-0.162626
0.65	-7.00659e-15	-0.162626
0.65	-2.54727e-15	-0.162626
0.65	1.91206e-15	-0.162626
0.65	-2.86567e-15	-0.162626
0.65	-7.64341e-15	-0.162626
0.65	-3.18408e-15	-0.162626
0.65	1.27524e-15	-0.162626
0.65	-1.27395e-14	-0.162626
0.65	-8.28022e-15	-0.162626
0.65	-3.8209e-15	-0.162626
0.65	6.38426e-16	-0.162626
0.65	5.09775e-15	-0.162626
0.65	-8.91704e-15	-0.162626
0.65	-4.45771e-15	-0.162626
0.65	1.60935e-18	-0.162626
0.65	0	-0.148485
0.65	-1.59204e-16	-0.148485
0.65	-3.18408e-16	-0.148485
0.65	-4.77612e-16	-0.148485
0.65	-6.36816e-16	-0.148485
0.65	-7.9602e-16	-0.148485
0.65	-9.55225e-16	-0.148485
0.65	-1.11443e-15	-0.148485
0.65	-1.27363e-15	-0.148485
0.65	-1.43284e-15	-0.148485
0.65	-1.59204e-15	-0.148485
0.65	-6.36977e-15	-0.148485
0.65	-1.91045e-15	-0.148485
0.65	2.54887e-15	-0.148485
0.65	-2.22886e-15	-0.148485
0.65	-7.00659e-15	-0.148485
0.65	-2.54727e-15	-0.148485
0.65	1.91206e-15	-0.148485
0.65	-2.86567e-15	-0.148485
0.65	-7.64341e-15	-0.148485
0.65	-3.18408e-15	-0.148485
0.65	1.27524e-15	-0.148485
0.65	-1.27395e-14	-0.148485
0.65	-8.28022e-15	-0.148485
0.65	-3.8209e-15	-0.148485
0.65	6.38426e-16	-0.148485
0.65	5.09775e-15	-0.148485
0.65	-8.91704e-15	-0.148485
0.65	-4.45771e-15	-0.148485
0.65	1.60935e-18	-0.148485
0.65	0	-0.134343
0.65	-1.59204e-16	-0.134343
0.65	-3.18408e-16	-0.134343
0.65	-4.77612e-16	-0.134343
0.65	-6.36816e-16	-0.134343
0.65	-7.9602e-16	-0.134343
0.65	-9.55225e-16	-0.134343
0.65	-1.11443e-15	-0.134343
0.65	-1.27363e-15	-0.134343
0.65	-1.43284e-15	-0.134343
0.65	-1.59204e-15	-0.134343
0.65	-6.36977e-15	-0.134343
0.65	-1.91045e-15	-0.134343
0.65	2.54887e-15	-0.134343
0.65	-2.22886e-15	-0.134343
0.65	-7.00659e-15	-0.134343
0.65	-2.54727e-15	-0.134343
0.65	1.91206e-15	-0.134343
0.65	-2.86567e-15	-0.134343
0.65	-7.64341e-15	-0.134343
0.65	-3.18408e-15	-0.134343
0.65	1.27524e-15	-0.134343
0.65	-1.27395e-14	-0.134343
0.65	-8.28022e-15	-0.134343
0.65	-3.8209e-15	-0.134343
0.65	6.38426e-16	-0.134343
0.65	5.09775e-15	-0.134343
0.65	-8.91704e-15	-0.134343
0.65	-4.45771e-15	-0.134343
0.65	1.60935e-18	-0.134343
0.65	0	-0.120202
0.65	-1.59204e-16	-0.120202
0.65	-3.18408e-16	-0.120202
0.65	-4.77612e-16	-0.120202
0.65	-6.36816e-16	-0.120202
0.65	-7.9602e-16	-0.120202
0.65	-9.55225e-16	-0.120202
0.65	-1.11443e-15	-0.120202
0.65	-1.27363e-15	-0.120202
0.65	-1.43284e-15	-0.120202
0.65	-1.59204e-15	-0.120202
0.65	-6.36977e-15	-0.120202
0.65	-1.91045e-15	-0.120202
0.65	2.54887e-15	-0.120202
0.65	-2.22886e-15	-0.120202
0.65	-7.00659e-15	-0.120202
0.65	-2.54727e-15	-0.120202
0.65	1.91206e-15	-0.120202
0.65	-2.86567e-15	-0.120202
0.65	-7.64341e-15	-0.120202
0.65	-3.18408e-15	-0.120202
0.65	1.27524e-15	-0.120202
0.65	-1.27395e-14	-0.120202
0.65	-8.28022e-15	-0.120202
0.65	-3.8209e-15	-0.120202
0.65	6.38426e-16	-0.120202
0.65	5.09775e-15	-0.120202
0.65	-8.91704e-15	-0.120202
0.65	-4.45771e-15	-0.120202
0.65	1.60935e-18	-0.120202
0.65	0	-0.106061
0.65	-1.59204e-16	-0.106061
0.65	-3.18408e-16	-0.106061
0.65	-4.77612e-16	-0.106061
0.65	-6.36816e-16	-0.106061
0.65	-7.9602e-16	-0.106061
0.65	-9.55225e-16	-0.106061
0.65	-1.11443e-15	-0.106061
0.65	-1.27363e-15	-0.106061
0.65	-1.43284e-15	-0.106061
0.65	-1.59204e-15	-0.106061
0.65	-6.36977e-15	-0.106061
0.65	-1.91045e-15	-0.106061
0.65	2.54887e-15	-0.106061
0.65	-2.22886e-15	-0.106061
0.65	-7.00659e-15	-0.106061
0.65	-2.54727e-15	-0.106061
0.65	1.91206e-15	-0.106061
0.65	-2.86567e-15	-0.106061
0.65	-7.64341e-15	-0.106061
0.65	-3.18408e-15	-0.106061
0.65	1.27524e-15	-0.106061
0.65	-1.27395e-14	-0.106061
0.65	-8.28022e-15	-0.106061
0.65	-3.8209e-15	-0.106061
0.65	6.38426e-16	-0.106061
0.65	5.09775e-15	-0.106061
0.65	-8.91704e-15	-0.106061
0.65	-4.45771e-15	-0.106061
0.65	1.60935e-18	-0.106061
0.65	0	-0.0919192
0.65	-1.59204e-16	-0.0919192
0.65	-3.18408e-16	-0.0919192
0.65	-4.77612e-16	-0.0919192
0.65	-6.36816e-16	-0.0919192
0.65	-7.9602e-16	-0.0919192
0.65	-9.55225e-16	-0.0919192
0.65	-1.11443e-15	-0.0919192
0.65	-1.27363e-15	-0.0919192
0.65	-1.43284e-15	-0.0919192
0.65	-1.59204e-15	-0.0919192
0.65	-6.36977e-15	-0.0919192
0.65	-1.91045e-15	-0.0919192
0.65	2.54887e-15	-0.0919192
0.65	-2.22886e-15	-0.0919192
0.65	-7.00659e-15	-0.0919192
0.65	-2.54727e-15	-0.0919192
0.65	1.91206e-15	-0.0919192
0.65	-2.86567e-15	-0.0919192
0.65	-7.64341e-15	-0.0919192
0.65	-3.18408e-15	-0.0919192
0.65	1.27524e-15	-0.0919192
0.65	-1.27395e-14	-0.0919192
0.65	-8.28022e-15	-0.0919192
0.65	-3.8209e-15	-0.0919192
0.65	6.38426e-16	-0.0919192
0.65	5.09775e-15	-0.0919192
0.65	-8.91704e-15	-0.0919192
0.65	-4.45771e-15	-0.0919192
0.65	1.60935e-18	-0.0919192
0.65	0	-0.0777778
0.65	-1.59204e-16	-0.0777778
0.65	-3.18408e-16	-0.0777778
0.65	-4.77612e-16	-0.0777778
0.65	-6.36816e-16	-0.0777778
0.65	-7.9602e-16	-0.0777778
0.65	-9.55225e-16	-0.0777778
0.65	-1.11443e-15	-0.0777778
0.65	-1.27363e-15	-0.0777778
0.65	-1.43284e-15	-0.0777778
0.65	-1.59204e-15	-0.0777778
0.65	-6.36977e-15	-0.0777778
0.65	-1.91045e-15	-0.0777778
0.65	2.54887e-15	-0.0777778
0.65	-2.22886e-15	-0.0777778
0.65	-7.00659e-15	-0.0777778
0.65	-2.54727e-15	-0.0777778
0.65	1.91206e-15	-0.0777778
0.65	-2.86567e-15	-0.0777778
0.65	-7.64341e-15	-0.0777778
0.65	-3.18408e-15	-0.0777778
0.65	1.27524e-15	-0.0777778
0.65	-1.27395e-14	-0.0777778
0.65	-8.28022e-15	-0.0777778
0.65	-3.8209e-15	-0.0777778
0.65	6.38426e-16	-0.0777778
0.65	5.09775e-15	-0.0777778
0.65	-8.91704e-15	-0.0777778
0.65	-4.45771e-15	-0.0777778
0.65	1.60935e-18	-0.0777778
0.65	0	-0.0636364
0.65	-1.59204e-16	-0.0636364
0.65	-3.18408e-16	-0.0636364
0.65	-4.77612e-16	-0.0636364
0.65	-6.36816e-16	-0.0636364
0.65	-7.9602e-16	-0.0636364
0.65	-9.55225e-16	-0.0636364
0.65	-1.11443e-15	-0.0636364
0.65	-1.27363e-15	-0.0636364
0.65	-1.43284e-15	-0.0636364
0.65	-1.59204e-15	-0.0636364
0.65	-6.36977e-15	-0.0636364
0.65	-1.91045e-15	-0.0636364
0.65	2.54887e-15	-0.0636364
0.65	-2.22886e-15	-0.0636364
0.65	-7.00659e-15	-0.0636364
0.65	-2.54727e-15	-0.0636364
0.65	1.91206e-15	-0.0636364
0.65	-2.86567e-15	-0.0636364
0.65	-7.64341e-15	-0.0636364
0.65	-3.18408e-15	-0.0636364
0.65	1.27524e-15	-0.0636364
0.65	-1.27395e-14	-0.0636364
0.65	-8.28022e-15	-0.0636364
0.65	-3.8209e-15	-0.0636364
0.65	6.38426e-16	-0.0636364
0.65	5.09775e-15	-0.0636364
0.65	-8.91704e-15	-0.0636364
0.65	-4.45771e-15	-0.0636364
0.65	1.60935e-18	-0.0636364
0.65	0	-0.0494949
0.65	-1.59204e-16	-0.0494949
0.65	-3.18408e-16	-0.0494949
0.65	-4.77612e-16	-0.0494949
0.65	-6.36816e-16	-0.0494949
0.65	-7.9602e-16	-0.0494949
0.65	-9.55225e-16	-0.0494949
0.65	-1.11443e-15	-0.0494949
0.65	-1.27363e-15	-0.0494949
0.65	-1.43284e-15	-0.0494949
0.65	-1.59204e-15	-0.0494949
0.65	-6.36977e-15	-0.0494949
0.65	-1.91045e-15	-0.0494949
0.65	2.54887e-15	-0.0494949
0.65	-2.22886e-15	-0.0494949
0.65	-7.00659e-15	-0.0494949
0.65	-2.54727e-15	-0.0494949
0.65	1.91206e-15	-0.0494949
0.65	-2.86567e-15	-0.0494949
0.65	-7.64341e-15	-0.0494949
0.65	-3.18408e-15	-0.0494949
0.65	1.27524e-15	-0.0494949
0.65	-1.27395e-14	-0.0494949
0.65	-8.28022e-15	-0.0494949
0.65	-3.8209e-15	-0.0494949
0.65	6.38426e-16	-0.0494949
0.65	5.09775e-15	-0.0494949
0.65	-8.91704e-15	-0.0494949
0.65	-4.45771e-15	-0.0494949
0.65	1.60935e-18	-0.0494949
0.65	0	-0.0353535
0.65	-1.59204e-16	-0.0353535
0.65	-3.18408e-16	-0.0353535
0.65	-4.77612e-16	-0.0353535
0.65	-6.36816e-16	-0.0353535
0.65	-7.9602e-16	-0.0353535
0.65	-9.55225e-16	-0.0353535
0.65	-1.11443e-15	-0.0353535
0.65	-1.27363e-15	-0.0353535
0.65	-1.43284e-15	-0.0353535
0.65	-1.59204e-15	-0.0353535
0.65	-6.36977e-15	-0.0353535
0.65	-1.91045e-15	-0.0353535
0.65	2.54887e-15	-0.0353535
0.65	-2.22886e-15	-0.0353535
0.65	-7.00659e-15	-0.0353535
0.65	-2.54727e-15	-0.0353535
0.65	1.91206e-15	-0.0353535
0.65	-2.86567e-15	-0.0353535
0.65	-7.64341e-15	-0.0353535
0.65	-3.18408e-15	-0.0353535
0.65	1.27524e-15	-0.0353535
0.65	-1.27395e-14	-0.0353535
0.65	-8.28022e-15	-0.0353535
0.65	-3.8209e-15	-0.0353535
0.65	6.38426e-16	-0.0353535
0.65	5.09775e-15	-0.0353535
0.65	-8.91704e-15	-0.0353535
0.65	-4.45771e-15	-0.0353535
0.65	1.60935e-18	-0.0353535
0.65	0	-0.0212121
0.65	-1.59204e-16	-0.0212121
0.65	-3.18408e-16	-0.0212121
0.65	-4.77612e-16	-0.0212121
0.65	-6.36816e-16	-0.0212121
0.65	-7.9602e-16	-0.0212121
0.65	-9.55225e-16	-0.0212121
0.65	-1.11443e-15	-0.0212121
0.65	-1.27363e-15	-0.0212121
0.65	-1.43284e-15	-0.0212121
0.65	-1.59204e-15	-0.0212121
0.65	-6.36977e-15	-0.0212121
0.65	-1.91045e-15	-0.0212121
0.65	2.54887e-15	-0.0212121
0.65	-2.22886e-15	-0.0212121
0.65	-7.00659e-15	-0.0212121
0.65	-2.54727e-15	-0.0212121
0.65	1.91206e-15	-0.0212121
0.65	-2.86567e-15	-0.0212121
0.65	-7.64341e-15	-0.0212121
0.65	-3.18408e-15	-0.0212121
0.65	1.27524e-15	-0.0212121
0.65	-1.27395e-14	-0.0212121
0.65	-8.28022e-15	-0.0212121
0.65	-3.8209e-15	-0.0212121
0.65	6.38426e-16	-0.0212121
0.65	5.09775e-15	-0.0212121
0.65	-8.91704e-15	-0.0212121
0.65	-4.45771e-15	-0.0212121
0.65	1.60935e-18	-0.0212121
0.65	0	-0.00707071
0.65	-1.59204e-16	-0.00707071
0.65	-3.18408e-16	-0.00707071
0.65	-4.77612e-16	-0.00707071
0.65	-6.36816e-16	-0.00707071
0.65	-7.9602e-16	-0.00707071
0.65	-9.55225e-16	-0.00707071
0.65	-1.11443e-15	-0.00707071
0.65	-1.27363e-15	-0.00707071
0.65	-1.43284e-15	-0.00707071
0.65	-1.59204e-15	-0.00707071
0.65	-6.36977e-15	-0.00707071
0.65	-1.91045e-15	-0.00707071
0.65	2.54887e-15	-0.00707071
0.65	-2.22886e-15	-0.00707071
0.65	-7.00659e-15	-0.00707071
0.65	-2.54727e-15	-0.00707071
0.65	1.91206e-15	-0.00707071
0.65	-2.86567e-15	-0.00707071
0.65	-7.64341e-15	-0.00707071
0.65	-3.18408e-15	-0.00707071
0.65	1.27524e-15	-0.00707071
0.65	-1.27395e-14	-0.00707071
0.65	-8.28022e-15	-0.00707071
0.65	-3.8209e-15	-0.00707071
0.65	6.38426e-16	-0.00707071
0.65	5.09775e-15	-0.00707071
0.65	-8.91704e-15	-0.00707071
0.65	-4.45771e-15	-0.00707071
0.65	1.60935e-18	-0.00707071
0.65	0	0.00707071
0.65	-1.59204e-16	0.00707071
0.65	-3.18408e-16	0.00707071
0.65	-4.77612e-16	0.00707071
0.65	-6.36816e-16	0.00707071
0.65	-7.9602e-16	0.00707071
0.65	-9.55225e-16	0.00707071
0.65	-1.11443e-15	0.00707071
0.65	-1.27363e-15	0.00707071
0.65	-1.43284e-15	0.00707071
0.65	-1.59204e-15	0.00707071
0.65	-6.36977e-15	0.00707071
0.65	-1.91045e-15	0.00707071
0.65	2.54887e-15	0.00707071
0.65	-2.22886e-15	0.00707071
0.65	-7.00659e-15	0.00707071
0.65	-2.54727e-15	0.00707071
0.65	1.91206e-15	0.00707071
0.65	-2.86567e-15	0.00707071
0.65	-7.64341e-15	0.00707071
0.65	-3.18408e-15	0.00707071
0.65	1.27524e-15	0.00707071
0.65	-1.27395e-14	0.00707071
0.65	-8.28022e-15	0.00707071
0.65	-3.8209e-15	0.00707071
0.65	6.38426e-16	0.00707071
0.65	5.09775e-15	0.00707071
0.65	-8.91704e-15	0.00707071
0.65	-4.45771e-15	0.00707071
0.65	1.60935e-18	0.00707071
0.65	0	0.0212121
0.65	-1.59204e-16	0.0212121
0.65	-3.18408e-16	0.0212121
0.65	-4.77612e-16	0.0212121
0.65	-6.36816e-16	0.0212121
0.65	-7.9602e-16	0.0212121
0.65	-9.55225e-16	0.0212121
0.65	-1.11443e-15	0.0212121
0.65	-1.27363e-15	0.0212121
0.65	-1.43284e-15	0.0212121
0.65	-1.59204e-15	0.0212121
0.65	-6.36977e-15	0.0212121
0.65	-1.91045e-15	0.0212121
0.65	2.54887e-15	0.0212121
0.65	-2.22886e-15	0.0212121
0.65	-7.00659e-15	0.0212121
0.65	-2.54727e-15	0.0212121
0.65	1.91206e-15	0.0212121
0.65	-2.86567e-15	0.0212121
0.65	-7.64341e-15	0.0212121
0.65	-3.18408e-15	0.0212121
0.65	1.27524e-15	0.0212121
0.65	-1.27395e-14	0.0212121
0.65	-8.28022e-15	0.0212121
0.65	-3.8209e-15	0.0212121
0.65	6.38426e-16	0.0212121
0.65	5.09775e-15	0.0212121
0.65	-8.91704e-15	0.0212121
0.65	-4.45771e-15	0.0212121
0.65	1.60935e-18	0.0212121
0.65	0	0.0353535
0.65	-1.59204e-16	0.0353535
0.65	-3.18408e-16	0.0353535
0.65	-4.77612e-16	0.0353535
0.65	-6.36816e-16	0.0353535
0.65	-7.9602e-16	0.0353535
0.65	-9.55225e-16	0.0353535
0.65	-1.11443e-15	0.0353535
0.65	-1.27363e-15	0.0353535
0.65	-1.43284e-15	0.0353535
0.65	-1.59204e-15	0.0353535
0.65	-6.36977e-15	0.0353535
0.65	-1.91045e-15	0.0353535
0.65	2.54887e-15	0.0353535
0.65	-2.22886e-15	0.0353535
0.65	-7.00659e-15	0.0353535
0.65	-2.54727e-15	0.0353535
0.65	1.91206e-15	0.0353535
0.65	-2.86567e-15	0.0353535
0.65	-7.64341e-15	0.0353535
0.65	-3.18408e-15	0.0353535
0.65	1.27524e-15	0.0353535
0.65	-1.27395e-14	0.0353535
0.65	-8.28022e-15	0.0353535
0.65	-3.8209e-15	0.0353535
0.65	6.38426e-16	0.0353535
0.65	5.09775e-15	0.0353535
0.65	-8.91704e-15	0.0353535
0.65	-4.45771e-15	0.0353535
0.65	1.60935e-18	0.0353535
0.65	0	0.0494949
0.65	-1.59204e-16	0.0494949
0.65	-3.18408e-16	0.0494949
0.65	-4.77612e-16	0.0494949
0.65	-6.36816e-16	0.0494949
0.65	-7.9602e-16	0.0494949
0.65	-9.55225e-16	0.0494949
0.65	-1.11443e-15	0.0494949
0.65	-1.27363e-15	0.0494949
0.65	-1.43284e-15	0.0494949
0.65	-1.59204e-15	0.0494949
0.65	-6.36977e-15	0.0494949
0.65	-1.91045e-15	0.0494949
0.65	2.54887e-15	0.0494949
0.65	-2.22886e-15	0.0494949
0.65	-7.00659e-15	0.0494949
0.65	-2.54727e-15	0.0494949
0.65	1.91206e-15	0.0494949
0.65	-2.86567e-15	0.0494949
0.65	-7.64341e-15	0.0494949
0.65	-3.18408e-15	0.0494949
0.65	1.27524e-15	0.0494949
0.65	-1.27395e-14	0.0494949
0.65	-8.28022e-15	0.0494949
0.65	-3.8209e-15	0.0494949
0.65	6.38426e-16	0.0494949
0.65	5.09775e-15	0.0494949
0.65	-8.91704e-15	0.0494949
0.65	-4.45771e-15	0.0494949
0.65	1.60935e-18	0.0494949
0.65	0	0.0636364
0.65	-1.59204e-16	0.0636364
0.65	-3.18408e-16	0.0636364
0.65	-4.77612e-16	0.0636364
0.65	-6.36816e-16	0.0636364
0.65	-7.9602e-16	0.0636364
0.65	-9.55225e-16	0.0636364
0.65	-1.11443e-15	0.0636364
0.65	-1.27363e-15	0.0636364
0.65	-1.43284e-15	0.0636364
0.65	-1.59204e-15	0.0636364
0.65	-6.36977e-15	0.0636364
0.65	-1.91045e-15	0.0636364
0.65	2.54887e-15	0.0636364
0.65	-2.22886e-15	0.0636364
0.65	-7.00659e-15	0.0636364
0.65	-2.54727e-15	0.0636364
0.65	1.91206e-15	0.0636364
0.65	-2.86567e-15	0.0636364
0.65	-7.64341e-15	0.0636364
0.65	-3.18408e-15	0.0636364
0.65	1.27524e-15	0.0636364
0.65	-1.27395e-14	0.0636364
0.65	-8.28022e-15	0.0636364
0.65	-3.8209e-15	0.0636364
0.65	6.38426e-16	0.0636364
0.65	5.09775e-15	0.0636364
0.65	-8.91704e-15	0.0636364
0.65	-4.45771e-15	0.0636364
0.65	1.60935e-18	0.0636364
0.65	0	0.0777778
0.65	-1.59204e-16	0.0777778
0.65	-3.18408e-16	0.0777778
0.65	-4.77612e-16	0.0777778
0.65	-6.36816e-16	0.0777778
0.65	-7.9602e-16	0.0777778
0.65	-9.55225e-16	0.0777778
0.65	-1.11443e-15	0.0777778
0.65	-1.27363e-15	0.0777778
0.65	-1.43284e-15	0.0777778
0.65	-1.59204e-15	0.0777778
0.65	-6.36977e-15	0.0777778
0.65	-1.91045e-15	0.0777778
0.65	2.54887e-15	0.0777778
0.65	-2.22886e-15	0.0777778
0.65	-7.00659e-15	0.0777778
0.65	-2.54727e-15	0.0777778
0.65	1.91206e-15	0.0777778
0.65	-2.86567e-15	0.0777778
0.65	-7.64341e-15	0.0777778
0.65	-3.18408e-15	0.0777778
0.65	1.27524e-15	0.0777778
0.65	-1.27395e-14	0.0777778
0.65	-8.28022e-15	0.0777778
0.65	-3.8209e-15	0.0777778
0.65	6.38426e-16	0.0777778
0.65	5.09775e-15	0.0777778
0.65	-8.91704e-15	0.0777778
0.65	-4.45771e-15	0.0777778
0.65	1.60935e-18	0.0777778
0.65	0	0.0919192
0.65	-1.59204e-16	0.0919192
0.65	-3.18408e-16	0.0919192
0.65	-4.77612e-16	0.0919192
0.65	-6.36816e-16	0.0919192
0.65	-7.9602e-16	0.0919192
0.65	-9.55225e-16	0.0919192
0.65	-1.11443e-15	0.0919192
0.65	-1.27363e-15	0.0919192
0.65	-1.43284e-15	0.0919192
0.65	-1.59204e-15	0.0919192
0.65	-6.36977e-15	0.0919192
0.65	-1.91045e-15	0.0919192
0.65	2.54887e-15	0.0919192
0.65	-2.22886e-15	0.0919192
0.65	-7.00659e-15	0.0919192
0.65	-2.54727e-15	0.0919192
0.65	1.91206e-15	0.0919192
0.65	-2.86567e-15	0.0919192
0.65	-7.64341e-15	0.0919192
0.65	-3.18408e-15	0.0919192
0.65	1.27524e-15	0.0919192
0.65	-1.27395e-14	0.0919192
0.65	-8.28022e-15	0.0919192
0.65	-3.8209e-15	0.0919192
0.65	6.38426e-16	0.0919192
0.65	5.09775e-15	0.0919192
0.65	-8.91704e-15	0.0919192
0.65	-4.45771e-15	0.0919192
0.65	1.60935e-18	0.0919192
0.65	0	0.106061
0.65	-1.59204e-16	0.106061
0.65	-3.18408e-16	0.106061
0.65	-4.77612e-16	0.106061
0.65	-6.36816e-16	0.106061
0.65	-7.9602e-16	0.106061
0.65	-9.55225e-16	0.106061
0.65	-1.11443e-15	0.106061
0.65	-1.27363e-15	0.106061
0.65	-1.43284e-15	0.106061
0.65	-1.59204e-15	0.106061
0.65	-6.36977e-15	0.106061
0.65	-1.91045e-15	0.106061
0.65	2.54887e-15	0.106061
0.65	-2.22886e-15	0.106061
0.65	-7.00659e-15	0.106061
0.65	-2.54727e-15	0.106061
0.65	1.91206e-15	0.106061
0.65	-2.86567e-15	0.106061
0.65	-7.64341e-15	0.106061
0.65	-3.18408e-15	0.106061
0.65	1.27524e-15	0.106061
0.65	-1.27395e-14	0.106061
0.65	-8.28022e-15	0.106061
0.65	-3.8209e-15	0.106061
0.65	6.38426e-16	0.106061
0.65	5.09775e-15	0.106061
0.65	-8.91704e-15	0.106061
0.65	-4.45771e-15	0.106061
0.65	1.60935e-18	0.106061
0.65	0	0.120202
0.65	-1.59204e-16	0.120202
0.65	-3.18408e-16	0.120202
0.65	-4.77612e-16	0.120202
0.65	-6.36816e-16	0.120202
0.65	-7.9602e-16	0.120202
0.65	-9.55225e-16	0.120202
0.65	-1.11443e-15	0.120202
0.65	-1.27363e-15	0.120202
0.65	-1.43284e-15	0.120202
0.65	-1.59204e-15	0.120202
0.65	-6.36977e-15	0.120202
0.65	-1.91045e-15	0.120202
0.65	2.54887e-15	0.120202
0.65	-2.22886e-15	0.120202
0.65	-7.00659e-15	0.120202
0.65	-2.54727e-15	0.120202
0.65	1.91206e-15	0.120202
0.65	-2.86567e-15	0.120202
0.65	-7.64341e-15	0.120202
0.65	-3.18408e-15	0.120202
0.65	1.27524e-15	0.120202
0.65	-1.27395e-14	0.120202
0.65	-8.28022e-15	0.120202
0.65	-3.8209e-15	0.120202
0.65	6.38426e-16	0.120202
0.65	5.09775e-15	0.120202
0.65	-8.91704e-15	0.120202
0.65	-4.45771e-15	0.120202
0.65	1.60935e-18	0.120202
0.65	0	0.134343
0.65	-1.59204e-16	0.134343
0.65	-3.18408e-16	0.134343
0.65	-4.77612e-16	0.134343
0.65	-6.36816e-16	0.134343
0.65	-7.9602e-16	0.134343
0.65	-9.55225e-16	0.134343
0.65	-1.11443e-15	0.134343
0.65	-1.27363e-15	0.134343
0.65	-1.43284e-15	0.134343
0.65	-1.59204e-15	0.134343
0.65	-6.36977e-15	0.134343
0.65	-1.91045e-15	0.134343
0.65	2.54887e-15	0.134343
0.65	-2.22886e-15	0.134343
0.65	-7.00659e-15	0.134343
0.65	-2.54727e-15	0.134343
0.65	1.91206e-15	0.134343
0.65	-2.86567e-15	0.134343
0.65	-7.64341e-15	0.134343
0.65	-3.18408e-15	0.134343
0.65	1.27524e-15	0.134343
0.65	-1.27395e-14	0.134343
0.65	-8.28022e-15	0.134343
0.65	-3.8209e-15	0.134343
0.65	6.38426e-16	0.134343
0.65	5.09775e-15	0.134343
0.65	-8.91704e-15	0.134343
0.65	-4.45771e-15	0.134343
0.65	1.60935e-18	0.134343
0.65	0	0.148485
0.65	-1.59204e-16	0.148485
0.65	-3.18408e-16	0.148485
0.65	-4.77612e-16	0.148485
0.65	-6.36816e-16	0.148485
0.65	-7.9602e-16	0.148485
0.65	-9.55225e-16	0.148485
0.65	-1.11443e-15	0.148485
0.65	-1.27363e-15	0.148485
0.65	-1.43284e-15	0.148485
0.65	-1.59204e-15	0.148485
0.65	-6.36977e-15	0.148485
0.65	-1.91045e-15	0.148485
0.65	2.54887e-15	0.148485
0.65	-2.22886e-15	0.148485
0.65	-7.00659e-15	0.148485
0.65	-2.54727e-15	0.148485
0.65	1.91206e-15	0.148485
0.65	-2.86567e-15	0.148485
0.65	-7.64341e-15	0.148485
0.65	-3.18408e-15	0.148485
0.65	1.27524e-15	0.148485
0.65	-1.27395e-14	0.148485
0.65	-8.28022e-15	0.148485
0.65	-3.8209e-15	0.148485
0.65	6.38426e-16	0.148485
0.65	5.09775e-15	0.148485
0.65	-8.91704e-15	0.148485
0.65	-4.45771e-15	0.148485
0.65	1.60935e-18	0.148485
0.65	0	0.162626
0.65	-1.59204e-16	0.162626
0.65	-3.18408e-16	0.162626
0.65	-4.77612e-16	0.162626
0.65	-6.36816e-16	0.162626
0.65	-7.9602e-16	0.162626
0.65	-9.55225e-16	0.162626
0.65	-1.11443e-15	0.162626
0.65	-1.27363e-15	0.162626
0.65	-1.43284e-15	0.162626
0.65	-1.59204e-15	0.162626
0.65	-6.36977e-15	0.162626
0.65	-1.91045e-15	0.162626
0.65	2.54887e-15	0.162626
0.65	-2.22886e-15	0.162626
0.65	-7.00659e-15	0.162626
0.65	-2.54727e-15	0.162626
0.65	1.91206e-15	0.162626
0.65	-2.86567e-15	0.162626
0.65	-7.64341e-15	0.162626
0.65	-3.18408e-15	0.162626
0.65	1.27524e-15	0.162626
0.65	-1.27395e-14	0.162626
0.65	-8.28022e-15	0.162626
0.65	-3.8209e-15	0.162626
0.65	6.38426e-16	0.162626
0.65	5.09775e-15	0.162626
0.65	-8.91704e-15	0.162626
0.65	-4.45771e-15	0.162626
0.65	1.60935e-18	0.162626
0.65	0	0.176768
0.65	-1.59204e-16	0.176768
0.65	-3.18408e-16	0.176768
0.65	-4.77612e-16	0.176768
0.65	-6.36816e-16	0.176768
0.65	-7.9602e-16	0.176768
0.65	-9.55225e-16	0.176768
0.65	-1.11443e-15	0.176768
0.65	-1.27363e-15	0.176768
0.65	-1.43284e-15	0.176768
0.65	-1.59204e-15	0.176768
0.65	-6.36977e-15	0.176768
0.65	-1.91045e-15	0.176768
0.65	2.54887e-15	0.176768
0.65	-2.22886e-15	0.176768
0.65	-7.00659e-15	0.176768
0.65	-2.54727e-15	0.176768
0.65	1.91206e-15	0.176768
0.65	-2.86567e-15	0.176768
0.65	-7.64341e-15	0.176768
0.65	-3.18408e-15	0.176768
0.65	1.27524e-15	0.176768
0.65	-1.27395e-14	0.176768
0.65	-8.28022e-15	0.176768
0.65	-3.8209e-15	0.176768
0.65	6.38426e-16	0.176768
0.65	5.09775e-15	0.176768
0.65	-8.91704e-15	0.176768
0.65	-4.45771e-15	0.176768
0.65	1.60935e-18	0.176768
0.65	0	0.190909
0.65	-1.59204e-16	0.190909
0.65	-3.18408e-16	0.190909
0.65	-4.77612e-16	0.190909
0.65	-6.36816e-16	0.190909
0.65	-7.9602e-16	0.190909
0.65	-9.55225e-16	0.190909
0.65	-1.11443e-15	0.190909
0.65	-1.27363e-15	0.190909
0.65	-1.43284e-15	0.190909
0.65	-1.59204e-15	0.190909
0.65	-6.36977e-15	0.190909
0.65	-1.91045e-15	0.190909
0.65	2.54887e-15	0.190909
0.65	-2.22886e-15	0.190909
0.65	-7.00659e-15	0.190909
0.65	-2.54727e-15	0.190909
0.65	1.91206e-15	0.190909
0.65	-2.86567e-15	0.190909
0.65	-7.64341e-15	0.190909
0.65	-3.18408e-15	0.190909
0.65	1.27524e-15	0.190909
0.65	-1.27395e-14	0.190909
0.65	-8.28022e-15	0.190909
0.65	-3.8209e-15	0.190909
0.65	6.38426e-16	0.190909
0.65	5.09775e-15	0.190909
0.65	-8.91704e-15	0.190909
0.65	-4.45771e-15	0.190909
0.65	1.60935e-18	0.190909
0.65	0	0.205051
0.65	-1.59204e-16	0.205051
0.65	-3.18408e-16	0.205051
0.65	-4.77612e-16	0.205051
0.65	-6.36816e-16	0.205051
0.65	-7.9602e-16	0.205051
0.65	-9.55225e-16	0.205051
0.65	-1.11443e-15	0.205051
0.65	-1.27363e-15	0.205051
0.65	-1.43284e-15	0.205051
0.65	-1.59204e-15	0.205051
0.65	-6.36977e-15	0.205051
0.65	-1.91045e-15	0.205051
0.65	2.54887e-15	0.205051
0.65	-2.22886e-15	0.205051
0.65	-7.00659e-15	0.205051
0.65	-2.54727e-15	0.205051
0.65	1.91206e-15	0.205051
0.65	-2.86567e-15	0.205051
0.65	-7.64341e-15	0.205051
0.65	-3.18408e-15	0.205051
0.65	1.27524e-15	0.205051
0.65	-1.27395e-14	0.205051
0.65	-8.28022e-15	0.205051
0.65	-3.8209e-15	0.205051
0.65	6.38426e-16	0.205051
0.65	5.09775e-15	0.205051
0.65	-8.91704e-15	0.205051
0.65	-4.45771e-15	0.205051
0.65	1.60935e-18	0.205051
0.65	0	0.219192
0.65	-1.59204e-16	0.219192
0.65	-3.18408e-16	0.219192
0.65	-4.77612e-16	0.219192
0.65	-6.36816e-16	0.219192
0.65	-7.9602e-16	0.219192
0.65	-9.55225e-16	0.219192
0.65	-1.11443e-15	0.219192
0.65	-1.27363e-15	0.219192
0.65	-1.43284e-15	0.219192
0.65	-1.59204e-15	0.219192
0.65	-6.36977e-15	0.219192
0.65	-1.91045e-15	0.219192
0.65	2.54887e-15	0.219192
0.65	-2.22886e-15	0.219192
0.65	-7.00659e-15	0.219192
0.65	-2.54727e-15	0.219192
0.65	1.91206e-15	0.219192
0.65	-2.86567e-15	0.219192
0.65	-7.64341e-15	0.219192
0.65	-3.18408e-15	0.219192
0.65	1.27524e-15	0.219192
0.65	-1.27395e-14	0.219192
0.65	-8.28022e-15	0.219192
0.65	-3.8209e-15	0.219192
0.65	6.38426e-16	0.219192
0.65	5.09775e-15	0.219192
0.65	-8.91704e-15	0.219192
0.65	-4.45771e-15	0.219192
0.65	1.60935e-18	0.219192
0.65	0	0.233333
0.65	-1.59204e-16	0.233333
0.65	-3.18408e-16	0.233333
0.65	-4.77612e-16	0.233333
0.65	-6.36816e-16	0.233333
0.65	-7.9602e-16	0.233333
0.65	-9.55225e-16	0.233333
0.65	-1.11443e-15	0.233333
0.65	-1.27363e-15	0.233333
0.65	-1.43284e-15	0.233333
0.65	-1.59204e-15	0.233333
0.65	-6.36977e-15	0.233333
0.65	-1.91045e-15	0.233333
0.65	2.54887e-15	0.233333
0.65	-2.22886e-15	0.233333
0.65	-7.00659e-15	0.233333
0.65	-2.54727e-15	0.233333
0.65	1.91206e-15	0.233333
0.65	-2.86567e-15	0.233333
0.65	-7.64341e-15	0.233333
0.65	-3.18408e-15	0.233333
0.65	1.27524e-15	0.233333
0.65	-1.27395e-14	0.233333
0.65	-8.28022e-15	0.233333
0.65	-3.8209e-15	0.233333
0.65	6.38426e-16	0.233333
0.65	5.09775e-15	0.233333
0.65	-8.91704e-15	0.233333
0.65	-4.45771e-15	0.233333
0.65	1.60935e-18	0.233333
0.65	0	0.247475
0.65	-1.59204e-16	0.247475
0.65	-3.18408e-16	0.247475
0.65	-4.77612e-16	0.247475
0.65	-6.36816e-16	0.247475
0.65	-7.9602e-16	0.247475
0.65	-9.55225e-16	0.247475
0.65	-1.11443e-15	0.247475
0.65	-1.27363e-15	0.247475
0.65	-1.43284e-15	0.247475
0.65	-1.59204e-15	0.247475
0.65	-6.36977e-15	0.247475
0.65	-1.91045e-15	0.247475
0.65	2.54887e-15	0.247475
0.65	-2.22886e-15	0.247475
0.65	-7.00659e-15	0.247475
0.65	-2.54727e-15	0.247475
0.65	1.91206e-15	0.247475
0.65	-2.86567e-15	0.247475
0.65	-7.64341e-15	0.247475
0.65	-3.18408e-15	0.247475
0.65	1.27524e-15	0.247475
0.65	-1.27395e-14	0.247475
0.65	-8.28022e-15	0.247475
0.65	-3.8209e-15	0.247475
0.65	6.38426e-16	0.247475
0.65	5.09775e-15	0.247475
0.65	-8.91704e-15	0.247475
0.65	-4.45771e-15	0.247475
0.65	1.60935e-18	0.247475
0.65	0	0.261616
0.65	-1.59204e-16	0.261616
0.65	-3.18408e-16	0.261616
0.65	-4.77612e-16	0.261616
0.65	-6.36816e-16	0.261616
0.65	-7.9602e-16	0.261616
0.65	-9.55225e-16	0.261616
0.65	-1.11443e-15	0.261616
0.65	-1.27363e-15	0.261616
0.65	-1.43284e-15	0.261616
0.65	-1.59204e-15	0.261616
0.65	-6.36977e-15	0.261616
0.65	-1.91045e-15	0.261616
0.65	2.54887e-15	0.261616
0.65	-2.22886e-15	0.261616
0.65	-7.00659e-15	0.261616
0.65	-2.54727e-15	0.261616
0.65	1.91206e-15	0.261616
0.65	-2.86567e-15	0.261616
0.65	-7.64341e-15	0.261616
0.65	-3.18408e-15	0.261616
0.65	1.27524e-15	0.261616
0.65	-1.27395e-14	0.261616
0.65	-8.28022e-15	0.261616
0.65	-3.8209e-15	0.261616
0.65	6.38426e-16	0.261616
0.65	5.09775e-15	0.261616
0.65	-8.91704e-15	0.261616
0.65	-4.45771e-15	0.261616
0.65	1.60935e-18	0.261616
0.65	0	0.275758
0.65	-1.59204e-16	0.275758
0.65	-3.18408e-16	0.275758
0.65	-4.77612e-16	0.275758
0.65	-6.36816e-16	0.275758
0.65	-7.9602e-16	0.275758
0.65	-9.55225e-16	0.275758
0.65	-1.11443e-15	0.275758
0.65	-1.27363e-15	0.275758
0.65	-1.43284e-15	0.275758
0.65	-1.59204e-15	0.275758
0.65	-6.36977e-15	0.275758
0.65	-1.91045e-15	0.275758
0.65	2.54887e-15	0.275758
0.65	-2.22886e-15	0.275758
0.65	-7.00659e-15	0.275758
0.65	-2.54727e-15	0.275758
0.65	1.91206e-15	0.275758
0.65	-2.86567e-15	0.275758
0.65	-7.64341e-15	0.275758
0.65	-3.18408e-15	0.275758
0.65	1.27524e-15	0.275758
0.65	-1.27395e-14	0.275758
0.65	-8.28022e-15	0.275758
0.65	-3.8209e-15	0.275758
0.65	6.38426e-16	0.275758
0.65	5.09775e-15	0.275758
0.65	-8.91704e-15	0.275758
0.65	-4.45771e-15	0.275758
0.65	1.60935e-18	0.275758
0.65	0	0.289899
0.65	-1.59204e-16	0.289899
0.65	-3.18408e-16	0.289899
0.65	-4.77612e-16	0.289899
0.65	-6.36816e-16	0.289899
0.65	-7.9602e-16	0.289899
0.65	-9.55225e-16	0.289899
0.65	-1.11443e-15	0.289899
0.65	-1.27363e-15	0.289899
0.65	-1.43284e-15	0.289899
0.65	-1.59204e-15	0.289899
0.65	-6.36977e-15	0.289899
0.65	-1.91045e-15	0.289899
0.65	2.54887e-15	0.289899
0.65	-2.22886e-15	0.289899
0.65	-7.00659e-15	0.289899
0.65	-2.54727e-15	0.289899
0.65	1.91206e-15	0.289899
0.65	-2.86567e-15	0.289899
0.65	-7.64341e-15	0.289899
0.65	-3.18408e-15	0.289899
0.65	1.27524e-15	0.289899
0.65	-1.27395e-14	0.289899
0.65	-8.28022e-15	0.289899
0.65	-3.8209e-15	0.289899
0.65	6.38426e-16	0.289899
0.65	5.09775e-15	0.289899
0.65	-8.91704e-15	0.289899
0.65	-4.45771e-15	0.289899
0.65	1.60935e-18	0.289899
0.65	0	0.30404
0.65	-1.59204e-16	0.30404
0.65	-3.18408e-16	0.30404
0.65	-4.77612e-16	0.30404
0.65	-6.36816e-16	0.30404
0.65	-7.9602e-16	0.30404
0.65	-9.55225e-16	0.30404
0.65	-1.11443e-15	0.30404
0.65	-1.27363e-15	0.30404
0.65	-1.43284e-15	0.30404
0.65	-1.59204e-15	0.30404
0.65	-6.36977e-15	0.30404
0.65	-1.91045e-15	0.30404
0.65	2.54887e-15	0.30404
0.65	-2.22886e-15	0.30404
0.65	-7.00659e-15	0.30404
0.65	-2.54727e-15	0.30404
0.65	1.91206e-15	0.30404
0.65	-2.86567e-15	0.30404
0.65	-7.64341e-15	0.30404
0.65	-3.18408e-15	0.30404
0.65	1.27524e-15	0.30404
0.65	-1.27395e-14	0.30404
0.65	-8.28022e-15	0.30404
0.65	-3.8209e-15	0.30404
0.65	6.38426e-16	0.30404
0.65	5.09775e-15	0.30404
0.65	-8.91704e-15	0.30404
0.65	-4.45771e-15	0.30404
0.65	1.60935e-18	0.30404
0.65	0	0.318182
0.65	-1.59204e-16	0.318182
0.65	-3.18408e-16	0.318182
0.65	-4.77612e-16	0.318182
0.65	-6.36816e-16	0.318182
0.65	-7.9602e-16	0.318182
0.65	-9.55225e-16	0.318182
0.65	-1.11443e-15	0.318182
0.65	-1.27363e-15	0.318182
0.65	-1.43284e-15	0.318182
0.65	-1.59204e-15	0.318182
0.65	-6.36977e-15	0.318182
0.65	-1.91045e-15	0.318182
0.65	2.54887e-15	0.318182
0.65	-2.22886e-15	0.318182
0.65	-7.00659e-15	0.318182
0.65	-2.54727e-15	0.318182
0.65	1.91206e-15	0.318182
0.65	-2.86567e-15	0.318182
0.65	-7.64341e-15	0.318182
0.65	-3.18408e-15	0.318182
0.65	1.27524e-15	0.318182
0.65	-1.27395e-14	0.318182
0.65	-8.28022e-15	0.318182
0.65	-3.8209e-15	0.318182
0.65	6.38426e-16	0.318182
0.65	5.09775e-15	0.318182
0.65	-8.91704e-15	0.318182
0.65	-4.45771e-15	0.318182
0.65	1.60935e-18	0.318182
0.65	0	0.332323
0.65	-1.59204e-16	0.332323
0.65	-3.18408e-16	0.332323
0.65	-4.77612e-16	0.332323
0.65	-6.36816e-16	0.332323
0.65	-7.9602e-16	0.332323
0.65	-9.55225e-16	0.332323
0.65	-1.11443e-15	0.332323
0.65	-1.27363e-15	0.332323
0.65	-1.43284e-15	0.332323
0.65	-1.59204e-15	0.332323
0.65	-6.36977e-15	0.332323
0.65	-1.91045e-15	0.332323
0.65	2.54887e-15	0.332323
0.65	-2.22886e-15	0.332323
0.65	-7.00659e-15	0.332323
0.65	-2.54727e-15	0.332323
0.65	1.91206e-15	0.332323
0.65	-2.86567e-15	0.332323
0.65	-7.64341e-15	0.332323
0.65	-3.18408e-15	0.332323
0.65	1.27524e-15	0.332323
0.65	-1.27395e-14	0.332323
0.65	-8.28022e-15	0.332323
0.65	-3.8209e-15	0.332323
0.65	6.38426e-16	0.332323
0.65	5.09775e-15	0.332323
0.65	-8.91704e-15	0.332323
0.65	-4.45771e-15	0.332323
0.65	1.60935e-18	0.332323
0.65	0	0.346465
0.65	-1.59204e-16	0.346465
0.65	-3.18408e-16	0.346465
0.65	-4.77612e-16	0.346465
0.65	-6.36816e-16	0.346465
0.65	-7.9602e-16	0.346465
0.65	-9.55225e-16	0.346465
0.65	-1.11443e-15	0.346465
0.65	-1.27363e-15	0.346465
0.65	-1.43284e-15	0.346465
0.65	-1.59204e-15	0.346465
0.65	-6.36977e-15	0.346465
0.65	-1.91045e-15	0.346465
0.65	2.54887e-15	0.346465
0.65	-2.22886e-15	0.346465
0.65	-7.00659e-15	0.346465
0.65	-2.54727e-15	0.346465
0.65	1.91206e-15	0.346465
0.65	-2.86567e-15	0.346465
0.65	-7.64341e-15	0.346465
0.65	-3.18408e-15	0.346465
0.65	1.27524e-15	0.346465
0.65	-1.27395e-14	0.346465
0.65	-8.28022e-15	0.346465
0.65	-3.8209e-15	0.346465
0.65	6.38426e-16	0.346465
0.65	5.09775e-15	0.346465
0.65	-8.91704e-15	0.346465
0.65	-4.45771e-15	0.346465
0.65	1.60935e-18	0.346465
0.65	0	0.360606
0.65	-1.59204e-16	0.360606
0.65	-3.18408e-16	0.360606
0.65	-4.77612e-16	0.360606
0.65	-6.36816e-16	0.360606
0.65	-7.9602e-16	0.360606
0.65	-9.55225e-16	0.360606
0.65	-1.11443e-15	0.360606
0.65	-1.27363e-15	0.360606
0.65	-1.43284e-15	0.360606
0.65	-1.59204e-15	0.360606
0.65	-6.36977e-15	0.360606
0.65	-1.91045e-15	0.360606
0.65	2.54887e-15	0.360606
0.65	-2.22886e-15	0.360606
0.65	-7.00659e-15	0.360606
0.65	-2.54727e-15	0.360606
0.65	1.91206e-15	0.360606
0.65	-2.86567e-15	0.360606
0.65	-7.64341e-15	0.360606
0.65	-3.18408e-15	0.360606
0.65	1.27524e-15	0.360606
0.65	-1.27395e-14	0.360606
0.65	-8.28022e-15	0.360606
0.65	-3.8209e-15	0.360606
0.65	6.38426e-16	0.360606
0.65	5.09775e-15	0.360606
0.65	-8.91704e-15	0.360606
0.65	-4.45771e-15	0.360606
0.65	1.60935e-18	0.360606
0.65	0	0.374747
0.65	-1.59204e-16	0.374747
0.65	-3.18408e-16	0.374747
0.65	-4.77612e-16	0.374747
0.65	-6.36816e-16	0.374747
0.65	-7.9602e-16	0.374747
0.65	-9.55225e-16	0.374747
0.65	-1.11443e-15	0.374747
0.65	-1.27363e-15	0.374747
0.65	-1.43284e-15	0.374747
0.65	-1.59204e-15	0.374747
0.65	-6.36977e-15	0.374747
0.65	-1.91045e-15	0.374747
0.65	2.54887e-15	0.374747
0.65	-2.22886e-15	0.374747
0.65	-7.00659e-15	0.374747
0.65	-2.54727e-15	0.374747
0.65	1.91206e-15	0.374747
0.65	-2.86567e-15	0.374747
0.65	-7.64341e-15	0.374747
0.65	-3.18408e-15	0.374747
0.65	1.27524e-15	0.374747
0.65	-1.27395e-14	0.374747
0.65	-8.28022e-15	0.374747
0.65	-3.8209e-15	0.374747
0.65	6.38426e-16	0.374747
0.65	5.09775e-15	0.374747
0.65	-8.91704e-15	0.374747
0.65	-4.45771e-15	0.374747
0.65	1.60935e-18	0.374747
0.65	0	0.388889
0.65	-1.59204e-16	0.388889
0.65	-3.18408e-16	0.388889
0.65	-4.77612e-16	0.388889
0.65	-6.36816e-16	0.388889
0.65	-7.9602e-16	0.388889
0.65	-9.55225e-16	0.388889
0.65	-1.11443e-15	0.388889
0.65	-1.27363e-15	0.388889
0.65	-1.43284e-15	0.388889
0.65	-1.59204e-15	0.388889
0.65	-6.36977e-15	0.388889
0.65	-1.91045e-15	0.388889
0.65	2.54887e-15	0.388889
0.65	-2.22886e-15	0.388889
0.65	-7.00659e-15	0.388889
0.65	-2.54727e-15	0.388889
0.65	1.91206e-15	0.388889
0.65	-2.86567e-15	0.388889
0.65	-7.64341e-15	0.388889
0.65	-3.18408e-15	0.388889
0.65	1.27524e-15	0.388889
0.65	-1.27395e-14	0.388889
0.65	-8.28022e-15	0.388889
0.65	-3.8209e-15	0.388889
0.65	6.38426e-16	0.388889
0.65	5.09775e-15	0.388889
0.65	-8.91704e-15	0.388889
0.65	-4.45771e-15	0.388889
0.65	1.60935e-18	0.388889
0.65	0	0.40303
0.65	-1.59204e-16	0.40303
0.65	-3.18408e-16	0.40303
0.65	-4.77612e-16	0.40303
0.65	-6.36816e-16	0.40303
0.65	-7.9602e-16	0.40303
0.65	-9.55225e-16	0.40303
0.65	-1.11443e-15	0.40303
0.65	-1.27363e-15	0.40303
0.65	-1.43284e-15	0.40303
0.65	-1.59204e-15	0.40303
0.65	-6.36977e-15	0.40303
0.65	-1.91045e-15	0.40303
0.65	2.54887e-15	0.40303
0.65	-2.22886e-15	0.40303
0.65	-7.00659e-15	0.40303
0.65	-2.54727e-15	0.40303
0.65	1.91206e-15	0.40303
0.65	-2.86567e-15	0.40303
0.65	-7.64341e-15	0.40303
0.65	-3.18408e-15	0.40303
0.65	1.27524e-15	0.40303
0.65	-1.27395e-14	0.40303
0.65	-8.28022e-15	0.40303
0.65	-3.8209e-15	0.40303
0.65	6.38426e-16	0.40303
0.65	5.09775e-15	0.40303
0.65	-8.91704e-15	0.40303
0.65	-4.45771e-15	0.40303
0.65	1.60935e-18	0.40303
0.65	0	0.417172
0.65	-1.59204e-16	0.417172
0.65	-3.18408e-16	0.417172
0.65	-4.77612e-16	0.417172
0.65	-6.36816e-16	0.417172
0.65	-7.9602e-16	0.417172
0.65	-9.55225e-16	0.417172
0.65	-1.11443e-15	0.417172
0.65	-1.27363e-15	0.417172
0.65	-1.43284e-15	0.417172
0.65	-1.59204e-15	0.417172
0.65	-6.36977e-15	0.417172
0.65	-1.91045e-15	0.417172
0.65	2.54887e-15	0.417172
0.65	-2.22886e-15	0.417172
0.65	-7.00659e-15	0.417172
0.65	-2.54727e-15	0.417172
0.65	1.91206e-15	0.417172
0.65	-2.86567e-15	0.417172
0.65	-7.64341e-15	0.417172
0.65	-3.18408e-15	0.417172
0.65	1.27524e-15	0.417172
0.65	-1.27395e-14	0.417172
0.65	-8.28022e-15	0.417172
0.65	-3.8209e-15	0.417172
0.65	6.38426e-16	0.417172
0.65	5.09775e-15	0.417172
0.65	-8.91704e-15	0.417172
0.65	-4.45771e-15	0.417172
0.65	1.60935e-18	0.417172
0.65	0	0.431313
0.65	-1.59204e-16	0.431313
0.65	-3.18408e-16	0.431313
0.65	-4.77612e-16	0.431313
0.65	-6.36816e-16	0.431313
0.65	-7.9602e-16	0.431313
0.65	-9.55225e-16	0.431313
0.65	-1.11443e-15	0.431313
0.65	-1.27363e-15	0.431313
0.65	-1.43284e-15	0.431313
0.65	-1.59204e-15	0.431313
0.65	-6.36977e-15	0.431313
0.65	-1.91045e-15	0.431313
0.65	2.54887e-15	0.431313
0.65	-2.22886e-15	0.431313
0.65	-7.00659e-15	0.431313
0.65	-2.54727e-15	0.431313
0.65	1.91206e-15	0.431313
0.65	-2.86567e-15	0.431313
0.65	-7.64341e-15	0.431313
0.65	-3.18408e-15	0.431313
0.65	1.27524e-15	0.431313
0.65	-1.27395e-14	0.431313
0.65	-8.28022e-15	0.431313
0.65	-3.8209e-15	0.431313
0.65	6.38426e-16	0.431313
0.65	5.09775e-15	0.431313
0.65	-8.91704e-15	0.431313
0.65	-4.45771e-15	0.431313
0.65	1.60935e-18	0.431313
0.65	0	0.445455
0.65	-1.59204e-16	0.445455
0.65	-3.18408e-16	0.445455
0.65	-4.77612e-16	0.445455
0.65	-6.36816e-16	0.445455
0.65	-7.9602e-16	0.445455
0.65	-9.55225e-16	0.445455
0.65	-1.11443e-15	0.445455
0.65	-1.27363e-15	0.445455
0.65	-1.43284e-15	0.445455
0.65	-1.59204e-15	0.445455
0.65	-6.36977e-15	0.445455
0.65	-1.91045e-15	0.445455
0.65	2.54887e-15	0.445455
0.65	-2.22886e-15	0.445455
0.65	-7.00659e-15	0.445455
0.65	-2.54727e-15	0.445455
0.65	1.91206e-15	0.445455
0.65	-2.86567e-15	0.445455
0.65	-7.64341e-15	0.445455
0.65	-3.18408e-15	0.445455
0.65	1.27524e-15	0.445455
0.65	-1.27395e-14	0.445455
0.65	-8.28022e-15	0.445455
0.65	-3.8209e-15	0.445455
0.65	6.38426e-16	0.445455
0.65	5.09775e-15	0.445455
0.65	-8.91704e-15	0.445455
0.65	-4.45771e-15	0.445455
0.65	1.60935e-18	0.445455
0.65	0	0.459596
0.65	-1.59204e-16	0.459596
0.65	-3.18408e-16	0.459596
0.65	-4.77612e-16	0.459596
0.65	-6.36816e-16	0.459596
0.65	-7.9602e-16	0.459596
0.65	-9.55225e-16	0.459596
0.65	-1.11443e-15	0.459596
0.65	-1.27363e-15	0.459596
0.65	-1.43284e-15	0.459596
0.65	-1.59204e-15	0.459596
0.65	-6.36977e-15	0.459596
0.65	-1.91045e-15	0.459596
0.65	2.54887e-15	0.459596
0.65	-2.22886e-15	0.459596
0.65	-7.00659e-15	0.459596
0.65	-2.54727e-15	0.459596
0.65	1.91206e-15	0.459596
0.65	-2.86567e-15	0.459596
0.65	-7.64341e-15	0.459596
0.65	-3.18408e-15	0.459596
0.65	1.27524e-15	0.459596
0.65	-1.27395e-14	0.459596
0.65	-8.28022e-15	0.459596
0.65	-3.8209e-15	0.459596
0.65	6.38426e-16	0.459596
0.65	5.09775e-15	0.459596
0.65	-8.91704e-15	0.459596
0.65	-4.45771e-15	0.459596
0.65	1.60935e-18	0.459596
0.65	0	0.473737
0.65	-1.59204e-16	0.473737
0.65	-3.18408e-16	0.473737
0.65	-4.77612e-16	0.473737
0.65	-6.36816e-16	0.473737
0.65	-7.9602e-16	0.473737
0.65	-9.55225e-16	0.473737
0.65	-1.11443e-15	0.473737
0.65	-1.27363e-15	0.473737
0.65	-1.43284e-15	0.473737
0.65	-1.59204e-15	0.473737
0.65	-6.36977e-15	0.473737
0.65	-1.91045e-15	0.473737
0.65	2.54887e-15	0.473737
0.65	-2.22886e-15	0.473737
0.65	-7.00659e-15	0.473737
0.65	-2.54727e-15	0.473737
0.65	1.91206e-15	0.473737
0.65	-2.86567e-15	0.473737
0.65	-7.64341e-15	0.473737
0.65	-3.18408e-15	0.473737
0.65	1.27524e-15	0.473737
0.65	-1.27395e-14	0.473737
0.65	-8.28022e-15	0.473737
0.65	-3.8209e-15	0.473737
0.65	6.38426e-16	0.473737
0.65	5.09775e-15	0.473737
0.65	-8.91704e-15	0.473737
0.65	-4.45771e-15	0.473737
0.65	1.60935e-18	0.473737
0.65	0	0.487879
0.65	-1.59204e-16	0.487879
0.65	-3.18408e-16	0.487879
0.65	-4.77612e-16	0.487879
0.65	-6.36816e-16	0.487879
0.65	-7.9602e-16	0.487879
0.65	-9.55225e-16	0.487879
0.65	-1.11443e-15	0.487879
0.65	-1.27363e-15	0.487879
0.65	-1.43284e-15	0.487879
0.65	-1.59204e-15	0.487879
0.65	-6.36977e-15	0.487879
0.65	-1.91045e-15	0.487879
0.65	2.54887e-15	0.487879
0.65	-2.22886e-15	0.487879
0.65	-7.00659e-15	0.487879
0.65	-2.54727e-15	0.487879
0.65	1.91206e-15	0.487879
0.65	-2.86567e-15	0.487879
0.65	-7.64341e-15	0.487879
0.65	-3.18408e-15	0.487879
0.65	1.27524e-15	0.487879
0.65	-1.27395e-14	0.487879
0.65	-8.28022e-15	0.487879
0.65	-3.8209e-15	0.487879
0.65	6.38426e-16	0.487879
0.65	5.09775e-15	0.487879
0.65	-8.91704e-15	0.487879
0.65	-4.45771e-15	0.487879
0.65	1.60935e-18	0.487879
0.65	0	0.50202
0.65	-1.59204e-16	0.50202
0.65	-3.18408e-16	0.50202
0.65	-4.77612e-16	0.50202
0.65	-6.36816e-16	0.50202
0.65	-7.9602e-16	0.50202
0.65	-9.55225e-16	0.50202
0.65	-1.11443e-15	0.50202
0.65	-1.27363e-15	0.50202
0.65	-1.43284e-15	0.50202
0.65	-1.59204e-15	0.50202
0.65	-6.36977e-15	0.50202
0.65	-1.91045e-15	0.50202
0.65	2.54887e-15	0.50202
0.65	-2.22886e-15	0.50202
0.65	-7.00659e-15	0.50202
0.65	-2.54727e-15	0.50202
0.65	1.91206e-15	0.50202
0.65	-2.86567e-15	0.50202
0.65	-7.64341e-15	0.50202
0.65	-3.18408e-15	0.50202
0.65	1.27524e-15	0.50202
0.65	-1.27395e-14	0.50202
0.65	-8.28022e-15	0.50202
0.65	-3.8209e-15	0.50202
0.65	6.38426e-16	0.50202
0.65	5.09775e-15	0.50202
0.65	-8.91704e-15	0.50202
0.65	-4.45771e-15	0.50202
0.65	1.60935e-18	0.50202
0.65	0	0.516162
0.65	-1.59204e-16	0.516162
0.65	-3.18408e-16	0.516162
0.65	-4.77612e-16	0.516162
0.65	-6.36816e-16	0.516162
0.65	-7.9602e-16	0.516162
0.65	-9.55225e-16	0.516162
0.65	-1.11443e-15	0.516162
0.65	-1.27363e-15	0.516162
0.65	-1.43284e-15	0.516162
0.65	-1.59204e-15	0.516162
0.65	-6.36977e-15	0.516162
0.65	-1.91045e-15	0.516162
0.65	2.54887e-15	0.516162
0.65	-2.22886e-15	0.516162
0.65	-7.00659e-15	0.516162
0.65	-2.54727e-15	0.516162
0.65	1.91206e-15	0.516162
0.65	-2.86567e-15	0.516162
0.65	-7.64341e-15	0.516162
0.65	-3.18408e-15	0.516162
0.65	1.27524e-15	0.516162
0.65	-1.27395e-14	0.516162
0.65	-8.28022e-15	0.516162
0.65	-3.8209e-15	0.516162
0.65	6.38426e-16	0.516162
0.65	5.09775e-15	0.516162
0.65	-8.91704e-15	0.516162
0.65	-4.45771e-15	0.516162
0.65	1.60935e-18	0.516162
0.65	0	0.530303
0.65	-1.59204e-16	0.530303
0.65	-3.18408e-16	0.530303
0.65	-4.77612e-16	0.530303
0.65	-6.36816e-16	0.530303
0.65	-7.9602e-16	0.530303
0.65	-9.55225e-16	0.530303
0.65	-1.11443e-15	0.530303
0.65	-1.27363e-15	0.530303
0.65	-1.43284e-15	0.530303
0.65	-1.59204e-15	0.530303
0.65	-6.36977e-15	0.530303
0.65	-1.91045e-15	0.530303
0.65	2.54887e-15	0.530303
0.65	-2.22886e-15	0.530303
0.65	-7.00659e-15	0.530303
0.65	-2.54727e-15	0.530303
0.65	1.91206e-15	0.530303
0.65	-2.86567e-15	0.530303
0.65	-7.64341e-15	0.530303
0.65	-3.18408e-15	0.530303
0.65	1.27524e-15	0.530303
0.65	-1.27395e-14	0.530303
0.65	-8.28022e-15	0.530303
0.65	-3.8209e-15	0.530303
0.65	6.38426e-16	0.530303
0.65	5.09775e-15	0.530303
0.65	-8.91704e-15	0.530303
0.65	-4.45771e-15	0.530303
0.65	1.60935e-18	0.530303
0.65	0	0.544444
0.65	-1.59204e-16	0.544444
0.65	-3.18408e-16	0.544444
0.65	-4.77612e-16	0.544444
0.65	-6.36816e-16	0.544444
0.65	-7.9602e-16	0.544444
0.65	-9.55225e-16	0.544444
0.65	-1.11443e-15	0.544444
0.65	-1.27363e-15	0.544444
0.65	-1.43284e-15	0.544444
0.65	-1.59204e-15	0.544444
0.65	-6.36977e-15	0.544444
0.65	-1.91045e-15	0.544444
0.65	2.54887e-15	0.544444
0.65	-2.22886e-15	0.544444
0.65	-7.00659e-15	0.544444
0.65	-2.54727e-15	0.544444
0.65	1.91206e-15	0.544444
0.65	-2.86567e-15	0.544444
0.65	-7.64341e-15	0.544444
0.65	-3.18408e-15	0.544444
0.65	1.27524e-15	0.544444
0.65	-1.27395e-14	0.544444
0.65	-8.28022e-15	0.544444
0.65	-3.8209e-15	0.544444
0.65	6.38426e-16	0.544444
0.65	5.09775e-15	0.544444
0.65	-8.91704e-15	0.544444
0.65	-4.45771e-15	0.544444
0.65	1.60935e-18	0.544444
0.65	0	0.558586
0.65	-1.59204e-16	0.558586
0.65	-3.18408e-16	0.558586
0.65	-4.77612e-16	0.558586
0.65	-6.36816e-16	0.558586
0.65	-7.9602e-16	0.558586
0.65	-9.55225e-16	0.558586
0.65	-1.11443e-15	0.558586
0.65	-1.27363e-15	0.558586
0.65	-1.43284e-15	0.558586
0.65	-1.59204e-15	0.558586
0.65	-6.36977e-15	0.558586
0.65	-1.91045e-15	0.558586
0.65	2.54887e-15	0.558586
0.65	-2.22886e-15	0.558586
0.65	-7.00659e-15	0.558586
0.65	-2.54727e-15	0.558586
0.65	1.91206e-15	0.558586
0.65	-2.86567e-15	0.558586
0.65	-7.64341e-15	0.558586
0.65	-3.18408e-15	0.558586
0.65	1.27524e-15	0.558586
0.65	-1.27395e-14	0.558586
0.65	-8.28022e-15	0.558586
0.65	-3.8209e-15	0.558586
0.65	6.38426e-16	0.558586
0.65	5.09775e-15	0.558586
0.65	-8.91704e-15	0.558586
0.65	-4.45771e-15	0.558586
0.65	1.60935e-18	0.558586
0.65	0	0.572727
0.65	-1.59204e-16	0.572727
0.65	-3.18408e-16	0.572727
0.65	-4.77612e-16	0.572727
0.65	-6.36816e-16	0.572727
0.65	-7.9602e-16	0.572727
0.65	-9.55225e-16	0.572727
0.65	-1.11443e-15	0.572727
0.65	-1.27363e-15	0.572727
0.65	-1.43284e-15	0.572727
0.65	-1.59204e-15	0.572727
0.65	-6.36977e-15	0.572727
0.65	-1.91045e-15	0.572727
0.65	2.54887e-15	0.572727
0.65	-2.22886e-15	0.572727
0.65	-7.00659e-15	0.572727
0.65	-2.54727e-15	0.572727
0.65	1.91206e-15	0.572727
0.65	-2.86567e-15	0.572727
0.65	-7.64341e-15	0.572727
0.65	-3.18408e-15	0.572727
0.65	1.27524e-15	0.572727
0.65	-1.27395e-14	0.572727
0.65	-8.28022e-15	0.572727
0.65	-3.8209e-15	0.572727
0.65	6.38426e-16	0.572727
0.65	5.09775e-15	0.572727
0.65	-8.91704e-15	0.572727
0.65	-4.45771e-15	0.572727
0.65	1.60935e-18	0.572727
0.65	0	0.586869
0.65	-1.59204e-16	0.586869
0.65	-3.18408e-16	0.586869
0.65	-4.77612e-16	0.586869
0.65	-6.36816e-16	0.586869
0.65	-7.9602e-16	0.586869
0.65	-9.55225e-16	0.586869
0.65	-1.11443e-15	0.586869
0.65	-1.27363e-15	0.586869
0.65	-1.43284e-15	0.586869
0.65	-1.59204e-15	0.586869
0.65	-6.36977e-15	0.586869
0.65	-1.91045e-15	0.586869
0.65	2.54887e-15	0.586869
0.65	-2.22886e-15	0.586869
0.65	-7.00659e-15	0.586869
0.65	-2.54727e-15	0.586869
0.65	1.91206e-15	0.586869
0.65	-2.86567e-15	0.586869
0.65	-7.64341e-15	0.586869
0.65	-3.18408e-15	0.586869
0.65	1.27524e-15	0.586869
0.65	-1.27395e-14	0.586869
0.65	-8.28022e-15	0.586869
0.65	-3.8209e-15	0.586869
0.65	6.38426e-16	0.586869
0.65	5.09775e-15	0.586869
0.65	-8.91704e-15	0.586869
0.65	-4.45771e-15	0.586869
0.65	1.60935e-18	0.586869
0.65	0	0.60101
0.65	-1.59204e-16	0.60101
0.65	-3.18408e-16	0.60101
0.65	-4.77612e-16	0.60101
0.65	-6.36816e-16	0.60101
0.65	-7.9602e-16	0.60101
0.65	-9.55225e-16	0.60101
0.65	-1.11443e-15	0.60101
0.65	-1.27363e-15	0.60101
0.65	-1.43284e-15	0.60101
0.65	-1.59204e-15	0.60101
0.65	-6.36977e-15	0.60101
0.65	-1.91045e-15	0.60101
0.65	2.54887e-15	0.60101
0.65	-2.22886e-15	0.60101
0.65	-7.00659e-15	0.60101
0.65	-2.54727e-15	0.60101
0.65	1.91206e-15	0.60101
0.65	-2.86567e-15	0.60101
0.65	-7.64341e-15	0.60101
0.65	-3.18408e-15	0.60101
0.65	1.27524e-15	0.60101
0.65	-1.27395e-14	0.60101
0.65	-8.28022e-15	0.60101
0.65	-3.8209e-15	0.60101
0.65	6.38426e-16	0.60101
0.65	5.09775e-15	0.60101
0.65	-8.91704e-15	0.60101
0.65	-4.45771e-15	0.60101
0.65	1.60935e-18	0.60101
0.65	0	0.615152
0.65	-1.59204e-16	0.615152
0.65	-3.18408e-16	0.615152
0.65	-4.77612e-16	0.615152
0.65	-6.36816e-16	0.615152
0.65	-7.9602e-16	0.615152
0.65	-9.55225e-16	0.615152
0.65	-1.11443e-15	0.615152
0.65	-1.27363e-15	0.615152
0.65	-1.43284e-15	0.615152
0.65	-1.59204e-15	0.615152
0.65	-6.36977e-15	0.615152
0.65	-1.91045e-15	0.615152
0.65	2.54887e-15	0.615152
0.65	-2.22886e-15	0.615152
0.65	-7.00659e-15	0.615152
0.65	-2.54727e-15	0.615152
0.65	1.91206e-15	0.615152
0.65	-2.86567e-15	0.615152
0.65	-7.64341e-15	0.615152
0.65	-3.18408e-15	0.615152
0.65	1.27524e-15	0.615152
0.65	-1.27395e-14	0.615152
0.65	-8.28022e-15	0.615152
0.65	-3.8209e-15	0.615152
0.65	6.38426e-16	0.615152
0.65	5.09775e-15	0.615152
0.65	-8.91704e-15	0.615152
0.65	-4.45771e-15	0.615152
0.65	1.60935e-18	0.615152
0.65	0	0.629293
0.65	-1.59204e-16	0.629293
0.65	-3.18408e-16	0.629293
0.65	-4.77612e-16	0.629293
0.65	-6.36816e-16	0.629293
0.65	-7.9602e-16	0.629293
0.65	-9.55225e-16	0.629293
0.65	-1.11443e-15	0.629293
0.65	-1.27363e-15	0.629293
0.65	-1.43284e-15	0.629293
0.65	-1.59204e-15	0.629293
0.65	-6.36977e-15	0.629293
0.65	-1.91045e-15	0.629293
0.65	2.54887e-15	0.629293
0.65	-2.22886e-15	0.629293
0.65	-7.00659e-15	0.629293
0.65	-2.54727e-15	0.629293
0.65	1.91206e-15	0.629293
0.65	-2.86567e-15	0.629293
0.65	-7.64341e-15	0.629293
0.65	-3.18408e-15	0.629293
0.65	1.27524e-15	0.629293
0.65	-1.27395e-14	0.629293
0.65	-8.28022e-15	0.629293
0.65	-3.8209e-15	0.629293
0.65	6.38426e-16	0.629293
0.65	5.09775e-15	0.629293
0.65	-8.91704e-15	0.629293
0.65	-4.45771e-15	0.629293
0.65	1.60935e-18	0.629293
0.65	0	0.643434
0.65	-1.59204e-16	0.643434
0.65	-3.18408e-16	0.643434
0.65	-4.77612e-16	0.643434
0.65	-6.36816e-16	0.643434
0.65	-7.9602e-16	0.643434
0.65	-9.55225e-16	0.643434
0.65	-1.11443e-15	0.643434
0.65	-1.27363e-15	0.643434
0.65	-1.43284e-15	0.643434
0.65	-1.59204e-15	0.643434
0.65	-6.36977e-15	0.643434
0.65	-1.91045e-15	0.643434
0.65	2.54887e-15	0.643434
0.65	-2.22886e-15	0.643434
0.65	-7.00659e-15	0.643434
0.65	-2.54727e-15	0.643434
0.65	1.91206e-15	0.643434
0.65	-2.86567e-15	0.643434
0.65	-7.64341e-15	0.643434
0.65	-3.18408e-15	0.643434
0.65	1.27524e-15	0.643434
0.65	-1.27395e-14	0.643434
0.65	-8.28022e-15	0.643434
0.65	-3.8209e-15	0.643434
0.65	6.38426e-16	0.643434
0.65	5.09775e-15	0.643434
0.65	-8.91704e-15	0.643434
0.65	-4.45771e-15	0.643434
0.65	1.60935e-18	0.643434
0.65	0	0.657576
0.65	-1.59204e-16	0.657576
0.65	-3.18408e-16	0.657576
0.65	-4.77612e-16	0.657576
0.65	-6.36816e-16	0.657576
0.65	-7.9602e-16	0.657576
0.65	-9.55225e-16	0.657576
0.65	-1.11443e-15	0.657576
0.65	-1.27363e-15	0.657576
0.65	-1.43284e-15	0.657576
0.65	-1.59204e-15	0.657576
0.65	-6.36977e-15	0.657576
0.65	-1.91045e-15	0.657576
0.65	2.54887e-15	0.657576
0.65	-2.22886e-15	0.657576
0.65	-7.00659e-15	0.657576
0.65	-2.54727e-15	0.657576
0.65	1.91206e-15	0.657576
0.65	-2.86567e-15	0.657576
0.65	-7.64341e-15	0.657576
0.65	-3.18408e-15	0.657576
0.65	1.27524e-15	0.657576
0.65	-1.27395e-14	0.657576
0.65	-8.28022e-15	0.657576
0.65	-3.8209e-15	0.657576
0.65	6.38426e-16	0.657576
0.65	5.09775e-15	0.657576
0.65	-8.91704e-15	0.657576
0.65	-4.45771e-15	0.657576
0.65	1.60935e-18	0.657576
0.65	0	0.671717
0.65	-1.59204e-16	0.671717
0.65	-3.18408e-16	0.671717
0.65	-4.77612e-16	0.671717
0.65	-6.36816e-16	0.671717
0.65	-7.9602e-16	0.671717
0.65	-9.55225e-16	0.671717
0.65	-1.11443e-15	0.671717
0.65	-1.27363e-15	0.671717
0.65	-1.43284e-15	0.671717
0.65	-1.59204e-15	0.671717
0.65	-6.36977e-15	0.671717
0.65	-1.91045e-15	0.671717
0.65	2.54887e-15	0.671717
0.65	-2.22886e-15	0.671717
0.65	-7.00659e-15	0.671717
0.65	-2.54727e-15	0.671717
0.65	1.91206e-15	0.671717
0.65	-2.86567e-15	0.671717
0.65	-7.64341e-15	0.671717
0.65	-3.18408e-15	0.671717
0.65	1.27524e-15	0.671717
0.65	-1.27395e-14	0.671717
0.65	-8.28022e-15	0.671717
0.65	-3.8209e-15	0.671717
0.65	6.38426e-16	0.671717
0.65	5.09775e-15	0.671717
0.65	-8.91704e-15	0.671717
0.65	-4.45771e-15	0.671717
0.65	1.60935e-18	0.671717
0.65	0	0.685859
0.65	-1.59204e-16	0.685859
0.65	-3.18408e-16	0.685859
0.65	-4.77612e-16	0.685859
0.65	-6.36816e-16	0.685859
0.65	-7.9602e-16	0.685859
0.65	-9.55225e-16	0.685859
0.65	-1.11443e-15	0.685859
0.65	-1.27363e-15	0.685859
0.65	-1.43284e-15	0.685859
0.65	-1.59204e-15	0.685859
0.65	-6.36977e-15	0.685859
0.65	-1.91045e-15	0.685859
0.65	2.54887e-15	0.685859
0.65	-2.22886e-15	0.685859
0.65	-7.00659e-15	0.685859
0.65	-2.54727e-15	0.685859
0.65	1.91206e-15	0.685859
0.65	-2.86567e-15	0.685859
0.65	-7.64341e-15	0.685859
0.65	-3.18408e-15	0.685859
0.65	1.27524e-15	0.685859
0.65	-1.27395e-14	0.685859
0.65	-8.28022e-15	0.685859
0.65	-3.8209e-15	0.685859
0.65	6.38426e-16	0.685859
0.65	5.09775e-15	0.685859
0.65	-8.91704e-15	0.685859
0.65	-4.45771e-15	0.685859
0.65	1.60935e-18	0.685859
0.65	0	0.7
0.65	-1.59204e-16	0.7
0.65	-3.18408e-16	0.7
0.65	-4.77612e-16	0.7
0.65	-6.36816e-16	0.7
0.65	-7.9602e-16	0.7
0.65	-9.55225e-16	0.7
0.65	-1.11443e-15	0.7
0.65	-1.27363e-15	0.7
0.65	-1.43284e-15	0.7
0.65	-1.59204e-15	0.7
0.65	-6.36977e-15	0.7
0.65	-1.91045e-15	0.7
0.65	2.54887e-15	0.7
0.65	-2.22886e-15	0.7
0.65	-7.00659e-15	0.7
0.65	-2.54727e-15	0.7
0.65	1.91206e-15	0.7
0.65	-2.86567e-15	0.7
0.65	-7.64341e-15	0.7
0.65	-3.18408e-15	0.7
0.65	1.27524e-15	0.7
0.65	-1.27395e-14	0.7
0.65	-8.28022e-15	0.7
0.65	-3.8209e-15	0.7
0.65	6.38426e-16	0.7
0.65	5.09775e-15	0.7
0.65	-8.91704e-15	0.7
0.65	-4.45771e-15	0.7
0.65	1.60935e-18	0.7
