-10	
-9.79798	-0.0927281	0.898906	-1.32287	0.693181	-0.472791	0.296285	
-9.59596	-0.0908061	0.902701	-1.31827	0.693631	-0.478348	0.291074	
-9.39394	-0.0888858	0.90651	-1.31366	0.694043	-0.483834	0.285814	
-9.19192	-0.0869673	0.910332	-1.30905	0.694416	-0.489249	0.280506	
-8.9899	-0.0850506	0.914168	-1.30443	0.694751	-0.494593	0.275152	
-8.78788	-0.0831356	0.918017	-1.29982	0.695046	-0.499865	0.269751	
-8.58586	-0.0812222	0.921879	-1.2952	0.695301	-0.505064	0.264306	
-8.38384	-0.0793105	0.925755	-1.29059	0.695515	-0.510191	0.258815	
-8.18182	-0.0774003	0.929644	-1.28597	0.695688	-0.515245	0.253281	
-7.9798	-0.0754918	0.933547	-1.28135	0.695819	-0.520227	0.247703	
-7.77778	-0.0735847	0.937462	-1.27673	0.695907	-0.525135	0.242083	
-7.57576	-0.0716791	0.941392	-1.27211	0.695952	-0.52997	0.236422	
-7.37374	-0.069775	0.945334	-1.2675	0.695953	-0.534731	0.23072	
-7.17172	-0.0678723	0.949289	-1.26288	0.69591	-0.539419	0.224978	
-6.9697	-0.065971	0.953258	-1.25827	0.695821	-0.544033	0.219197	
-6.76768	-0.064071	0.95724	-1.25366	0.695687	-0.548573	0.213378	
-6.56566	-0.0621724	0.961234	-1.24905	0.695507	-0.553039	0.207521	
-6.36364	-0.060275	0.965242	-1.24444	0.69528	-0.557431	0.201628	
-6.16162	-0.0583788	0.969263	-1.23984	0.695005	-0.561749	0.1957	
-5.9596	-0.0564838	0.973296	-1.23523	0.694682	-0.565993	0.189737	
-5.75758	-0.05459	0.977343	-1.23064	0.69431	-0.570164	0.183741	
-5.55556	-0.0526973	0.981402	-1.22604	0.693889	-0.57426	0.177712	
-5.35354	-0.0508056	0.985474	-1.22145	0.693418	-0.578282	0.171652	
-5.15152	-0.048915	0.989559	-1.21687	0.692896	-0.582231	0.165561	
-4.94949	-0.0470255	0.993656	-1.21229	0.692323	-0.586105	0.15944	
-4.74747	-0.0451368	0.997766	-1.20771	0.691698	-0.589906	0.153291	
-4.54545	-0.0432491	1.00189	-1.20314	0.691021	-0.593634	0.147114	
-4.34343	-0.0413623	1.00602	-1.19857	0.690291	-0.597288	0.140911	
-4.14141	-0.0394764	1.01017	-1.19401	0.689507	-0.600869	0.134683	
-3.93939	-0.0375913	1.01433	-1.18946	0.688668	-0.604377	0.12843	
-3.73737	-0.0357069	1.0185	-1.18491	0.687775	-0.607812	0.122154	
-3.53535	-0.0338233	1.02268	-1.18037	0.686827	-0.611174	0.115856	
-3.33333	-0.0319404	1.02688	-1.17583	0.685822	-0.614464	0.109537	
-3.13131	-0.0300581	1.03109	-1.1713	0.684761	-0.617682	0.103197	
-2.92929	-0.0281764	1.03531	-1.16678	0.683642	-0.620828	0.0968395	
-2.72727	-0.0262954	1.03954	-1.16227	0.682466	-0.623902	0.0904639	
-2.52525	-0.0244149	1.04378	-1.15776	0.681231	-0.626905	0.0840717	
-2.32323	-0.0225349	1.04803	-1.15326	0.679938	-0.629837	0.0776642	
-2.12121	-0.0206553	1.0523	-1.14877	0.678585	-0.632699	0.0712424	
-1.91919	-0.0187762	1.05657	-1.14429	0.677172	-0.63549	0.0648076	
-1.71717	-0.0168975	1.06086	-1.13981	0.675698	-0.638211	0.0583608	
-1.51515	-0.0150191	1.06516	-1.13535	0.674163	-0.640863	0.0519034	
-1.31313	-0.013141	1.06947	-1.13089	0.672566	-0.643445	0.0454364	
-1.11111	-0.0112632	1.07379	-1.12644	0.670907	-0.645958	0.038961	
-0.909091	-0.00938566	1.07812	-1.122	0.669185	-0.648403	0.0324785	
-0.707071	-0.0075083	1.08247	-1.11757	0.6674	-0.65078	0.02599	
-0.505051	-0.00563109	1.08682	-1.11315	0.665551	-0.653089	0.0194967	
-0.30303	-0.003754	1.09118	-1.10873	0.663638	-0.655332	0.0129998	
-0.10101	-0.00187698	1.09555	-1.10433	0.66166	-0.657507	0.00650049	
0.10101	-5.22813e-09	1.09994	-1.09994	0.659616	-0.659616	-8.24341e-14	
0.30303	0.00187697	1.10433	-1.09555	0.657507	-0.66166	-0.00650049	
0.505051	0.00375399	1.10873	-1.09118	0.655332	-0.663638	-0.0129998	
0.707071	0.00563108	1.11315	-1.08682	0.653089	-0.665551	-0.0194967	
0.909091	0.00750829	1.11757	-1.08247	0.65078	-0.6674	-0.02599	
1.11111	0.00938565	1.122	-1.07812	0.648403	-0.669185	-0.0324785	
1.31313	0.0112632	1.12644	-1.07379	0.645958	-0.670907	-0.038961	
1.51515	0.013141	1.13089	-1.06947	0.643445	-0.672566	-0.0454364	
1.71717	0.0150191	1.13535	-1.06516	0.640863	-0.674163	-0.0519034	
1.91919	0.0168975	1.13981	-1.06086	0.638211	-0.675698	-0.0583608	
2.12121	0.0187762	1.14429	-1.05657	0.63549	-0.677172	-0.0648076	
2.32323	0.0206553	1.14877	-1.0523	0.632699	-0.678585	-0.0712424	
2.52525	0.0225348	1.15326	-1.04803	0.629837	-0.679938	-0.0776642	
2.72727	0.0244149	1.15776	-1.04378	0.626905	-0.681231	-0.0840717	
2.92929	0.0262954	1.16227	-1.03954	0.623902	-0.682466	-0.0904639	
3.13131	0.0281764	1.16678	-1.03531	0.620828	-0.683642	-0.0968395	
3.33333	0.0300581	1.1713	-1.03109	0.617682	-0.684761	-0.103197	
3.53535	0.0319403	1.17583	-1.02688	0.614464	-0.685822	-0.109537	
3.73737	0.0338233	1.18037	-1.02268	0.611174	-0.686827	-0.115856	
3.93939	0.0357069	1.18491	-1.0185	0.607812	-0.687775	-0.122154	
4.14141	0.0375913	1.18946	-1.01433	0.604377	-0.688668	-0.12843	
4.34343	0.0394764	1.19401	-1.01017	0.600869	-0.689507	-0.134683	
4.54545	0.0413623	1.19857	-1.00602	0.597288	-0.690291	-0.140911	
4.74747	0.0432491	1.20314	-1.00189	0.593634	-0.691021	-0.147114	
4.94949	0.0451368	1.20771	-0.997766	0.589906	-0.691698	-0.153291	
5.15152	0.0470254	1.21229	-0.993656	0.586105	-0.692323	-0.15944	
5.35354	0.048915	1.21687	-0.989559	0.582231	-0.692896	-0.165561	
5.55556	0.0508056	1.22145	-0.985474	0.578282	-0.693418	-0.171652	
5.75758	0.0526973	1.22604	-0.981402	0.57426	-0.693889	-0.177712	
5.9596	0.05459	1.23064	-0.977343	0.570164	-0.69431	-0.183741	
6.16162	0.0564838	1.23523	-0.973296	0.565993	-0.694682	-0.189737	
6.36364	0.0583788	1.23984	-0.969263	0.561749	-0.695005	-0.1957	
6.56566	0.060275	1.24444	-0.965242	0.557431	-0.69528	-0.201628	
6.76768	0.0621724	1.24905	-0.961234	0.553039	-0.695507	-0.207521	
6.9697	0.064071	1.25366	-0.95724	0.548573	-0.695687	-0.213378	
7.17172	0.065971	1.25827	-0.953258	0.544033	-0.695821	-0.219197	
7.37374	0.0678723	1.26288	-0.949289	0.539419	-0.69591	-0.224978	
7.57576	0.069775	1.2675	-0.945334	0.534731	-0.695953	-0.23072	
7.77778	0.0716791	1.27211	-0.941392	0.52997	-0.695952	-0.236422	
7.9798	0.0735847	1.27673	-0.937462	0.525135	-0.695907	-0.242083	
8.18182	0.0754917	1.28135	-0.933547	0.520227	-0.695819	-0.247703	
8.38384	0.0774003	1.28597	-0.929644	0.515245	-0.695688	-0.253281	
8.58586	0.0793105	1.29059	-0.925755	0.510191	-0.695515	-0.258815	
8.78788	0.0812222	1.2952	-0.921879	0.505064	-0.695301	-0.264306	
8.9899	0.0831356	1.29982	-0.918017	0.499865	-0.695046	-0.269751	
9.19192	0.0850506	1.30443	-0.914168	0.494593	-0.694751	-0.275152	
9.39394	0.0869673	1.30905	-0.910332	0.489249	-0.694416	-0.280506	
9.59596	0.0888858	1.31366	-0.90651	0.483834	-0.694043	-0.285814	
9.79798	0.0908061	1.31827	-0.902701	0.478348	-0.693631	-0.291074	
10	0.0927281	1.32287	-0.898906	0.472791	-0.693181	-0.296285	
