2.993333333333334	125	1427.876769339588918	29365.728977636164927	0.015000000000000	0.087500000000000	0.897500000000000
2.993333333333334	126	1427.782288171592199	29366.390307532670704	0.015000000000000	0.087500000000000	0.897500000000000
2.993333333333334	127	1429.663087182703521	29356.337287532882328	0.012500000000000	0.097500000000000	0.890000000000000
2.993333333333334	128	1429.689213169353025	29356.347751300727396	0.012500000000000	0.097500000000000	0.890000000000000
2.993333333333334	129	1429.430213375399717	29356.063764159127459	0.012500000000000	0.097500000000000	0.890000000000000
2.993333333333334	130	1428.775817690592248	29355.176676206978300	0.012500000000000	0.097500000000000	0.890000000000000
2.993333333333334	131	1428.784209156455063	29355.133604375241703	0.012500000000000	0.097500000000000	0.890000000000000
2.993333333333334	132	1428.328492714678987	29355.014069621549424	0.012500000000000	0.097500000000000	0.890000000000000
2.993333333333334	133	1428.512363198272396	29356.226466642412561	0.012500000000000	0.097500000000000	0.890000000000000
2.993333333333334	134	1429.965356696404342	29357.764967448667448	0.012500000000000	0.097500000000000	0.890000000000000
2.993333333333334	135	1429.835499051193892	29357.195463227792061	0.012500000000000	0.097500000000000	0.890000000000000
2.993333333333334	136	1429.615045474925182	29359.889592329716834	0.012500000000000	0.097500000000000	0.890000000000000
2.993333333333334	137	1430.862272257728591	29633.709187141936127	0.012500000000000	0.095000000000000	0.892500000000000
2.993333333333334	138	1432.013062709685528	29670.318892110019078	0.012500000000000	0.095000000000000	0.892500000000000
2.993333333333334	139	1433.502654347607404	29669.661770893555513	0.012500000000000	0.095000000000000	0.892500000000000
2.993589743589744	50	674.858766848593177	24332.303413656663906	0.180000000000000	0.060000000000000	0.760000000000000
2.993589743589744	51	670.497521320023679	24333.618910311950458	0.180000000000000	0.060000000000000	0.760000000000000
2.993589743589744	52	672.210529481651633	24328.057732092671358	0.180000000000000	0.062500000000000	0.757500000000000
2.993589743589744	53	670.978819548538922	24320.462844941990625	0.177500000000000	0.065000000000000	0.757500000000000
2.993589743589744	54	670.822738953661883	24341.205195409129374	0.177500000000000	0.067500000000000	0.755000000000000
2.993589743589744	55	671.099115396793536	24340.319604204400093	0.177500000000000	0.067500000000000	0.755000000000000
2.993589743589744	56	671.113931129455182	24340.213075605839549	0.177500000000000	0.067500000000000	0.755000000000000
2.993589743589744	57	689.070293875797006	24144.420041763009067	0.180000000000000	0.072500000000000	0.747500000000000
2.993589743589744	58	896.023892290632375	26026.991221032094472	0.135000000000000	0.060000000000000	0.805000000000000
2.993589743589744	59	898.154630800609652	26036.361070555118204	0.132500000000000	0.067500000000000	0.800000000000000
2.993589743589744	60	897.330102677042078	26035.412144394886127	0.132500000000000	0.065000000000000	0.802500000000000
2.993589743589744	61	897.309712302566027	26035.350002213734115	0.132500000000000	0.065000000000000	0.802500000000000
2.993589743589744	62	897.383095209625253	26039.759580696209014	0.132500000000000	0.065000000000000	0.802500000000000
2.993589743589744	63	897.826936306152561	26038.310775620764616	0.132500000000000	0.067500000000000	0.800000000000000
2.993589743589744	64	898.352423989020281	26038.956625297119899	0.132500000000000	0.065000000000000	0.802500000000000
2.993589743589744	65	901.695192378020920	26039.675261656666407	0.132500000000000	0.075000000000000	0.792500000000000
2.993589743589744	66	901.838908053350906	26040.860285990296688	0.132500000000000	0.075000000000000	0.792500000000000
2.993589743589744	67	905.810036136946678	26066.179219248228037	0.132500000000000	0.075000000000000	0.792500000000000
2.993589743589744	68	905.678536990096518	26065.534217641587020	0.132500000000000	0.072500000000000	0.795000000000000
2.993589743589744	69	905.781220655449260	26064.484261605666688	0.132500000000000	0.072500000000000	0.795000000000000
2.993589743589744	70	905.805341449016623	26064.625902631178178	0.132500000000000	0.072500000000000	0.795000000000000
2.993589743589744	71	905.603462335193285	26065.961564360426564	0.132500000000000	0.072500000000000	0.795000000000000
2.993589743589744	72	903.523966809074182	26041.277701768853149	0.132500000000000	0.072500000000000	0.795000000000000
2.993589743589744	73	899.119409735780778	26054.523224491149449	0.132500000000000	0.077500000000000	0.790000000000000
2.993589743589744	74	899.150692126097624	26054.373752363975655	0.135000000000000	0.075000000000000	0.790000000000000
2.993589743589744	75	899.121846101992901	26054.376345033251710	0.135000000000000	0.075000000000000	0.790000000000000
2.993589743589744	76	943.570272359986575	26323.733953650946205	0.127500000000000	0.075000000000000	0.797500000000000
2.993589743589744	77	943.581774097303537	26323.785668124979566	0.127500000000000	0.075000000000000	0.797500000000000
2.993589743589744	78	943.565595420951581	26320.585048828615982	0.127500000000000	0.077500000000000	0.795000000000000
2.993589743589744	79	943.330206212906432	26319.084989848095574	0.127500000000000	0.085000000000000	0.787500000000000
2.993589743589744	80	942.783135563550672	26318.837319366404699	0.127500000000000	0.085000000000000	0.787500000000000
2.993589743589744	81	944.508946394613872	26328.563118823542027	0.127500000000000	0.087500000000000	0.785000000000000
2.993589743589744	82	943.802637896662986	26266.226621862733737	0.125000000000000	0.092500000000000	0.782500000000000
2.993589743589744	83	945.066277863078994	26273.209789109743724	0.127500000000000	0.095000000000000	0.777500000000000
2.993589743589744	84	942.291877837600737	26233.458529595645814	0.127500000000000	0.097500000000000	0.775000000000000
2.993589743589744	85	942.491482933387829	26233.513568840600783	0.127500000000000	0.097500000000000	0.775000000000000
2.993589743589744	86	942.374952242137738	26236.031101279990253	0.127500000000000	0.097500000000000	0.775000000000000
2.993589743589744	87	942.524876551262423	26236.419861685637443	0.127500000000000	0.097500000000000	0.775000000000000
2.993589743589744	88	1133.189461404403573	28080.690647234139760	0.065000000000000	0.072500000000000	0.862500000000000
2.993589743589744	89	1132.494111938327933	28070.981947355870943	0.062500000000000	0.075000000000000	0.862500000000000
2.993589743589744	90	1140.105882519553461	28078.523226750654430	0.065000000000000	0.077500000000000	0.857500000000000
2.993589743589744	91	1140.541447714329024	28080.991813744105457	0.065000000000000	0.077500000000000	0.857500000000000
2.993589743589744	92	1138.933424762219602	28059.651919209212792	0.060000000000000	0.082500000000000	0.857500000000000
2.993589743589744	93	1138.818216974832239	28061.047974424782296	0.060000000000000	0.082500000000000	0.857500000000000
2.993589743589744	94	1139.101802810450181	28059.790859023658413	0.060000000000000	0.082500000000000	0.857500000000000
2.993589743589744	95	1141.635381205503791	28068.196690830369334	0.060000000000000	0.085000000000000	0.855000000000000
2.993589743589744	96	1142.183085804414759	28070.503069431775657	0.062500000000000	0.082500000000000	0.855000000000000
2.993589743589744	97	1142.261448755804167	28072.406711203777377	0.062500000000000	0.082500000000000	0.855000000000000
2.993589743589744	98	1142.436245668090578	28071.072615478977241	0.062500000000000	0.085000000000000	0.852500000000000
2.993589743589744	99	1143.630070556264627	28018.382302823374630	0.062500000000000	0.085000000000000	0.852500000000000
2.993589743589744	100	1181.106671056101959	28320.493410619692440	0.057500000000000	0.080000000000000	0.862500000000000
2.993589743589744	101	1181.115940032670323	28320.441148121255537	0.057500000000000	0.080000000000000	0.862500000000000
2.993589743589744	102	1180.947382283683055	28317.916862584952469	0.057500000000000	0.080000000000000	0.862500000000000
2.993589743589744	103	1181.021301780022668	28318.877602035492600	0.057500000000000	0.080000000000000	0.862500000000000
2.993589743589744	104	1187.974173486455584	28324.818262951324868	0.057500000000000	0.085000000000000	0.857500000000000
2.993589743589744	105	1187.925457874627455	28324.584213121896028	0.057500000000000	0.085000000000000	0.857500000000000
2.993589743589744	106	1188.097668731893691	28324.420782677530951	0.057500000000000	0.085000000000000	0.857500000000000
2.993589743589744	107	1188.006094541740367	28324.388119676921633	0.057500000000000	0.085000000000000	0.857500000000000
2.993589743589744	108	1193.348112567766748	28266.485461798969482	0.057500000000000	0.087500000000000	0.855000000000000
2.993589743589744	109	1194.146117054319575	28206.156975369616703	0.062500000000000	0.085000000000000	0.852500000000000
2.993589743589744	110	1195.579523388494863	28208.540745294245426	0.062500000000000	0.087500000000000	0.850000000000000
2.993589743589744	111	1196.133822577806086	28207.174531036806002	0.062500000000000	0.090000000000000	0.847500000000000
2.993589743589744	112	1196.135087188361922	28207.176701820069866	0.062500000000000	0.090000000000000	0.847500000000000
2.993589743589744	113	1196.029742931712917	28205.961683726884075	0.062500000000000	0.090000000000000	0.847500000000000
2.993589743589744	114	1196.033376374135514	28205.713941836405866	0.062500000000000	0.090000000000000	0.847500000000000
2.993589743589744	115	1195.943510575250457	28205.409145736146456	0.062500000000000	0.090000000000000	0.847500000000000
2.993589743589744	116	1178.734305848622398	28178.217319072864484	0.062500000000000	0.087500000000000	0.850000000000000
2.993589743589744	117	1178.721680636324663	28178.172444232091948	0.062500000000000	0.087500000000000	0.850000000000000
2.993589743589744	118	1178.678096039840739	28177.853928672640905	0.062500000000000	0.087500000000000	0.850000000000000
2.993589743589744	119	1178.165028045302279	28177.600011520906264	0.062500000000000	0.087500000000000	0.850000000000000
2.993589743589744	120	1176.071865838916892	28179.699670604095445	0.062500000000000	0.087500000000000	0.850000000000000
2.993589743589744	121	1185.872016493590081	28130.681430524353345	0.065000000000000	0.092500000000000	0.842500000000000
2.993589743589744	122	1191.658490989289703	28174.320838550065673	0.065000000000000	0.097500000000000	0.837500000000000
2.993589743589744	123	1191.564430096132810	28173.907140333667485	0.065000000000000	0.100000000000000	0.835000000000000
2.993589743589744	124	1191.968331101097874	28173.019433719447989	0.065000000000000	0.100000000000000	0.835000000000000
2.993589743589744	125	1384.691928356415474	29172.078365764788032	0.017500000000000	0.105000000000000	0.877500000000000
2.993589743589744	126	1384.435874799260773	29171.933459264615522	0.017500000000000	0.102500000000000	0.880000000000000
2.993589743589744	127	1384.565169812156000	29177.639561843410775	0.017500000000000	0.100000000000000	0.882500000000000
2.993589743589744	128	1384.581712912510511	29177.660806051924737	0.017500000000000	0.102500000000000	0.880000000000000
2.993589743589744	129	1384.577391853790459	29177.679270437685773	0.017500000000000	0.102500000000000	0.880000000000000
2.993589743589744	130	1384.563608014600504	29177.720034787602344	0.017500000000000	0.102500000000000	0.880000000000000
2.993589743589744	131	1384.578532048155694	29177.640242051624227	0.017500000000000	0.100000000000000	0.882500000000000
2.993589743589744	132	1384.784224583449031	29178.011107059697679	0.017500000000000	0.100000000000000	0.882500000000000
2.993589743589744	133	1383.668770246740223	29180.429012200005673	0.020000000000000	0.097500000000000	0.882500000000000
2.993589743589744	134	1387.571525585434756	29182.358420866075903	0.017500000000000	0.102500000000000	0.880000000000000
2.993589743589744	135	1387.576743371175098	29182.341513383009442	0.017500000000000	0.102500000000000	0.880000000000000
2.993589743589744	136	1387.929271997451451	29182.037048985283036	0.017500000000000	0.102500000000000	0.880000000000000
2.993589743589744	137	1378.797968847869925	29455.058322391090769	0.015000000000000	0.107500000000000	0.877500000000000
2.993589743589744	138	1377.394047285446277	29480.181796256238158	0.015000000000000	0.107500000000000	0.877500000000000
2.993589743589744	139	1377.546150747373986	29479.999991908865923	0.015000000000000	0.110000000000000	0.875000000000000
2.993846153846154	50	629.319497870618420	24123.707559515394678	0.182500000000000	0.072500000000000	0.745000000000000
2.993846153846154	51	624.899497169040274	24121.970652689604321	0.182500000000000	0.072500000000000	0.745000000000000
2.993846153846154	52	627.719185200500533	24106.480271419484779	0.180000000000000	0.077500000000000	0.742500000000000
2.993846153846154	53	628.328828981196921	24106.732874679055385	0.182500000000000	0.077500000000000	0.740000000000000
2.993846153846154	54	627.057677401205979	24115.320877285430470	0.180000000000000	0.077500000000000	0.742500000000000
2.993846153846154	55	626.959818980992623	24115.624673375736165	0.180000000000000	0.077500000000000	0.742500000000000
2.993846153846154	56	627.021745753319692	24116.124703485715145	0.180000000000000	0.077500000000000	0.742500000000000
2.993846153846154	57	647.972696064273350	24063.746267532227648	0.177500000000000	0.087500000000000	0.735000000000000
2.993846153846154	58	836.146990808734699	25889.982960659392120	0.140000000000000	0.067500000000000	0.792500000000000
2.993846153846154	59	835.743110985311205	25896.088131006355979	0.140000000000000	0.067500000000000	0.792500000000000
2.993846153846154	60	835.856874789331641	25895.988440294542670	0.140000000000000	0.065000000000000	0.795000000000000
2.993846153846154	61	835.855026254516702	25895.992281298935268	0.140000000000000	0.065000000000000	0.795000000000000
2.993846153846154	62	836.833702959316611	25896.350151329610526	0.140000000000000	0.067500000000000	0.792500000000000
2.993846153846154	63	836.781188743515258	25896.431209540631244	0.140000000000000	0.067500000000000	0.792500000000000
2.993846153846154	64	838.706877989533268	25901.676430067229376	0.140000000000000	0.070000000000000	0.790000000000000
2.993846153846154	65	838.534895022785690	25900.346562713464664	0.140000000000000	0.070000000000000	0.790000000000000
2.993846153846154	66	838.921622318982486	25900.508674171807797	0.140000000000000	0.075000000000000	0.785000000000000
2.993846153846154	67	840.339835716532548	25900.667253309035004	0.140000000000000	0.075000000000000	0.785000000000000
2.993846153846154	68	840.357198828133392	25900.483048584304925	0.140000000000000	0.072500000000000	0.787500000000000
2.993846153846154	69	840.539658390354703	25900.779102282631357	0.140000000000000	0.077500000000000	0.782500000000000
2.993846153846154	70	840.622859558574874	25901.197200999431516	0.140000000000000	0.072500000000000	0.787500000000000
2.993846153846154	71	839.496813168699759	25898.822068403020239	0.140000000000000	0.080000000000000	0.780000000000000
2.993846153846154	72	839.873052816496170	25896.555657656299445	0.140000000000000	0.075000000000000	0.785000000000000
2.993846153846154	73	839.805773487001488	25893.541967993794970	0.140000000000000	0.077500000000000	0.782500000000000
2.993846153846154	74	839.800368604410437	25893.531698903196229	0.140000000000000	0.077500000000000	0.782500000000000
2.993846153846154	75	839.838871061857390	25893.506621817745327	0.140000000000000	0.077500000000000	0.782500000000000
2.993846153846154	76	882.536579699866593	26250.796509731404512	0.127500000000000	0.087500000000000	0.785000000000000
2.993846153846154	77	882.418432645120902	26250.606850269788993	0.127500000000000	0.087500000000000	0.785000000000000
2.993846153846154	78	882.409539843688094	26252.811962587558810	0.127500000000000	0.090000000000000	0.782500000000000
2.993846153846154	79	882.631280215999368	26252.103674030167895	0.127500000000000	0.090000000000000	0.782500000000000
2.993846153846154	80	884.111772052880497	26255.566788556105166	0.127500000000000	0.090000000000000	0.782500000000000
2.993846153846154	81	883.058376635141258	26264.028187207950396	0.127500000000000	0.087500000000000	0.785000000000000
2.993846153846154	82	877.013867994616135	26187.473397605015634	0.125000000000000	0.105000000000000	0.770000000000000
2.993846153846154	83	878.105449853781238	26195.168847448589077	0.125000000000000	0.102500000000000	0.772500000000000
2.993846153846154	84	866.224020186476423	26149.080928026374750	0.125000000000000	0.107500000000000	0.767500000000000
2.993846153846154	85	866.270603112613571	26149.628519608591887	0.125000000000000	0.107500000000000	0.767500000000000
2.993846153846154	86	866.046499356045842	26150.588211941376358	0.125000000000000	0.110000000000000	0.765000000000000
2.993846153846154	87	865.979591496654393	26150.476943118701456	0.125000000000000	0.110000000000000	0.765000000000000
2.993846153846154	88	1083.301288619389425	27923.782385592559876	0.067500000000000	0.080000000000000	0.852500000000000
2.993846153846154	89	1083.396903192453465	27922.531235311278579	0.067500000000000	0.080000000000000	0.852500000000000
2.993846153846154	90	1084.117096905092012	27907.559601659366308	0.062500000000000	0.085000000000000	0.852500000000000
2.993846153846154	91	1084.218031984765503	27908.982035497618199	0.062500000000000	0.085000000000000	0.852500000000000
2.993846153846154	92	1080.958992702701380	27887.070812914615090	0.060000000000000	0.087500000000000	0.852500000000000
2.993846153846154	93	1081.819078635816595	27892.363188521903794	0.060000000000000	0.087500000000000	0.852500000000000
2.993846153846154	94	1082.034819310268858	27892.135809488321684	0.060000000000000	0.087500000000000	0.852500000000000
2.993846153846154	95	1084.352292241192799	27905.317665604714421	0.060000000000000	0.090000000000000	0.850000000000000
2.993846153846154	96	1085.770548230295844	27900.121220181365061	0.062500000000000	0.087500000000000	0.850000000000000
2.993846153846154	97	1085.838759167701028	27902.250048964586313	0.062500000000000	0.092500000000000	0.845000000000000
2.993846153846154	98	1086.050859091881421	27901.831637633691571	0.062500000000000	0.090000000000000	0.847500000000000
2.993846153846154	99	1089.288272938102637	27864.170740651319647	0.070000000000000	0.085000000000000	0.845000000000000
2.993846153846154	100	1123.643605583517001	28124.967851111156051	0.057500000000000	0.092500000000000	0.850000000000000
2.993846153846154	101	1123.656367088364277	28125.858581207758107	0.057500000000000	0.092500000000000	0.850000000000000
2.993846153846154	102	1123.797521028284791	28125.338484687650634	0.057500000000000	0.092500000000000	0.850000000000000
2.993846153846154	103	1123.929782002348475	28129.249288773575245	0.057500000000000	0.092500000000000	0.850000000000000
2.993846153846154	104	1131.957578616884348	28131.047965065983590	0.057500000000000	0.102500000000000	0.840000000000000
2.993846153846154	105	1132.149707881311542	28131.740045628725056	0.060000000000000	0.100000000000000	0.840000000000000
2.993846153846154	106	1132.097596876326179	28132.387612731108675	0.060000000000000	0.100000000000000	0.840000000000000
2.993846153846154	107	1131.777467458602359	28131.780173772534908	0.057500000000000	0.105000000000000	0.837500000000000
2.993846153846154	108	1131.348319557694595	28061.394215612959670	0.060000000000000	0.102500000000000	0.837500000000000
2.993846153846154	109	1128.697646130373641	28004.528786845585273	0.065000000000000	0.095000000000000	0.840000000000000
2.993846153846154	110	1128.562593677042969	28004.333191937948868	0.065000000000000	0.092500000000000	0.842500000000000
2.993846153846154	111	1128.786769731493905	28002.615604610233277	0.065000000000000	0.092500000000000	0.842500000000000
2.993846153846154	112	1128.499996294277707	28003.444163713938906	0.065000000000000	0.095000000000000	0.840000000000000
2.993846153846154	113	1128.207774819002225	28003.017317851852567	0.065000000000000	0.095000000000000	0.840000000000000
2.993846153846154	114	1128.228481825635072	28003.023219865175633	0.065000000000000	0.095000000000000	0.840000000000000
2.993846153846154	115	1128.363960746381963	28003.096182092762319	0.065000000000000	0.095000000000000	0.840000000000000
2.993846153846154	116	1108.916954898459153	27978.556910258281277	0.062500000000000	0.105000000000000	0.832500000000000
2.993846153846154	117	1108.893847228347795	27979.285019622053369	0.062500000000000	0.102500000000000	0.835000000000000
2.993846153846154	118	1108.799855535752840	27980.310077870031819	0.062500000000000	0.105000000000000	0.832500000000000
2.993846153846154	119	1110.384202791890402	27982.139654126742244	0.062500000000000	0.102500000000000	0.835000000000000
2.993846153846154	120	1111.475238371114301	27981.301137001897587	0.062500000000000	0.102500000000000	0.835000000000000
2.993846153846154	121	1120.518551991660388	27968.142112510973675	0.065000000000000	0.092500000000000	0.842500000000000
2.993846153846154	122	1125.696519318104265	28017.232878144739516	0.065000000000000	0.097500000000000	0.837500000000000
2.993846153846154	123	1125.712477629745308	28017.309887431332754	0.065000000000000	0.097500000000000	0.837500000000000
2.993846153846154	124	1126.051674208380291	28017.732632375842513	0.065000000000000	0.100000000000000	0.835000000000000
2.993846153846154	125	1323.722801129758409	28926.252175850575441	0.020000000000000	0.112500000000000	0.867500000000000
2.993846153846154	126	1323.879175160442855	28926.175503178164945	0.020000000000000	0.110000000000000	0.870000000000000
2.993846153846154	127	1327.369839933671756	28925.075509877300647	0.020000000000000	0.120000000000000	0.860000000000000
2.993846153846154	128	1327.387606468673539	28925.025452285535721	0.020000000000000	0.120000000000000	0.860000000000000
2.993846153846154	129	1327.363546846902182	28925.005640515242703	0.020000000000000	0.120000000000000	0.860000000000000
2.993846153846154	130	1327.353945967301797	28924.562543824715249	0.020000000000000	0.120000000000000	0.860000000000000
2.993846153846154	131	1327.363799157959647	28924.351118690014118	0.020000000000000	0.120000000000000	0.860000000000000
2.993846153846154	132	1327.362511328914479	28924.479098730804253	0.020000000000000	0.120000000000000	0.860000000000000
2.993846153846154	133	1324.678318717866432	28923.619287802765029	0.020000000000000	0.120000000000000	0.860000000000000
2.993846153846154	134	1330.363406645248006	28928.061267145672900	0.017500000000000	0.122500000000000	0.860000000000000
2.993846153846154	135	1330.382391207307364	28931.217396730524342	0.017500000000000	0.120000000000000	0.862500000000000
2.993846153846154	136	1329.925599714304099	28923.965147716036881	0.020000000000000	0.120000000000000	0.860000000000000
2.993846153846154	137	1310.740627062834619	29202.653851836555987	0.015000000000000	0.122500000000000	0.862500000000000
2.993846153846154	138	1309.018871256927241	29234.251495805750892	0.015000000000000	0.125000000000000	0.860000000000000
2.993846153846154	139	1308.602642267636838	29232.946911310973519	0.015000000000000	0.125000000000000	0.860000000000000
2.994102564102564	50	556.678646762282142	23771.997672568628332	0.182500000000000	0.085000000000000	0.732500000000000
2.994102564102564	51	553.683255933463670	23764.969569046035758	0.182500000000000	0.085000000000000	0.732500000000000
2.994102564102564	52	556.254291528849535	23748.027805416968476	0.182500000000000	0.085000000000000	0.732500000000000
2.994102564102564	53	555.500917041778848	23737.193799079675955	0.180000000000000	0.087500000000000	0.732500000000000
2.994102564102564	54	552.029378754242316	23755.484723335601302	0.177500000000000	0.092500000000000	0.730000000000000
2.994102564102564	55	552.701418832403533	23764.789299008818489	0.177500000000000	0.090000000000000	0.732500000000000
2.994102564102564	56	552.285025201712187	23764.107258002208255	0.177500000000000	0.090000000000000	0.732500000000000
2.994102564102564	57	574.180181060714062	23868.187707391363801	0.177500000000000	0.087500000000000	0.735000000000000
2.994102564102564	58	755.608511192320520	25696.701916407797398	0.137500000000000	0.077500000000000	0.785000000000000
2.994102564102564	59	755.605991071895573	25707.867569434070901	0.137500000000000	0.077500000000000	0.785000000000000
2.994102564102564	60	756.320860891140228	25707.695448352005769	0.137500000000000	0.080000000000000	0.782500000000000
2.994102564102564	61	756.326403011796401	25708.028182507594465	0.137500000000000	0.080000000000000	0.782500000000000
2.994102564102564	62	756.391455012743222	25708.497922484737501	0.137500000000000	0.080000000000000	0.782500000000000
2.994102564102564	63	756.766906552268779	25712.966772880645294	0.137500000000000	0.080000000000000	0.782500000000000
2.994102564102564	64	762.236788796420342	25726.126189824859466	0.140000000000000	0.070000000000000	0.790000000000000
2.994102564102564	65	761.933182962943192	25754.662636835000740	0.135000000000000	0.077500000000000	0.787500000000000
2.994102564102564	66	763.418099719370502	25758.237460486347118	0.135000000000000	0.077500000000000	0.787500000000000
2.994102564102564	67	763.294452540953898	25758.058216205339704	0.135000000000000	0.077500000000000	0.787500000000000
2.994102564102564	68	763.535525386465565	25757.319279269995604	0.135000000000000	0.080000000000000	0.785000000000000
2.994102564102564	69	763.668350363861009	25757.436258890320460	0.135000000000000	0.082500000000000	0.782500000000000
2.994102564102564	70	761.867535190527860	25747.363325275582611	0.135000000000000	0.082500000000000	0.782500000000000
2.994102564102564	71	761.542186770863395	25715.923391693686426	0.137500000000000	0.085000000000000	0.777500000000000
2.994102564102564	72	761.466833999268147	25717.330203079236526	0.137500000000000	0.085000000000000	0.777500000000000
2.994102564102564	73	762.623923040112800	25720.372916757904022	0.137500000000000	0.085000000000000	0.777500000000000
2.994102564102564	74	763.051252649757998	25721.191326111787930	0.137500000000000	0.085000000000000	0.777500000000000
2.994102564102564	75	763.598675874816763	25721.469902033517428	0.137500000000000	0.085000000000000	0.777500000000000
2.994102564102564	76	806.695705372617908	26039.459004962671315	0.127500000000000	0.097500000000000	0.775000000000000
2.994102564102564	77	806.682028732313938	26039.376401491081197	0.127500000000000	0.097500000000000	0.775000000000000
2.994102564102564	78	806.757244972202670	26039.318553291639546	0.127500000000000	0.097500000000000	0.775000000000000
2.994102564102564	79	806.192955305747432	26038.433288645202992	0.127500000000000	0.107500000000000	0.765000000000000
2.994102564102564	80	805.441615621091159	26033.761689959370415	0.127500000000000	0.102500000000000	0.770000000000000
2.994102564102564	81	804.682253194423879	26026.464438825940306	0.127500000000000	0.105000000000000	0.767500000000000
2.994102564102564	82	799.304454251471384	25998.348811976309662	0.127500000000000	0.107500000000000	0.765000000000000
2.994102564102564	83	800.271804692278579	25994.715225880190701	0.127500000000000	0.102500000000000	0.770000000000000
2.994102564102564	84	785.061981783715964	25954.714429835406918	0.130000000000000	0.115000000000000	0.755000000000000
2.994102564102564	85	784.970964968453131	25954.988244141113682	0.130000000000000	0.115000000000000	0.755000000000000
2.994102564102564	86	785.148492779998037	25955.408986025155173	0.130000000000000	0.115000000000000	0.755000000000000
2.994102564102564	87	784.648750681678507	25952.901252116229443	0.130000000000000	0.115000000000000	0.755000000000000
2.994102564102564	88	1014.703671041628354	27652.990741618254106	0.067500000000000	0.102500000000000	0.830000000000000
2.994102564102564	89	1014.434224031990311	27656.839695252539968	0.070000000000000	0.102500000000000	0.827500000000000
2.994102564102564	90	1016.222977286270407	27649.655922557696613	0.067500000000000	0.110000000000000	0.822500000000000
2.994102564102564	91	1017.280879660446431	27655.135864791714994	0.067500000000000	0.105000000000000	0.827500000000000
2.994102564102564	92	1017.362232287546817	27654.555486091183411	0.067500000000000	0.107500000000000	0.825000000000000
2.994102564102564	93	1017.691863203171579	27655.273982315589819	0.067500000000000	0.105000000000000	0.827500000000000
2.994102564102564	94	1017.752596293259103	27655.340481347626337	0.067500000000000	0.107500000000000	0.825000000000000
2.994102564102564	95	1015.703881601012199	27659.024177352996048	0.067500000000000	0.110000000000000	0.822500000000000
2.994102564102564	96	1013.762129823816281	27644.837952027643041	0.067500000000000	0.107500000000000	0.825000000000000
2.994102564102564	97	1013.950225797788221	27643.747325041211298	0.067500000000000	0.107500000000000	0.825000000000000
2.994102564102564	98	1013.991750540887324	27644.059884955961024	0.067500000000000	0.107500000000000	0.825000000000000
2.994102564102564	99	1022.474943362524755	27682.642603110336495	0.070000000000000	0.097500000000000	0.832500000000000
2.994102564102564	100	1051.395288068623586	27850.012256414218427	0.065000000000000	0.100000000000000	0.835000000000000
2.994102564102564	101	1050.763410893761375	27851.602183936785877	0.062500000000000	0.102500000000000	0.835000000000000
2.994102564102564	102	1050.671161464615352	27850.036706728504214	0.062500000000000	0.102500000000000	0.835000000000000
2.994102564102564	103	1051.126211679060134	27849.063836774628726	0.062500000000000	0.107500000000000	0.830000000000000
2.994102564102564	104	1056.064340300511049	27842.704701669164933	0.065000000000000	0.107500000000000	0.827500000000000
2.994102564102564	105	1056.055767500818547	27842.581013479168178	0.065000000000000	0.107500000000000	0.827500000000000
2.994102564102564	106	1056.280430990733066	27843.464360909205425	0.065000000000000	0.107500000000000	0.827500000000000
2.994102564102564	107	1056.012976727912246	27842.756271075759287	0.065000000000000	0.105000000000000	0.830000000000000
2.994102564102564	108	1053.356620978727051	27786.418388215835876	0.065000000000000	0.107500000000000	0.827500000000000
2.994102564102564	109	1052.011829662410491	27766.250548834195797	0.067500000000000	0.102500000000000	0.830000000000000
2.994102564102564	110	1051.936895690786514	27765.307806599714240	0.067500000000000	0.102500000000000	0.830000000000000
2.994102564102564	111	1051.721727073434067	27764.817016158354818	0.067500000000000	0.102500000000000	0.830000000000000
2.994102564102564	112	1051.880030646132582	27765.381422950587876	0.067500000000000	0.102500000000000	0.830000000000000
2.994102564102564	113	1052.808103110475486	27768.634017296892125	0.067500000000000	0.102500000000000	0.830000000000000
2.994102564102564	114	1053.250412804128928	27770.324866666458547	0.067500000000000	0.102500000000000	0.830000000000000
2.994102564102564	115	1053.772006543810221	27769.871197470616607	0.067500000000000	0.102500000000000	0.830000000000000
2.994102564102564	116	1048.200771699673396	27756.308107586140977	0.065000000000000	0.110000000000000	0.825000000000000
2.994102564102564	117	1048.214982590994850	27757.112347733633214	0.065000000000000	0.110000000000000	0.825000000000000
2.994102564102564	118	1048.914478173544921	27758.617152097696817	0.065000000000000	0.110000000000000	0.825000000000000
2.994102564102564	119	1052.432250655005646	27759.799133724674903	0.065000000000000	0.110000000000000	0.825000000000000
2.994102564102564	120	1059.078509782661058	27756.033767071767215	0.065000000000000	0.112500000000000	0.822500000000000
2.994102564102564	121	1053.131237467105620	27763.257988599470991	0.065000000000000	0.100000000000000	0.835000000000000
2.994102564102564	122	1045.630630646875034	27739.077225271128555	0.065000000000000	0.115000000000000	0.820000000000000
2.994102564102564	123	1046.257711933502833	27740.060009137159796	0.065000000000000	0.117500000000000	0.817500000000000
2.994102564102564	124	1046.216031765332218	27740.490713831681205	0.065000000000000	0.117500000000000	0.817500000000000
2.994102564102564	125	1242.912047665528235	28583.519533105434675	0.027500000000000	0.125000000000000	0.847500000000000
2.994102564102564	126	1243.200751750918698	28583.376198707075673	0.030000000000000	0.122500000000000	0.847500000000000
2.994102564102564	127	1246.945848258660362	28595.980903084004240	0.027500000000000	0.125000000000000	0.847500000000000
2.994102564102564	128	1246.937968002962180	28595.936416192198521	0.027500000000000	0.125000000000000	0.847500000000000
2.994102564102564	129	1247.043035013397457	28595.945040753766079	0.027500000000000	0.125000000000000	0.847500000000000
2.994102564102564	130	1247.181418040254357	28595.891301536325045	0.027500000000000	0.125000000000000	0.847500000000000
2.994102564102564	131	1247.133468625956539	28596.078683543815714	0.027500000000000	0.125000000000000	0.847500000000000
2.994102564102564	132	1247.065590640534992	28595.374812523845321	0.025000000000000	0.127500000000000	0.847500000000000
2.994102564102564	133	1246.871638437884712	28597.641385299513786	0.027500000000000	0.122500000000000	0.850000000000000
2.994102564102564	134	1252.893914859796041	28598.953262439365062	0.022500000000000	0.132500000000000	0.845000000000000
2.994102564102564	135	1254.442159640690988	28601.223203171346540	0.027500000000000	0.130000000000000	0.842500000000000
2.994102564102564	136	1254.321940900626714	28600.585523228965030	0.027500000000000	0.127500000000000	0.845000000000000
2.994102564102564	137	1240.707392298469358	28968.257393582087388	0.017500000000000	0.135000000000000	0.847500000000000
2.994102564102564	138	1240.217124470219005	28975.621478691376979	0.020000000000000	0.135000000000000	0.845000000000000
2.994102564102564	139	1240.837609620803278	28978.067977917380631	0.017500000000000	0.137500000000000	0.845000000000000
2.994358974358974	50	492.171348830392446	23410.758492692544678	0.192500000000000	0.087500000000000	0.720000000000000
2.994358974358974	51	491.064623487127335	23408.170091565290932	0.190000000000000	0.090000000000000	0.720000000000000
2.994358974358974	52	492.740452781994406	23402.958941817501909	0.192500000000000	0.087500000000000	0.720000000000000
2.994358974358974	53	492.808749848567231	23403.291051802309084	0.192500000000000	0.087500000000000	0.720000000000000
2.994358974358974	54	487.790010167706157	23414.768947229811602	0.192500000000000	0.087500000000000	0.720000000000000
2.994358974358974	55	487.708028075951972	23425.617421588671277	0.195000000000000	0.085000000000000	0.720000000000000
2.994358974358974	56	487.230476590404862	23424.235730852415145	0.195000000000000	0.085000000000000	0.720000000000000
2.994358974358974	57	502.378283243217652	23645.929313671287673	0.190000000000000	0.077500000000000	0.732500000000000
2.994358974358974	58	692.245227212360192	25461.073341463805264	0.142500000000000	0.087500000000000	0.770000000000000
2.994358974358974	59	691.477685632096382	25459.464295110195962	0.140000000000000	0.095000000000000	0.765000000000000
2.994358974358974	60	691.164797943434905	25458.558763874651049	0.140000000000000	0.092500000000000	0.767500000000000
2.994358974358974	61	691.402763730129777	25458.527288147335639	0.140000000000000	0.092500000000000	0.767500000000000
2.994358974358974	62	692.101460274033002	25462.406136013400101	0.140000000000000	0.097500000000000	0.762500000000000
2.994358974358974	63	692.598027757046452	25467.352117799291591	0.140000000000000	0.095000000000000	0.765000000000000
2.994358974358974	64	694.480689743133780	25590.252910424791480	0.135000000000000	0.097500000000000	0.767500000000000
2.994358974358974	65	688.368743857233312	25639.469283384500159	0.135000000000000	0.090000000000000	0.775000000000000
2.994358974358974	66	688.881469336608575	25635.281238979063346	0.135000000000000	0.092500000000000	0.772500000000000
2.994358974358974	67	691.835661112030039	25651.771906401630986	0.132500000000000	0.095000000000000	0.772500000000000
2.994358974358974	68	692.373740741985898	25653.922284596483223	0.135000000000000	0.092500000000000	0.772500000000000
2.994358974358974	69	692.135747477406312	25653.503234554667870	0.135000000000000	0.092500000000000	0.772500000000000
2.994358974358974	70	691.142090555550908	25647.950033476015960	0.132500000000000	0.095000000000000	0.772500000000000
2.994358974358974	71	690.591810254254824	25634.035311378938786	0.132500000000000	0.097500000000000	0.770000000000000
2.994358974358974	72	690.576573472497216	25633.310495384597743	0.132500000000000	0.097500000000000	0.770000000000000
2.994358974358974	73	689.301068994372486	25638.570731353753217	0.132500000000000	0.095000000000000	0.772500000000000
2.994358974358974	74	689.333037740309692	25637.943176959201082	0.132500000000000	0.095000000000000	0.772500000000000
2.994358974358974	75	689.062097891245799	25636.975756559750153	0.132500000000000	0.095000000000000	0.772500000000000
2.994358974358974	76	724.164008158549109	25736.263769664965366	0.125000000000000	0.110000000000000	0.765000000000000
2.994358974358974	77	724.095743834138830	25736.189369358606200	0.125000000000000	0.110000000000000	0.765000000000000
2.994358974358974	78	724.111690943504300	25735.986889174182579	0.125000000000000	0.110000000000000	0.765000000000000
2.994358974358974	79	723.355620243183125	25732.405055488510698	0.125000000000000	0.110000000000000	0.765000000000000
2.994358974358974	80	722.878021902280466	25729.595233607520640	0.125000000000000	0.110000000000000	0.765000000000000
2.994358974358974	81	722.660119942321444	25726.885226008689642	0.125000000000000	0.112500000000000	0.762500000000000
2.994358974358974	82	720.287867832439019	25717.690127911919262	0.127500000000000	0.110000000000000	0.762500000000000
2.994358974358974	83	720.363794397844572	25714.559034206646174	0.127500000000000	0.110000000000000	0.762500000000000
2.994358974358974	84	712.413819327162855	25724.767025066110364	0.135000000000000	0.110000000000000	0.755000000000000
2.994358974358974	85	712.326123994581963	25724.395165964266198	0.135000000000000	0.110000000000000	0.755000000000000
2.994358974358974	86	712.362294527482959	25724.787186673031101	0.135000000000000	0.110000000000000	0.755000000000000
2.994358974358974	87	712.244010417111895	25724.760954772860714	0.135000000000000	0.112500000000000	0.752500000000000
2.994358974358974	88	925.121522461233894	27259.251933128351084	0.085000000000000	0.097500000000000	0.817500000000000
2.994358974358974	89	923.502104347275804	27263.524371765608521	0.082500000000000	0.097500000000000	0.820000000000000
2.994358974358974	90	924.927480989647279	27246.715784585332585	0.082500000000000	0.097500000000000	0.820000000000000
2.994358974358974	91	924.545572157564493	27240.656116837508307	0.075000000000000	0.105000000000000	0.820000000000000
2.994358974358974	92	924.770247466970318	27251.980406432292511	0.075000000000000	0.105000000000000	0.820000000000000
2.994358974358974	93	924.599746894160262	27249.833566407236503	0.075000000000000	0.105000000000000	0.820000000000000
2.994358974358974	94	924.761792919798609	27250.133728410000913	0.075000000000000	0.107500000000000	0.817500000000000
2.994358974358974	95	923.338532969969151	27247.573217440458393	0.070000000000000	0.117500000000000	0.812500000000000
2.994358974358974	96	919.486987478003698	27235.673690576910303	0.072500000000000	0.112500000000000	0.815000000000000
2.994358974358974	97	919.498708916348164	27235.308091704846447	0.072500000000000	0.112500000000000	0.815000000000000
2.994358974358974	98	919.489791696080715	27235.036424819441891	0.072500000000000	0.112500000000000	0.815000000000000
2.994358974358974	99	928.412489442396804	27319.467460146159283	0.077500000000000	0.100000000000000	0.822500000000000
2.994358974358974	100	980.962658887101725	27485.611407890079136	0.062500000000000	0.117500000000000	0.820000000000000
2.994358974358974	101	980.418363946949626	27487.039418669799488	0.062500000000000	0.122500000000000	0.815000000000000
2.994358974358974	102	980.368652891033889	27486.981889797352778	0.062500000000000	0.122500000000000	0.815000000000000
2.994358974358974	103	979.990814490771299	27487.758190121858206	0.062500000000000	0.125000000000000	0.812500000000000
2.994358974358974	104	980.347257312402803	27475.493983198171918	0.065000000000000	0.125000000000000	0.810000000000000
2.994358974358974	105	980.348333687919762	27475.570078091524920	0.065000000000000	0.125000000000000	0.810000000000000
2.994358974358974	106	980.395074513834402	27474.004183270084468	0.065000000000000	0.120000000000000	0.815000000000000
2.994358974358974	107	980.339924069566905	27473.993792022727575	0.065000000000000	0.120000000000000	0.815000000000000
2.994358974358974	108	979.372064698963641	27499.829956501056586	0.065000000000000	0.120000000000000	0.815000000000000
2.994358974358974	109	979.011969404942533	27523.555072009035939	0.067500000000000	0.120000000000000	0.812500000000000
2.994358974358974	110	978.102575723969608	27524.099121678707888	0.062500000000000	0.127500000000000	0.810000000000000
2.994358974358974	111	977.853685444163943	27524.182696294730704	0.062500000000000	0.127500000000000	0.810000000000000
2.994358974358974	112	977.721654492099105	27524.857071709498996	0.065000000000000	0.125000000000000	0.810000000000000
2.994358974358974	113	979.237574086888912	27530.944694467994850	0.067500000000000	0.125000000000000	0.807500000000000
2.994358974358974	114	979.535843892026037	27528.684004478353017	0.067500000000000	0.127500000000000	0.805000000000000
2.994358974358974	115	978.933341516761402	27522.130168462710571	0.065000000000000	0.127500000000000	0.807500000000000
2.994358974358974	116	982.502435757028479	27478.784789909648680	0.067500000000000	0.120000000000000	0.812500000000000
2.994358974358974	117	983.261163478173899	27479.286796097090701	0.067500000000000	0.120000000000000	0.812500000000000
2.994358974358974	118	983.949903225712319	27481.588297382968449	0.067500000000000	0.120000000000000	0.812500000000000
2.994358974358974	119	988.907530034291426	27467.937212925131462	0.070000000000000	0.117500000000000	0.812500000000000
2.994358974358974	120	995.189067068079225	27459.213107424140617	0.067500000000000	0.120000000000000	0.812500000000000
2.994358974358974	121	974.771922021633827	27427.150040726573934	0.067500000000000	0.125000000000000	0.807500000000000
2.994358974358974	122	959.165101248387941	27387.380559418706980	0.067500000000000	0.132500000000000	0.800000000000000
2.994358974358974	123	959.215542874613107	27387.058152077679551	0.067500000000000	0.132500000000000	0.800000000000000
2.994358974358974	124	959.393475401664091	27387.060624888297752	0.067500000000000	0.135000000000000	0.797500000000000
2.994358974358974	125	1158.346505408760777	28248.934399380937975	0.037500000000000	0.135000000000000	0.827500000000000
2.994358974358974	126	1159.257693887506321	28244.107612036925275	0.037500000000000	0.135000000000000	0.827500000000000
2.994358974358974	127	1161.347204531870148	28235.197570927532070	0.037500000000000	0.132500000000000	0.830000000000000
2.994358974358974	128	1161.368037164315865	28234.205340550932306	0.037500000000000	0.135000000000000	0.827500000000000
2.994358974358974	129	1161.551236847732980	28234.580227155220200	0.037500000000000	0.135000000000000	0.827500000000000
2.994358974358974	130	1161.525885473367225	28234.733706178772991	0.037500000000000	0.135000000000000	0.827500000000000
2.994358974358974	131	1161.646709991692205	28235.334597092307376	0.037500000000000	0.132500000000000	0.830000000000000
2.994358974358974	132	1161.637117969286464	28235.362892169006955	0.037500000000000	0.132500000000000	0.830000000000000
2.994358974358974	133	1161.173059274644629	28236.549676200513204	0.037500000000000	0.135000000000000	0.827500000000000
2.994358974358974	134	1164.494806856923105	28230.788317537149851	0.037500000000000	0.135000000000000	0.827500000000000
2.994358974358974	135	1163.212071732607001	28230.490894584101625	0.035000000000000	0.132500000000000	0.832500000000000
2.994358974358974	136	1163.236883822007485	28230.506005964718497	0.035000000000000	0.132500000000000	0.832500000000000
2.994358974358974	137	1166.333424093743815	28679.502622649288242	0.022500000000000	0.150000000000000	0.827500000000000
2.994358974358974	138	1162.343902131664208	28701.028743854709319	0.022500000000000	0.147500000000000	0.830000000000000
2.994358974358974	139	1165.050257256584018	28705.450879032490775	0.025000000000000	0.152500000000000	0.822500000000000
2.994615384615385	50	441.000136356997189	23036.021409101256722	0.197500000000000	0.102500000000000	0.700000000000000
2.994615384615385	51	441.228669517722665	23060.426279152950883	0.197500000000000	0.105000000000000	0.697500000000000
2.994615384615385	52	441.772545344213881	23067.021827894954185	0.197500000000000	0.105000000000000	0.697500000000000
2.994615384615385	53	442.573643611466764	23068.002840506087523	0.197500000000000	0.102500000000000	0.700000000000000
2.994615384615385	54	442.234706016785935	23076.507408198638586	0.195000000000000	0.102500000000000	0.702500000000000
2.994615384615385	55	442.068755522308379	23097.647772564851039	0.195000000000000	0.105000000000000	0.700000000000000
2.994615384615385	56	442.171201957979633	23098.005779345774499	0.195000000000000	0.107500000000000	0.697500000000000
2.994615384615385	57	457.673076803849312	23381.597236399436952	0.187500000000000	0.090000000000000	0.722500000000000
2.994615384615385	58	620.169716831449932	25123.586846231726668	0.145000000000000	0.102500000000000	0.752500000000000
2.994615384615385	59	622.559880126576900	25113.605422538439598	0.142500000000000	0.105000000000000	0.752500000000000
2.994615384615385	60	622.017348458892798	25121.477377666531538	0.142500000000000	0.112500000000000	0.745000000000000
2.994615384615385	61	621.977514079415187	25121.273969456582563	0.142500000000000	0.112500000000000	0.745000000000000
2.994615384615385	62	621.896320115587059	25129.838748846916133	0.142500000000000	0.115000000000000	0.742500000000000
2.994615384615385	63	622.640113057556846	25135.588130190353695	0.142500000000000	0.110000000000000	0.747500000000000
2.994615384615385	64	625.848254607667172	25256.925872025385615	0.142500000000000	0.110000000000000	0.747500000000000
2.994615384615385	65	621.834561731033432	25454.990955053872312	0.135000000000000	0.105000000000000	0.760000000000000
2.994615384615385	66	622.016138361568778	25451.045956445304910	0.135000000000000	0.107500000000000	0.757500000000000
2.994615384615385	67	623.872496194948212	25458.229523212452477	0.132500000000000	0.107500000000000	0.760000000000000
2.994615384615385	68	622.979223593451366	25455.544073013061279	0.132500000000000	0.110000000000000	0.757500000000000
2.994615384615385	69	622.737240519334591	25452.445045854645286	0.132500000000000	0.117500000000000	0.750000000000000
2.994615384615385	70	622.280090456622816	25450.173395769470517	0.132500000000000	0.115000000000000	0.752500000000000
2.994615384615385	71	622.278604211785591	25450.862203430664522	0.132500000000000	0.115000000000000	0.752500000000000
2.994615384615385	72	622.415298004774513	25447.900087526424613	0.132500000000000	0.112500000000000	0.755000000000000
2.994615384615385	73	622.607549374284304	25436.534036945831758	0.132500000000000	0.107500000000000	0.760000000000000
2.994615384615385	74	622.578484052576528	25436.326760693827964	0.132500000000000	0.107500000000000	0.760000000000000
2.994615384615385	75	622.642163234560144	25435.827515530862001	0.132500000000000	0.112500000000000	0.755000000000000
2.994615384615385	76	638.438665407872236	25431.895822269187192	0.127500000000000	0.122500000000000	0.750000000000000
2.994615384615385	77	638.317915213734409	25432.509973726591852	0.127500000000000	0.122500000000000	0.750000000000000
2.994615384615385	78	638.542174715358897	25433.475233858964202	0.127500000000000	0.122500000000000	0.750000000000000
2.994615384615385	79	638.795009762475274	25433.633669151236973	0.127500000000000	0.125000000000000	0.747500000000000
2.994615384615385	80	638.534682260251657	25431.340898530906998	0.127500000000000	0.127500000000000	0.745000000000000
2.994615384615385	81	637.890109264390844	25427.443818805477349	0.127500000000000	0.127500000000000	0.745000000000000
2.994615384615385	82	639.310309676383099	25441.544824864577095	0.125000000000000	0.130000000000000	0.745000000000000
2.994615384615385	83	639.561091184515135	25439.252205101049185	0.125000000000000	0.132500000000000	0.742500000000000
2.994615384615385	84	639.563853845585868	25512.310237691603106	0.132500000000000	0.115000000000000	0.752500000000000
2.994615384615385	85	639.677357323997967	25512.179798650955490	0.132500000000000	0.117500000000000	0.750000000000000
2.994615384615385	86	640.151212047975946	25518.960239505544450	0.132500000000000	0.112500000000000	0.755000000000000
2.994615384615385	87	640.109593297761990	25519.678836398074054	0.132500000000000	0.112500000000000	0.755000000000000
2.994615384615385	88	840.060116317998450	26936.678041578426928	0.087500000000000	0.102500000000000	0.810000000000000
2.994615384615385	89	837.996670748950237	26954.460242896922864	0.087500000000000	0.102500000000000	0.810000000000000
2.994615384615385	90	839.718353788192871	26939.423157150278712	0.087500000000000	0.105000000000000	0.807500000000000
2.994615384615385	91	838.569665931057216	26936.718436099861719	0.087500000000000	0.102500000000000	0.810000000000000
2.994615384615385	92	838.394425317074592	26940.641691853445082	0.087500000000000	0.105000000000000	0.807500000000000
2.994615384615385	93	838.410957601630457	26940.541471354223177	0.087500000000000	0.105000000000000	0.807500000000000
2.994615384615385	94	838.304720188104852	26938.473367382743163	0.087500000000000	0.105000000000000	0.807500000000000
2.994615384615385	95	837.054506908310259	26932.663186386296729	0.085000000000000	0.107500000000000	0.807500000000000
2.994615384615385	96	835.052545035409025	26901.616536628334870	0.085000000000000	0.110000000000000	0.805000000000000
2.994615384615385	97	835.055034533399407	26902.477775771090819	0.085000000000000	0.110000000000000	0.805000000000000
2.994615384615385	98	835.134103437119734	26902.644584791240050	0.085000000000000	0.107500000000000	0.807500000000000
2.994615384615385	99	839.592956305200801	26972.258387353307626	0.082500000000000	0.112500000000000	0.805000000000000
2.994615384615385	100	905.154079549710218	27139.229821143446316	0.072500000000000	0.130000000000000	0.797500000000000
2.994615384615385	101	904.870128818452827	27137.331213284905971	0.072500000000000	0.127500000000000	0.800000000000000
2.994615384615385	102	904.944696117970011	27137.391901441958908	0.072500000000000	0.127500000000000	0.800000000000000
2.994615384615385	103	904.947223528157906	27137.321623331488809	0.072500000000000	0.132500000000000	0.795000000000000
2.994615384615385	104	904.134063031391975	27131.754544233746856	0.072500000000000	0.127500000000000	0.800000000000000
2.994615384615385	105	904.245150412223552	27132.210172817529383	0.072500000000000	0.127500000000000	0.800000000000000
2.994615384615385	106	903.413229453708141	27130.584604105311882	0.072500000000000	0.130000000000000	0.797500000000000
2.994615384615385	107	903.388147090217672	27130.323415937171376	0.072500000000000	0.130000000000000	0.797500000000000
2.994615384615385	108	903.398896483032672	27175.096440482986509	0.072500000000000	0.135000000000000	0.792500000000000
2.994615384615385	109	895.293474483423552	27265.204678103636979	0.067500000000000	0.135000000000000	0.797500000000000
2.994615384615385	110	895.099922321425538	27266.749756333247205	0.065000000000000	0.145000000000000	0.790000000000000
2.994615384615385	111	894.945160034647529	27267.065461691177916	0.065000000000000	0.145000000000000	0.790000000000000
2.994615384615385	112	895.311271122514427	27269.327162903922726	0.065000000000000	0.142500000000000	0.792500000000000
2.994615384615385	113	896.882233159818384	27275.013217839634308	0.065000000000000	0.142500000000000	0.792500000000000
2.994615384615385	114	896.847584635234625	27273.206971295199764	0.065000000000000	0.142500000000000	0.792500000000000
2.994615384615385	115	896.998547933507552	27271.768317952610232	0.062500000000000	0.142500000000000	0.795000000000000
2.994615384615385	116	898.139486035521713	27125.910517086402251	0.072500000000000	0.122500000000000	0.805000000000000
2.994615384615385	117	898.327026017409139	27125.884507748622127	0.072500000000000	0.125000000000000	0.802500000000000
2.994615384615385	118	899.624160661250244	27126.722680240480258	0.072500000000000	0.125000000000000	0.802500000000000
2.994615384615385	119	903.309173863408887	27112.967728111434553	0.067500000000000	0.130000000000000	0.802500000000000
2.994615384615385	120	911.212794344265717	27105.991871222748159	0.067500000000000	0.135000000000000	0.797500000000000
2.994615384615385	121	891.792002195846862	27056.663968821419985	0.067500000000000	0.135000000000000	0.797500000000000
2.994615384615385	122	868.640301269353472	27036.922496093171503	0.072500000000000	0.140000000000000	0.787500000000000
2.994615384615385	123	868.683034945471832	27037.946300070907455	0.072500000000000	0.142500000000000	0.785000000000000
2.994615384615385	124	868.678850591899163	27037.217034475641412	0.072500000000000	0.140000000000000	0.787500000000000
2.994615384615385	125	1082.884102676776820	27937.865776732884115	0.042500000000000	0.147500000000000	0.810000000000000
2.994615384615385	126	1082.880110486583817	27944.928633728195564	0.042500000000000	0.147500000000000	0.810000000000000
2.994615384615385	127	1083.283630079424938	27928.169674396060145	0.037500000000000	0.147500000000000	0.815000000000000
2.994615384615385	128	1083.413232190089047	27929.229092224421038	0.040000000000000	0.147500000000000	0.812500000000000
2.994615384615385	129	1083.066345935837035	27928.739644459372357	0.040000000000000	0.152500000000000	0.807500000000000
2.994615384615385	130	1083.047856148621577	27928.365210438365466	0.040000000000000	0.150000000000000	0.810000000000000
2.994615384615385	131	1082.739111008860391	27927.141874956938409	0.040000000000000	0.152500000000000	0.807500000000000
2.994615384615385	132	1082.705945345044256	27927.114582497350057	0.040000000000000	0.152500000000000	0.807500000000000
2.994615384615385	133	1084.388986755797077	27930.512706481447822	0.042500000000000	0.147500000000000	0.810000000000000
2.994615384615385	134	1086.090859857324176	27922.953540492515458	0.040000000000000	0.147500000000000	0.812500000000000
2.994615384615385	135	1085.749290371077450	27920.637234994126629	0.042500000000000	0.147500000000000	0.810000000000000
2.994615384615385	136	1085.648808761754253	27920.773444283091521	0.040000000000000	0.150000000000000	0.810000000000000
2.994615384615385	137	1056.041335136273801	28150.920580830010294	0.027500000000000	0.175000000000000	0.797500000000000
2.994615384615385	138	1051.793027223548734	28174.719393890012725	0.027500000000000	0.162500000000000	0.810000000000000
2.994615384615385	139	1055.732772951651896	28184.156069155960722	0.030000000000000	0.165000000000000	0.805000000000000
2.994871794871795	50	365.567808531514913	22692.544045707138139	0.202500000000000	0.110000000000000	0.687500000000000
2.994871794871795	51	365.872966690109649	22702.888099958068779	0.202500000000000	0.110000000000000	0.687500000000000
2.994871794871795	52	366.123335581142499	22709.306991245179233	0.202500000000000	0.110000000000000	0.687500000000000
2.994871794871795	53	367.623614622487537	22702.872419038823864	0.202500000000000	0.112500000000000	0.685000000000000
2.994871794871795	54	367.913027641254700	22708.097016982093919	0.197500000000000	0.122500000000000	0.680000000000000
2.994871794871795	55	368.495931469613424	22734.245503375397675	0.197500000000000	0.122500000000000	0.680000000000000
2.994871794871795	56	368.448047067164737	22734.366374326284131	0.197500000000000	0.122500000000000	0.680000000000000
2.994871794871795	57	391.882786408066920	23152.881653451626335	0.190000000000000	0.105000000000000	0.705000000000000
2.994871794871795	58	540.243547591879064	24805.068618894172687	0.155000000000000	0.102500000000000	0.742500000000000
2.994871794871795	59	539.886868184839273	24799.047567336743668	0.152500000000000	0.110000000000000	0.737500000000000
2.994871794871795	60	539.505409168388724	24814.017703267105389	0.152500000000000	0.112500000000000	0.735000000000000
2.994871794871795	61	539.506012098429892	24814.012361918663373	0.152500000000000	0.112500000000000	0.735000000000000
2.994871794871795	62	539.281627942133923	24818.466648444922612	0.152500000000000	0.115000000000000	0.732500000000000
2.994871794871795	63	539.234996938019435	24818.660808587370411	0.152500000000000	0.115000000000000	0.732500000000000
2.994871794871795	64	542.256199099023206	24948.450739949825220	0.142500000000000	0.125000000000000	0.732500000000000
2.994871794871795	65	538.880661401557973	25173.844185376794485	0.130000000000000	0.135000000000000	0.735000000000000
2.994871794871795	66	538.902172576203725	25175.798178598863160	0.130000000000000	0.135000000000000	0.735000000000000
2.994871794871795	67	539.322844821646640	25162.782255504229397	0.130000000000000	0.140000000000000	0.730000000000000
2.994871794871795	68	539.272924749470803	25162.869942830002401	0.130000000000000	0.140000000000000	0.730000000000000
2.994871794871795	69	539.278040252092296	25163.224435816977348	0.130000000000000	0.140000000000000	0.730000000000000
2.994871794871795	70	539.295793684759587	25163.902618334454019	0.130000000000000	0.140000000000000	0.730000000000000
2.994871794871795	71	538.768275228196444	25174.132540132643044	0.130000000000000	0.140000000000000	0.730000000000000
2.994871794871795	72	539.673176440171915	25170.208278134148713	0.130000000000000	0.135000000000000	0.735000000000000
2.994871794871795	73	539.579845874636476	25179.861652980885992	0.130000000000000	0.135000000000000	0.735000000000000
2.994871794871795	74	539.542070680328834	25179.783756444754545	0.130000000000000	0.135000000000000	0.735000000000000
2.994871794871795	75	539.475975876940879	25179.229551650980284	0.130000000000000	0.137500000000000	0.732500000000000
2.994871794871795	76	553.831454152892775	25179.145332537653303	0.125000000000000	0.145000000000000	0.730000000000000
2.994871794871795	77	553.745209875383694	25179.745887648714415	0.122500000000000	0.145000000000000	0.732500000000000
2.994871794871795	78	553.950350522901090	25181.588237023599504	0.122500000000000	0.147500000000000	0.730000000000000
2.994871794871795	79	554.017618133133851	25182.151346888567787	0.122500000000000	0.147500000000000	0.730000000000000
2.994871794871795	80	553.963023297843165	25180.481066758202360	0.122500000000000	0.147500000000000	0.730000000000000
2.994871794871795	81	554.144850639068068	25180.428322150437452	0.122500000000000	0.147500000000000	0.730000000000000
2.994871794871795	82	558.289460773993483	25255.886750540132198	0.120000000000000	0.155000000000000	0.725000000000000
2.994871794871795	83	558.325645297081110	25257.760166293577640	0.120000000000000	0.155000000000000	0.725000000000000
2.994871794871795	84	565.518100669376850	25395.481644904502900	0.132500000000000	0.130000000000000	0.737500000000000
2.994871794871795	85	565.611408261891143	25394.723983158190094	0.132500000000000	0.127500000000000	0.740000000000000
2.994871794871795	86	566.334321833680747	25387.034861927626480	0.132500000000000	0.137500000000000	0.730000000000000
2.994871794871795	87	566.128484822166115	25384.268809137578501	0.132500000000000	0.142500000000000	0.725000000000000
2.994871794871795	88	742.028797871776192	26527.327878616844828	0.095000000000000	0.112500000000000	0.792500000000000
2.994871794871795	89	738.611944810038153	26546.970418383971264	0.092500000000000	0.130000000000000	0.777500000000000
2.994871794871795	90	739.642490313642838	26542.114968001387751	0.092500000000000	0.127500000000000	0.780000000000000
2.994871794871795	91	739.161372690702478	26539.713800996425562	0.092500000000000	0.127500000000000	0.780000000000000
2.994871794871795	92	741.142089019241666	26561.800571543648402	0.090000000000000	0.127500000000000	0.782500000000000
2.994871794871795	93	742.016505161864870	26569.060426746651501	0.090000000000000	0.132500000000000	0.777500000000000
2.994871794871795	94	741.709762949225023	26568.450623330132657	0.090000000000000	0.132500000000000	0.777500000000000
2.994871794871795	95	738.397631287593640	26560.048396634712844	0.090000000000000	0.130000000000000	0.780000000000000
2.994871794871795	96	740.037894994486919	26541.123905399304931	0.087500000000000	0.135000000000000	0.777500000000000
2.994871794871795	97	740.067746310675375	26542.360160916381574	0.087500000000000	0.137500000000000	0.775000000000000
2.994871794871795	98	739.955839533530025	26540.083280543072760	0.087500000000000	0.137500000000000	0.775000000000000
2.994871794871795	99	751.955693706359511	26556.414956360746146	0.092500000000000	0.127500000000000	0.780000000000000
2.994871794871795	100	806.935076151940962	26717.646526165750402	0.077500000000000	0.150000000000000	0.772500000000000
2.994871794871795	101	806.596682236926767	26721.766106521648908	0.077500000000000	0.150000000000000	0.772500000000000
2.994871794871795	102	806.604547972824662	26723.868522118922556	0.077500000000000	0.150000000000000	0.772500000000000
2.994871794871795	103	806.350436520973290	26721.595885165010259	0.077500000000000	0.150000000000000	0.772500000000000
2.994871794871795	104	806.810477058406832	26726.405263705968537	0.077500000000000	0.150000000000000	0.772500000000000
2.994871794871795	105	806.901596689743769	26726.945730341049057	0.077500000000000	0.152500000000000	0.770000000000000
2.994871794871795	106	806.810542497281403	26726.662234979743516	0.077500000000000	0.152500000000000	0.770000000000000
2.994871794871795	107	806.930512768617177	26725.871691547894443	0.077500000000000	0.152500000000000	0.770000000000000
2.994871794871795	108	811.209381314302732	26749.924516719627718	0.070000000000000	0.165000000000000	0.765000000000000
2.994871794871795	109	803.594173917653393	26896.460210022858519	0.067500000000000	0.165000000000000	0.767500000000000
2.994871794871795	110	804.124636797500330	26895.858354857613449	0.065000000000000	0.170000000000000	0.765000000000000
2.994871794871795	111	804.254247763018498	26900.160334101376066	0.067500000000000	0.170000000000000	0.762500000000000
2.994871794871795	112	804.260600887153942	26900.145612619682652	0.067500000000000	0.170000000000000	0.762500000000000
2.994871794871795	113	804.318562785860195	26900.070239459775621	0.067500000000000	0.170000000000000	0.762500000000000
2.994871794871795	114	804.355239010981677	26900.504122684083995	0.067500000000000	0.170000000000000	0.762500000000000
2.994871794871795	115	804.021200822426295	26898.849296774315007	0.067500000000000	0.172500000000000	0.760000000000000
2.994871794871795	116	797.707315776551695	26692.181931232858915	0.075000000000000	0.147500000000000	0.777500000000000
2.994871794871795	117	797.722660887931283	26692.008019524029805	0.075000000000000	0.147500000000000	0.777500000000000
2.994871794871795	118	797.729505251094110	26690.710636452258768	0.077500000000000	0.145000000000000	0.777500000000000
2.994871794871795	119	799.075813599168669	26680.689985305365553	0.082500000000000	0.137500000000000	0.780000000000000
2.994871794871795	120	803.113740799033280	26682.234502059414808	0.072500000000000	0.160000000000000	0.767500000000000
2.994871794871795	121	796.984362609409004	26652.591374539486424	0.077500000000000	0.150000000000000	0.772500000000000
2.994871794871795	122	786.339413588318280	26667.597813999051141	0.077500000000000	0.152500000000000	0.770000000000000
2.994871794871795	123	786.530175316689906	26667.657642033158481	0.077500000000000	0.150000000000000	0.772500000000000
2.994871794871795	124	786.634020825543871	26667.745917131138413	0.077500000000000	0.150000000000000	0.772500000000000
2.994871794871795	125	977.734944513811797	27435.377817864246026	0.052500000000000	0.160000000000000	0.787500000000000
2.994871794871795	126	977.465922023910139	27431.961717056357884	0.052500000000000	0.160000000000000	0.787500000000000
2.994871794871795	127	982.597355515093454	27443.550540180556709	0.050000000000000	0.165000000000000	0.785000000000000
2.994871794871795	128	982.620809917763495	27443.541821616985544	0.050000000000000	0.165000000000000	0.785000000000000
2.994871794871795	129	983.103282458068975	27444.158411761025491	0.047500000000000	0.167500000000000	0.785000000000000
2.994871794871795	130	983.291324091120941	27443.087135068821226	0.050000000000000	0.167500000000000	0.782500000000000
2.994871794871795	131	983.289316439054460	27443.130001516405173	0.050000000000000	0.167500000000000	0.782500000000000
2.994871794871795	132	983.411157461971015	27443.135788030896947	0.050000000000000	0.167500000000000	0.782500000000000
2.994871794871795	133	981.897388019510004	27438.740181353226944	0.052500000000000	0.162500000000000	0.785000000000000
2.994871794871795	134	983.037156696123930	27435.367940453055780	0.052500000000000	0.162500000000000	0.785000000000000
2.994871794871795	135	983.137852524219852	27436.045507488128351	0.052500000000000	0.162500000000000	0.785000000000000
2.994871794871795	136	984.530773556591157	27439.923410060669994	0.050000000000000	0.165000000000000	0.785000000000000
2.994871794871795	137	955.554107526897269	27592.851766350780963	0.037500000000000	0.180000000000000	0.782500000000000
2.994871794871795	138	947.406170791262525	27587.792091202809388	0.040000000000000	0.175000000000000	0.785000000000000
2.994871794871795	139	952.323333159262006	27606.942773766721075	0.035000000000000	0.185000000000000	0.780000000000000
2.995128205128205	50	282.194386937000502	22345.699487919082458	0.207500000000000	0.120000000000000	0.672500000000000
2.995128205128205	51	281.971807877213791	22358.905929746146285	0.207500000000000	0.120000000000000	0.672500000000000
2.995128205128205	52	283.492474635053213	22353.066521943761472	0.205000000000000	0.120000000000000	0.675000000000000
2.995128205128205	53	285.837054962587956	22356.172144456715614	0.205000000000000	0.120000000000000	0.675000000000000
2.995128205128205	54	285.356248655725608	22373.736057333164354	0.207500000000000	0.117500000000000	0.675000000000000
2.995128205128205	55	285.912786514892730	22384.175386245653499	0.207500000000000	0.120000000000000	0.672500000000000
2.995128205128205	56	285.659152463070939	22384.184867200001463	0.207500000000000	0.120000000000000	0.672500000000000
2.995128205128205	57	306.683752410513364	22789.937382487987634	0.202500000000000	0.110000000000000	0.687500000000000
2.995128205128205	58	430.404344260396783	24364.233291128646670	0.160000000000000	0.120000000000000	0.720000000000000
2.995128205128205	59	436.580647084406678	24336.806701772740780	0.152500000000000	0.132500000000000	0.715000000000000
2.995128205128205	60	435.777723709148574	24357.836847734397452	0.157500000000000	0.130000000000000	0.712500000000000
2.995128205128205	61	435.634592933751833	24357.599513556051534	0.152500000000000	0.135000000000000	0.712500000000000
2.995128205128205	62	435.640682444050299	24359.045224037159642	0.152500000000000	0.135000000000000	0.712500000000000
2.995128205128205	63	435.601401613789619	24358.968837413161964	0.152500000000000	0.135000000000000	0.712500000000000
2.995128205128205	64	439.027750723837187	24523.809199635710684	0.150000000000000	0.145000000000000	0.705000000000000
2.995128205128205	65	438.557509739382397	24745.115598675176443	0.135000000000000	0.150000000000000	0.715000000000000
2.995128205128205	66	438.789155005812859	24745.428286577549443	0.135000000000000	0.150000000000000	0.715000000000000
2.995128205128205	67	438.561137494790046	24748.850473960574163	0.135000000000000	0.155000000000000	0.710000000000000
2.995128205128205	68	438.726935875615254	24751.477080974895216	0.135000000000000	0.155000000000000	0.710000000000000
2.995128205128205	69	438.601260743719308	24751.119101952488563	0.135000000000000	0.150000000000000	0.715000000000000
2.995128205128205	70	438.205217053249271	24757.646013879741076	0.135000000000000	0.150000000000000	0.715000000000000
2.995128205128205	71	437.503207424085360	24769.915607500726765	0.140000000000000	0.145000000000000	0.715000000000000
2.995128205128205	72	438.571662741348632	24769.618835653025599	0.137500000000000	0.155000000000000	0.707500000000000
2.995128205128205	73	437.198168711862479	24804.158174356736708	0.135000000000000	0.152500000000000	0.712500000000000
2.995128205128205	74	437.666182437464556	24806.017501921262010	0.132500000000000	0.155000000000000	0.712500000000000
2.995128205128205	75	437.925076899835972	24806.072442695854988	0.132500000000000	0.155000000000000	0.712500000000000
2.995128205128205	76	466.673340418073792	24870.028369574676617	0.130000000000000	0.167500000000000	0.702500000000000
2.995128205128205	77	466.542070737913605	24870.899330800737516	0.130000000000000	0.167500000000000	0.702500000000000
2.995128205128205	78	466.779534475292053	24872.921936012149672	0.130000000000000	0.167500000000000	0.702500000000000
2.995128205128205	79	466.795860171658489	24872.974338680385699	0.130000000000000	0.167500000000000	0.702500000000000
2.995128205128205	80	466.816508114083604	24873.903687586513115	0.130000000000000	0.167500000000000	0.702500000000000
2.995128205128205	81	466.773625146102290	24873.339662698155735	0.130000000000000	0.170000000000000	0.700000000000000
2.995128205128205	82	470.331495308749140	24919.508763233578065	0.122500000000000	0.180000000000000	0.697500000000000
2.995128205128205	83	470.081014775597794	24916.780622056008724	0.122500000000000	0.180000000000000	0.697500000000000
2.995128205128205	84	481.590684344677527	24998.298789839009260	0.137500000000000	0.150000000000000	0.712500000000000
2.995128205128205	85	481.577569750767282	24999.040086116801831	0.137500000000000	0.155000000000000	0.707500000000000
2.995128205128205	86	481.733112037904675	24999.549666813065414	0.137500000000000	0.152500000000000	0.710000000000000
2.995128205128205	87	481.878499468549137	25001.081162123940885	0.137500000000000	0.155000000000000	0.707500000000000
2.995128205128205	88	622.792307518453981	25977.488283314607543	0.102500000000000	0.132500000000000	0.765000000000000
2.995128205128205	89	618.982460926835643	25993.052087879972532	0.097500000000000	0.150000000000000	0.752500000000000
2.995128205128205	90	619.755708714908792	25991.558263908718800	0.097500000000000	0.150000000000000	0.752500000000000
2.995128205128205	91	619.741722890831056	25991.963812439760659	0.097500000000000	0.150000000000000	0.752500000000000
2.995128205128205	92	622.283506558749195	26027.185888951600646	0.097500000000000	0.147500000000000	0.755000000000000
2.995128205128205	93	621.735178307861474	26023.153898293701786	0.097500000000000	0.145000000000000	0.757500000000000
2.995128205128205	94	621.725503614194281	26025.766680296437698	0.100000000000000	0.142500000000000	0.757500000000000
2.995128205128205	95	619.844365650449731	26034.608443284210807	0.097500000000000	0.152500000000000	0.750000000000000
2.995128205128205	96	625.519399361607498	26044.725275771867018	0.092500000000000	0.165000000000000	0.742500000000000
2.995128205128205	97	625.630788903842131	26042.545145072585001	0.092500000000000	0.165000000000000	0.742500000000000
2.995128205128205	98	625.603695531893663	26041.448944680174463	0.092500000000000	0.165000000000000	0.742500000000000
2.995128205128205	99	640.585841878236124	25976.611894337082049	0.100000000000000	0.140000000000000	0.760000000000000
2.995128205128205	100	694.941537924766976	26101.036429570020118	0.085000000000000	0.162500000000000	0.752500000000000
2.995128205128205	101	693.363130158568197	26093.885431894323119	0.080000000000000	0.170000000000000	0.750000000000000
2.995128205128205	102	693.761509937484902	26122.356111783039523	0.077500000000000	0.172500000000000	0.750000000000000
2.995128205128205	103	693.822446220769962	26122.659564947003673	0.077500000000000	0.172500000000000	0.750000000000000
2.995128205128205	104	695.613999930149816	26139.993561733164825	0.080000000000000	0.172500000000000	0.747500000000000
2.995128205128205	105	695.220744494085125	26140.025564828938514	0.080000000000000	0.177500000000000	0.742500000000000
2.995128205128205	106	695.977206426079647	26141.794339502906951	0.080000000000000	0.167500000000000	0.752500000000000
2.995128205128205	107	695.636530365068666	26142.173161385788262	0.080000000000000	0.172500000000000	0.747500000000000
2.995128205128205	108	688.731815534009229	26204.152606134157395	0.077500000000000	0.180000000000000	0.742500000000000
2.995128205128205	109	687.354051289922154	26371.682411007866904	0.067500000000000	0.182500000000000	0.750000000000000
2.995128205128205	110	686.632833457725724	26361.149323090270627	0.067500000000000	0.180000000000000	0.752500000000000
2.995128205128205	111	686.269664133889478	26361.658856915928482	0.070000000000000	0.177500000000000	0.752500000000000
2.995128205128205	112	686.255689284134860	26361.768319937516935	0.070000000000000	0.175000000000000	0.755000000000000
2.995128205128205	113	686.733487888759100	26365.723692268875311	0.070000000000000	0.175000000000000	0.755000000000000
2.995128205128205	114	686.836961255914730	26366.073995701281092	0.067500000000000	0.180000000000000	0.752500000000000
2.995128205128205	115	687.376902632002498	26365.550648702192120	0.070000000000000	0.177500000000000	0.752500000000000
2.995128205128205	116	709.676676399745702	26274.507655418699869	0.087500000000000	0.155000000000000	0.757500000000000
2.995128205128205	117	709.691035760894465	26274.363711773137766	0.087500000000000	0.155000000000000	0.757500000000000
2.995128205128205	118	709.012772374152632	26275.106565035919630	0.087500000000000	0.160000000000000	0.752500000000000
2.995128205128205	119	709.037886484183332	26275.510310539022612	0.087500000000000	0.160000000000000	0.752500000000000
2.995128205128205	120	710.069708848498635	26260.969396040509309	0.082500000000000	0.162500000000000	0.755000000000000
2.995128205128205	121	711.655344871074703	26239.935123770403152	0.080000000000000	0.170000000000000	0.750000000000000
2.995128205128205	122	714.210425969867515	26275.074450816908211	0.080000000000000	0.175000000000000	0.745000000000000
2.995128205128205	123	713.813203921661511	26275.931120770786947	0.080000000000000	0.170000000000000	0.750000000000000
2.995128205128205	124	713.757348487245963	26276.024595744500402	0.080000000000000	0.170000000000000	0.750000000000000
2.995128205128205	125	856.070829917011793	26913.550799172357074	0.055000000000000	0.180000000000000	0.765000000000000
2.995128205128205	126	857.789044004058724	26912.746824484631361	0.057500000000000	0.177500000000000	0.765000000000000
2.995128205128205	127	859.753169183686964	26900.761183129485289	0.057500000000000	0.185000000000000	0.757500000000000
2.995128205128205	128	859.761788512450039	26900.579549908437912	0.057500000000000	0.185000000000000	0.757500000000000
2.995128205128205	129	860.549767502137684	26901.103679645519151	0.057500000000000	0.185000000000000	0.757500000000000
2.995128205128205	130	860.399414878881657	26902.781291212068027	0.057500000000000	0.182500000000000	0.760000000000000
2.995128205128205	131	860.170785771501869	26901.916565658309992	0.057500000000000	0.182500000000000	0.760000000000000
2.995128205128205	132	860.165323425520000	26901.857266329414415	0.057500000000000	0.182500000000000	0.760000000000000
2.995128205128205	133	858.490848112298750	26905.160489754711307	0.057500000000000	0.182500000000000	0.760000000000000
2.995128205128205	134	859.116626625008053	26903.509346382837975	0.057500000000000	0.182500000000000	0.760000000000000
2.995128205128205	135	860.562518406831373	26906.439341378594690	0.057500000000000	0.182500000000000	0.760000000000000
2.995128205128205	136	861.698739912029964	26920.318286826226540	0.055000000000000	0.190000000000000	0.755000000000000
2.995128205128205	137	858.857182149864684	26984.425290664552449	0.045000000000000	0.200000000000000	0.755000000000000
2.995128205128205	138	850.756611475481918	27041.371040631813230	0.052500000000000	0.187500000000000	0.760000000000000
2.995128205128205	139	855.714982739023185	27043.590330031711346	0.050000000000000	0.200000000000000	0.750000000000000
2.995384615384615	50	212.279430076532236	22177.920993318661203	0.210000000000000	0.132500000000000	0.657500000000000
2.995384615384615	51	211.470499362042688	22192.792946344583470	0.212500000000000	0.130000000000000	0.657500000000000
2.995384615384615	52	217.377735119837638	22174.194306932215113	0.220000000000000	0.117500000000000	0.662500000000000
2.995384615384615	53	218.425742573618834	22178.719664107506105	0.225000000000000	0.112500000000000	0.662500000000000
2.995384615384615	54	218.405131705587422	22180.308804301690543	0.227500000000000	0.110000000000000	0.662500000000000
2.995384615384615	55	218.388697773812765	22180.702500589661213	0.227500000000000	0.107500000000000	0.665000000000000
2.995384615384615	56	218.280205310901380	22179.125786752010754	0.225000000000000	0.112500000000000	0.662500000000000
2.995384615384615	57	233.985540381127265	22523.710388523591973	0.202500000000000	0.125000000000000	0.672500000000000
2.995384615384615	58	358.606933802925710	23921.516555397898628	0.170000000000000	0.122500000000000	0.707500000000000
2.995384615384615	59	361.233325166365148	23884.227343739614298	0.167500000000000	0.142500000000000	0.690000000000000
2.995384615384615	60	360.591179485794498	23888.765088460619154	0.167500000000000	0.142500000000000	0.690000000000000
2.995384615384615	61	360.585765305746634	23886.825154697678954	0.167500000000000	0.142500000000000	0.690000000000000
2.995384615384615	62	360.641362206957297	23886.311495552654378	0.167500000000000	0.137500000000000	0.695000000000000
2.995384615384615	63	361.100760264598250	23891.815686910013028	0.167500000000000	0.137500000000000	0.695000000000000
2.995384615384615	64	364.891759572491594	24046.983045031360234	0.160000000000000	0.147500000000000	0.692500000000000
2.995384615384615	65	360.709797788481808	24310.965842318189971	0.155000000000000	0.145000000000000	0.700000000000000
2.995384615384615	66	361.190066101220680	24310.706090408413729	0.150000000000000	0.150000000000000	0.700000000000000
2.995384615384615	67	360.969486252513377	24316.849031965783070	0.155000000000000	0.147500000000000	0.697500000000000
2.995384615384615	68	361.827338147316539	24313.687645239311678	0.155000000000000	0.152500000000000	0.692500000000000
2.995384615384615	69	362.429375274953202	24313.018328166992433	0.155000000000000	0.152500000000000	0.692500000000000
2.995384615384615	70	361.432901867308203	24318.879248821172951	0.155000000000000	0.150000000000000	0.695000000000000
2.995384615384615	71	361.768263219474932	24319.188088988714298	0.157500000000000	0.147500000000000	0.695000000000000
2.995384615384615	72	362.411512285973345	24320.203339757845242	0.155000000000000	0.147500000000000	0.697500000000000
2.995384615384615	73	358.079436428893814	24410.951660296977934	0.150000000000000	0.157500000000000	0.692500000000000
2.995384615384615	74	358.683319353849129	24410.304213529063418	0.150000000000000	0.162500000000000	0.687500000000000
2.995384615384615	75	358.670752617503808	24410.829478573909000	0.150000000000000	0.162500000000000	0.687500000000000
2.995384615384615	76	385.073281918498367	24499.843886368038511	0.140000000000000	0.165000000000000	0.695000000000000
2.995384615384615	77	384.964336548122958	24499.928327032957895	0.140000000000000	0.162500000000000	0.697500000000000
2.995384615384615	78	384.954520261645712	24499.902813712920761	0.140000000000000	0.162500000000000	0.697500000000000
2.995384615384615	79	384.859833958384229	24501.429845124792337	0.137500000000000	0.165000000000000	0.697500000000000
2.995384615384615	80	385.219991763261817	24503.953266708289448	0.140000000000000	0.162500000000000	0.697500000000000
2.995384615384615	81	384.676177012933294	24503.550610083504580	0.137500000000000	0.165000000000000	0.697500000000000
2.995384615384615	82	384.105536815784092	24516.854257237089769	0.137500000000000	0.165000000000000	0.697500000000000
2.995384615384615	83	384.149010333029366	24516.700333254280849	0.137500000000000	0.165000000000000	0.697500000000000
2.995384615384615	84	419.811003421426847	24598.669301511228696	0.140000000000000	0.162500000000000	0.697500000000000
2.995384615384615	85	419.827064889462974	24598.640951817629684	0.140000000000000	0.167500000000000	0.692500000000000
2.995384615384615	86	419.906656814501105	24600.768747456357232	0.140000000000000	0.170000000000000	0.690000000000000
2.995384615384615	87	418.890073420195677	24602.691682874094113	0.140000000000000	0.177500000000000	0.682500000000000
2.995384615384615	88	504.277463474446563	25406.062351137341466	0.117500000000000	0.147500000000000	0.735000000000000
2.995384615384615	89	499.993853635533583	25406.222712926188251	0.110000000000000	0.157500000000000	0.732500000000000
2.995384615384615	90	499.123023124550969	25410.951144260368892	0.110000000000000	0.157500000000000	0.732500000000000
2.995384615384615	91	498.850213569406435	25414.749005936995673	0.112500000000000	0.155000000000000	0.732500000000000
2.995384615384615	92	498.436572156352440	25439.754086210268724	0.112500000000000	0.157500000000000	0.730000000000000
2.995384615384615	93	498.298124766714409	25439.267431756707083	0.112500000000000	0.155000000000000	0.732500000000000
2.995384615384615	94	498.219290444140370	25441.016030363101891	0.112500000000000	0.155000000000000	0.732500000000000
2.995384615384615	95	500.214927373295552	25421.321466090052127	0.112500000000000	0.157500000000000	0.730000000000000
2.995384615384615	96	513.202190533963289	25416.070921303493378	0.100000000000000	0.172500000000000	0.727500000000000
2.995384615384615	97	513.257212020545239	25415.085963462395739	0.100000000000000	0.172500000000000	0.727500000000000
2.995384615384615	98	513.344762856534317	25415.466014402718429	0.100000000000000	0.172500000000000	0.727500000000000
2.995384615384615	99	537.366095556878463	25474.351675119669380	0.107500000000000	0.165000000000000	0.727500000000000
2.995384615384615	100	595.723143193838268	25486.409719162194961	0.097500000000000	0.172500000000000	0.730000000000000
2.995384615384615	101	596.072741332849660	25489.213471712024329	0.095000000000000	0.172500000000000	0.732500000000000
2.995384615384615	102	596.265174971423107	25502.907120416817634	0.092500000000000	0.185000000000000	0.722500000000000
2.995384615384615	103	596.464471559697472	25504.601078959181905	0.092500000000000	0.185000000000000	0.722500000000000
2.995384615384615	104	601.156772236887718	25520.276953649648931	0.092500000000000	0.185000000000000	0.722500000000000
2.995384615384615	105	601.062021591018720	25519.459104629077046	0.092500000000000	0.185000000000000	0.722500000000000
2.995384615384615	106	600.936518061761944	25518.562837407484039	0.092500000000000	0.185000000000000	0.722500000000000
2.995384615384615	107	601.001896580336052	25518.890238343134115	0.092500000000000	0.185000000000000	0.722500000000000
2.995384615384615	108	597.068838725894693	25667.029340057048103	0.090000000000000	0.187500000000000	0.722500000000000
2.995384615384615	109	575.025489671807577	25822.936075228182744	0.082500000000000	0.192500000000000	0.725000000000000
2.995384615384615	110	574.200191655546291	25814.948943103710917	0.082500000000000	0.192500000000000	0.725000000000000
2.995384615384615	111	574.191846964693354	25815.175461086517316	0.082500000000000	0.192500000000000	0.725000000000000
2.995384615384615	112	574.150982309643041	25815.643183502892498	0.082500000000000	0.192500000000000	0.725000000000000
2.995384615384615	113	574.302370521794273	25816.992997388602816	0.082500000000000	0.190000000000000	0.727500000000000
2.995384615384615	114	574.445921385827205	25817.343326793583401	0.082500000000000	0.195000000000000	0.722500000000000
2.995384615384615	115	574.510827538415697	25817.446410934357118	0.082500000000000	0.197500000000000	0.720000000000000
2.995384615384615	116	622.248143959877325	25806.507670292437979	0.092500000000000	0.165000000000000	0.742500000000000
2.995384615384615	117	622.162181271206919	25807.541075311539316	0.092500000000000	0.165000000000000	0.742500000000000
2.995384615384615	118	622.266921385552109	25802.410732654920139	0.092500000000000	0.165000000000000	0.742500000000000
2.995384615384615	119	621.567315162857767	25800.060893730937096	0.095000000000000	0.167500000000000	0.737500000000000
2.995384615384615	120	620.119022913764752	25802.847622513949318	0.087500000000000	0.172500000000000	0.740000000000000
2.995384615384615	121	640.907806117673204	25806.104499911649327	0.085000000000000	0.180000000000000	0.735000000000000
2.995384615384615	122	652.480164109688872	25912.208821119351342	0.085000000000000	0.180000000000000	0.735000000000000
2.995384615384615	123	653.258856509140287	25913.332575317090232	0.085000000000000	0.187500000000000	0.727500000000000
2.995384615384615	124	653.071282404685689	25911.591677904423705	0.090000000000000	0.180000000000000	0.730000000000000
2.995384615384615	125	733.266007001480830	26292.050453672862204	0.067500000000000	0.192500000000000	0.740000000000000
2.995384615384615	126	733.208676802384957	26287.897630080431554	0.070000000000000	0.185000000000000	0.745000000000000
2.995384615384615	127	734.673231680648541	26285.963795583662431	0.070000000000000	0.185000000000000	0.745000000000000
2.995384615384615	128	734.631350713173447	26286.754444896523637	0.070000000000000	0.185000000000000	0.745000000000000
2.995384615384615	129	735.037215046378265	26284.561308780303079	0.070000000000000	0.185000000000000	0.745000000000000
2.995384615384615	130	734.815220444427609	26286.083880233221862	0.070000000000000	0.185000000000000	0.745000000000000
2.995384615384615	131	734.808614897331495	26286.203110890135576	0.070000000000000	0.185000000000000	0.745000000000000
2.995384615384615	132	734.983251878729106	26288.243271955852833	0.067500000000000	0.187500000000000	0.745000000000000
2.995384615384615	133	732.942096978393465	26292.931329000595724	0.070000000000000	0.187500000000000	0.742500000000000
2.995384615384615	134	732.146128834372689	26293.268248936950840	0.070000000000000	0.187500000000000	0.742500000000000
2.995384615384615	135	732.190629287283514	26289.194261531811208	0.067500000000000	0.190000000000000	0.742500000000000
2.995384615384615	136	731.635900730394042	26301.848346322771249	0.062500000000000	0.195000000000000	0.742500000000000
2.995384615384615	137	761.773577550904065	26402.379778419963259	0.062500000000000	0.202500000000000	0.735000000000000
2.995384615384615	138	759.943307415379991	26430.125707209132088	0.060000000000000	0.205000000000000	0.735000000000000
2.995384615384615	139	763.449025214663152	26429.123229060845915	0.062500000000000	0.202500000000000	0.735000000000000
2.995641025641026	50	121.168162123484677	21513.834598433935753	0.222500000000000	0.175000000000000	0.602500000000000
2.995641025641026	51	121.395645617640739	21522.638969077510410	0.222500000000000	0.170000000000000	0.607500000000000
2.995641025641026	52	121.817673217204714	21534.206483277605003	0.222500000000000	0.172500000000000	0.605000000000000
2.995641025641026	53	121.844039433094139	21578.505522370043764	0.227500000000000	0.182500000000000	0.590000000000000
2.995641025641026	54	122.228544657177565	21580.749201777238341	0.230000000000000	0.177500000000000	0.592500000000000
2.995641025641026	55	121.935834748137339	21581.032454617245094	0.230000000000000	0.180000000000000	0.590000000000000
2.995641025641026	56	122.218170750077945	21576.318463865405647	0.225000000000000	0.190000000000000	0.585000000000000
2.995641025641026	57	133.432955434314181	22097.137066006645910	0.207500000000000	0.177500000000000	0.615000000000000
2.995641025641026	58	287.094687008820472	23352.239817785441119	0.180000000000000	0.150000000000000	0.670000000000000
2.995641025641026	59	291.867771584279353	23294.526339188112615	0.175000000000000	0.157500000000000	0.667500000000000
2.995641025641026	60	293.372200420435604	23291.698147177001374	0.175000000000000	0.157500000000000	0.667500000000000
2.995641025641026	61	293.455940675893714	23292.010764005179226	0.175000000000000	0.157500000000000	0.667500000000000
2.995641025641026	62	293.757365966216639	23290.898027091658150	0.175000000000000	0.157500000000000	0.667500000000000
2.995641025641026	63	293.319802298880120	23299.226885585208947	0.175000000000000	0.157500000000000	0.667500000000000
2.995641025641026	64	305.047040997499835	23623.760166472617129	0.162500000000000	0.170000000000000	0.667500000000000
2.995641025641026	65	300.302183711618966	23918.690761833386205	0.160000000000000	0.172500000000000	0.667500000000000
2.995641025641026	66	300.402731090179088	23926.720597397998063	0.160000000000000	0.167500000000000	0.672500000000000
2.995641025641026	67	301.680121176101920	23954.193786760330113	0.155000000000000	0.177500000000000	0.667500000000000
2.995641025641026	68	301.614274779766959	23953.690800106269307	0.155000000000000	0.177500000000000	0.667500000000000
2.995641025641026	69	301.447375627334679	23956.271171659318497	0.155000000000000	0.177500000000000	0.667500000000000
2.995641025641026	70	301.352010444714210	23957.546313712336996	0.155000000000000	0.172500000000000	0.672500000000000
2.995641025641026	71	300.806356679418400	23945.944697734914371	0.155000000000000	0.175000000000000	0.670000000000000
2.995641025641026	72	300.541176576820590	23950.707302140079264	0.155000000000000	0.172500000000000	0.672500000000000
2.995641025641026	73	299.323510731765793	24124.566474293173087	0.147500000000000	0.177500000000000	0.675000000000000